%Atmospheric Pressure [Pa],Atmospheric Temperature [K],Atmospheric Density [kg/m^3],Airspeed [m/s],Pitot Dynamic Pressure [Pa],Aux Dynamic Pressure [Pa],Scanivalve Pressure 1 [Pa],Scanivalve Pressure 2 [Pa],Scanivalve Pressure 3 [Pa],Scanivalve Pressure 4 [Pa],Scanivalve Pressure 5 [Pa],Scanivalve Pressure 6 [Pa],Scanivalve Pressure 7 [Pa],Scanivalve Pressure 8 [Pa],Scanivalve Pressure 9 [Pa],Scanivalve Pressure 10 [Pa],Scanivalve Pressure 11 [Pa],Scanivalve Pressure 12 [Pa],Scanivalve Pressure 13 [Pa],Scanivalve Pressure 14 [Pa],Scanivalve Pressure 15 [Pa],Scanivalve Pressure 16 [Pa],Angle of Attack [deg],Sting Normal Force [N],Sting Axial Force [N],Sting Pitching Moment [Nm],ELD Probe X axis [mm],ELD Probe Y axis [mm]
100816.290,302.259,1.162,25.069,365.129,235.409,-2.378,-1.783,0.642,0.941,-0.432,-2.179,-2.242,-1.926,-0.335,-1.667,0.634,-2.973,1.780,-0.731,-0.415,-0.901,0.000,60.609,29.944,-1.543,126.534,1.182
100816.290,302.262,1.162,25.069,365.129,235.569,-3.026,-2.563,0.321,0.627,-0.216,-2.594,-1.708,-2.461,-0.893,-1.146,0.106,-2.655,1.571,-0.313,-0.622,-1.126,0.000,60.609,29.944,-1.543,126.485,1.213
100812.259,302.268,1.162,25.059,364.813,235.249,-2.162,-2.452,0.107,1.150,-1.079,-2.283,-1.708,-2.461,-1.339,-1.355,0.951,-3.504,1.256,-0.000,-0.104,-2.139,0.000,60.609,29.944,-1.543,126.452,1.203
100816.290,302.263,1.162,25.064,364.971,235.729,-2.810,-2.006,-0.534,0.836,-0.648,-2.491,-1.815,-2.033,-0.893,-1.459,1.056,-2.973,1.047,-0.000,-0.207,-1.463,0.000,60.609,29.944,-1.543,126.469,1.203
100824.353,302.268,1.162,25.063,364.971,235.729,-2.810,-1.895,0.107,0.418,-0.324,-2.283,-2.563,-2.461,-1.674,-1.042,1.056,-2.655,1.675,-0.731,-0.104,-1.126,0.000,60.609,29.944,-1.543,126.485,1.192
100812.259,302.265,1.162,25.073,365.208,235.409,-3.675,-2.006,-0.000,1.359,-0.648,-2.698,-1.708,-2.461,-1.451,-0.729,0.951,-2.548,1.256,-0.209,-0.726,-0.901,0.000,60.609,29.944,-1.543,126.501,1.213
100812.259,302.262,1.162,25.062,364.892,235.409,-2.702,-2.452,-0.641,0.732,-0.000,-2.594,-2.242,-1.498,-1.786,-1.667,1.056,-2.761,1.152,0.314,-0.207,-1.688,0.000,60.609,29.944,-1.543,126.404,1.203
100824.353,302.265,1.162,25.063,364.971,235.249,-3.351,-1.895,-0.534,0.627,-0.000,-2.075,-2.136,-1.712,-0.670,-2.084,1.056,-2.655,1.152,-0.522,-0.311,-1.013,0.000,60.609,29.944,-1.543,126.436,1.203
100812.259,302.262,1.162,25.062,364.892,235.089,-2.702,-2.341,0.428,0.732,-0.540,-2.075,-1.708,-2.033,-0.893,-0.208,0.528,-2.124,1.152,-0.836,0.000,-0.901,0.000,60.609,29.944,-1.543,126.371,1.182
100812.259,302.265,1.162,25.067,365.050,234.768,-2.486,-2.898,-0.107,1.255,-0.648,-2.283,-2.136,-2.247,-1.339,-1.146,0.951,-3.610,1.256,-0.313,-0.829,-1.351,0.000,60.609,29.944,-1.543,126.387,1.203
100816.290,302.263,1.162,25.059,364.813,234.768,-2.918,-1.672,-0.214,0.732,-0.000,-2.906,-1.388,-2.354,-1.005,-1.250,1.162,-2.442,1.780,-0.836,-0.518,-1.801,0.000,60.609,29.944,-1.543,126.371,1.203
100808.228,302.263,1.162,25.051,364.576,234.448,-2.918,-1.895,0.107,0.732,-0.324,-2.075,-2.242,-2.140,-0.781,-2.188,0.845,-2.548,1.466,-0.104,-0.311,-1.126,0.000,60.609,29.944,-1.543,126.355,1.213
100812.259,302.265,1.162,25.048,364.497,234.608,-3.675,-2.452,-0.321,0.836,-0.000,-2.075,-1.815,-3.103,-1.005,-1.250,0.739,-2.124,1.361,-0.627,-0.104,-1.013,0.000,60.609,29.944,-1.543,126.306,1.203
100812.259,302.263,1.162,25.048,364.497,234.288,-2.810,-3.232,-0.000,0.627,-0.540,-2.387,-1.922,-1.712,-1.786,-1.876,1.162,-3.079,1.466,-0.104,-0.415,-1.801,0.000,60.609,29.944,-1.543,126.289,1.203
100820.322,302.267,1.162,25.050,364.576,234.288,-2.810,-1.560,-0.748,1.045,-0.324,-3.009,-1.922,-2.461,-1.228,-1.771,0.951,-2.655,1.152,-0.000,-0.207,-1.238,0.000,60.609,29.944,-1.543,126.289,1.203
100816.290,302.265,1.162,25.053,364.655,234.608,-3.242,-2.006,-0.000,0.000,-0.648,-2.491,-2.242,-2.247,-1.116,-1.563,0.634,-2.336,1.361,-0.940,-0.104,-1.013,0.000,60.609,29.944,-1.543,126.257,1.213
100812.259,302.268,1.162,25.054,364.655,234.288,-3.890,-2.675,-0.214,0.941,-0.756,-2.387,-1.495,-3.317,-1.005,-1.459,1.162,-2.336,1.466,0.209,-0.829,-1.463,0.000,60.609,29.944,-1.543,126.224,1.213
100820.322,302.267,1.162,25.045,364.418,234.448,-3.134,-2.898,-0.214,0.627,-0.864,-2.906,-1.815,-2.033,-1.674,-1.355,1.268,-2.973,1.571,0.314,0.311,-1.688,0.000,60.609,29.944,-1.543,126.192,1.182
100824.353,302.267,1.162,25.041,364.339,233.968,-3.134,-2.341,-0.428,1.150,-0.432,-2.698,-1.602,-1.712,-0.335,-1.667,0.845,-2.442,1.047,-0.418,-0.207,-0.788,0.000,60.609,29.944,-1.543,126.159,1.192
100824.353,302.267,1.162,25.044,364.418,233.808,-3.674,-2.118,0.535,-0.209,0.108,-2.387,-1.708,-2.782,-1.005,-0.938,0.528,-2.655,1.152,-0.940,-0.311,-1.688,0.000,60.609,29.944,-1.543,126.110,1.192
100804.196,302.271,1.162,25.115,366.394,233.007,-2.486,-1.783,0.107,0.523,-0.216,-2.387,-1.068,-2.782,-1.005,-1.980,0.845,-2.336,0.942,-0.209,0.000,-1.801,0.000,60.609,29.944,-1.543,126.159,1.285
100796.133,302.267,1.162,25.124,366.631,232.847,-3.243,-1.895,0.107,0.627,-0.756,-2.387,-2.456,-2.247,-1.228,-1.876,0.739,-2.867,1.256,-0.836,0.000,-1.351,0.000,60.609,29.944,-1.543,126.192,1.285
100804.196,302.271,1.162,25.120,366.552,232.847,-3.459,-2.452,-0.321,0.105,-0.324,-2.179,-1.708,-3.317,-0.446,-1.042,0.739,-3.079,1.571,-0.209,-0.104,-1.238,0.000,60.609,29.944,-1.543,126.159,1.285
100796.133,302.271,1.162,25.126,366.710,232.847,-2.486,-3.121,0.321,0.627,-0.432,-2.491,-1.922,-1.926,-1.563,-1.355,1.690,-3.292,1.152,-0.209,-0.415,-1.463,0.000,60.609,29.944,-1.543,126.175,1.274
100788.070,302.270,1.162,25.122,366.552,232.847,-3.351,-2.006,-1.176,0.732,-0.108,-2.491,-1.708,-1.819,-1.005,-1.667,0.423,-3.079,1.047,-0.104,-0.311,-1.801,0.000,60.609,29.944,-1.543,126.159,1.285
100800.165,302.270,1.162,25.131,366.868,232.847,-3.134,-2.452,0.214,0.105,-0.432,-1.972,-2.456,-2.140,-0.670,-0.834,0.528,-3.292,1.675,-1.254,-0.207,-1.238,0.000,60.609,29.944,-1.543,126.175,1.295
100804.196,302.270,1.162,25.128,366.789,233.007,-2.702,-2.898,0.107,0.523,-0.432,-2.802,-1.815,-3.103,-1.116,-1.355,0.634,-2.761,1.571,-0.000,-0.622,-1.238,0.000,60.609,29.944,-1.543,126.143,1.285
100800.165,302.276,1.162,25.126,366.710,233.007,-3.026,-2.786,-0.000,0.418,-0.432,-2.491,-2.242,-2.140,-1.898,-1.250,0.634,-2.655,1.047,0.105,-0.207,-2.364,0.000,60.609,29.944,-1.543,126.143,1.274
100804.196,302.273,1.162,25.126,366.710,233.007,-3.243,-2.006,-0.321,0.732,-0.756,-1.972,-1.708,-2.033,-0.558,-2.292,0.845,-2.655,1.361,-0.522,-0.726,-1.351,0.000,60.609,29.944,-1.543,126.143,1.295
100800.165,302.268,1.162,25.120,366.552,233.007,-3.134,-1.783,0.321,0.418,-0.648,-2.387,-1.708,-1.926,-0.670,-0.729,0.317,-2.761,1.361,-0.313,-0.104,-1.126,0.000,60.609,29.944,-1.543,126.159,1.295
100796.133,302.267,1.162,25.118,366.473,233.167,-2.594,-2.118,-0.000,1.464,-0.972,-2.594,-1.708,-2.033,-1.339,-1.146,1.373,-3.504,1.466,-0.313,-0.518,-1.463,0.000,60.609,29.944,-1.543,126.175,1.285
100796.133,302.270,1.162,25.124,366.631,232.847,-2.486,-1.895,-0.321,1.150,0.324,-3.424,-2.136,-2.354,-1.674,-1.042,1.162,-2.442,1.571,-0.836,-0.518,-2.364,0.000,60.609,29.944,-1.543,126.159,1.274
100800.165,302.271,1.162,25.129,366.789,232.847,-3.026,-1.672,0.214,0.523,-0.540,-2.283,-2.242,-2.033,-0.558,-1.771,1.162,-2.867,2.094,-0.522,-0.207,-1.238,0.000,60.609,29.944,-1.543,126.159,1.285
100800.165,302.270,1.162,25.129,366.789,233.328,-3.783,-2.341,-0.000,0.523,-0.432,-2.179,-1.495,-2.140,-0.781,-0.625,0.106,-2.973,1.152,-0.627,0.000,-1.351,0.000,60.609,29.944,-1.543,126.159,1.285
100804.196,302.273,1.162,25.126,366.710,233.648,-2.594,-2.898,-0.214,0.941,-0.648,-2.283,-2.029,-1.605,-1.116,-1.355,1.056,-3.398,1.885,-0.209,0.000,-1.126,0.000,60.609,29.944,-1.543,126.159,1.295
100804.196,302.267,1.162,25.125,366.710,233.488,-3.459,-1.337,-0.428,0.732,0.216,-2.906,-1.495,-2.033,-1.116,-1.563,0.423,-2.442,0.628,-0.418,-0.104,-1.688,0.000,60.609,29.944,-1.543,126.175,1.285
100804.196,302.273,1.162,25.136,367.026,233.488,-2.918,-1.895,0.214,0.209,0.216,-2.075,-2.563,-1.926,-0.670,-1.042,0.951,-2.548,1.571,-0.836,-0.207,-1.351,0.000,60.609,29.944,-1.543,126.159,1.274
100800.165,302.271,1.162,25.134,366.947,233.808,-3.459,-1.783,0.642,1.045,-1.079,-2.594,-1.602,-2.996,-1.228,-0.938,0.951,-2.336,1.361,0.000,0.000,-1.351,0.000,60.609,29.944,-1.543,126.159,1.285
100812.259,302.267,1.162,25.124,366.710,233.648,-2.378,-2.786,0.428,1.254,-0.000,-2.075,-1.922,-1.605,-1.228,-1.459,0.845,-2.761,1.361,-0.313,0.000,-1.688,0.000,60.609,29.944,-1.543,126.159,1.274
100804.196,302.268,1.162,25.131,366.868,233.648,-3.242,-1.895,-0.534,1.150,-0.324,-2.594,-1.708,-2.140,-0.558,-1.980,0.528,-2.867,0.838,-0.313,-0.207,-1.238,0.000,60.609,29.944,-1.543,126.175,1.285
100800.165,302.263,1.162,25.099,365.920,226.604,-3.890,-2.229,0.321,0.209,-0.108,-2.075,-1.602,-2.354,-1.340,-1.875,0.106,-2.548,1.466,-0.418,-0.207,-1.126,0.000,60.609,29.944,-1.543,129.551,1.387
100796.133,302.268,1.162,25.099,365.920,226.764,-2.486,-2.563,-0.321,0.627,-1.079,-2.491,-2.029,-1.926,-1.563,-1.667,1.479,-3.398,1.152,-0.522,-0.829,-2.139,0.000,60.609,29.944,-1.543,129.600,1.387
100796.133,302.267,1.162,25.102,365.999,226.604,-2.594,-2.006,-0.214,1.045,-0.216,-2.698,-1.602,-1.926,-1.228,-1.979,0.951,-2.973,0.942,-0.522,-0.207,-1.463,0.000,60.609,29.944,-1.543,129.568,1.377
100792.102,302.271,1.162,25.103,365.999,226.444,-3.026,-2.452,0.321,0.418,0.108,-2.491,-2.563,-2.033,-1.005,-1.459,0.951,-2.655,1.780,-0.522,-0.207,-1.238,0.000,60.609,29.944,-1.543,129.600,1.397
100792.102,302.265,1.162,25.102,365.999,226.604,-3.782,-2.452,0.428,0.418,-0.108,-1.972,-1.175,-2.675,-0.781,-1.042,0.951,-2.336,1.047,-0.209,-0.622,-1.238,0.000,60.609,29.944,-1.543,129.568,1.377
100792.102,302.267,1.162,25.097,365.840,226.444,-2.702,-3.455,-0.000,1.150,-0.108,-2.283,-1.495,-2.033,-2.009,-1.459,0.423,-3.186,1.466,-0.418,-0.518,-1.463,0.000,60.609,29.944,-1.543,129.535,1.387
100780.007,302.267,1.162,25.101,365.920,226.444,-3.566,-1.895,-0.748,0.314,0.108,-2.491,-2.029,-1.926,-1.116,-2.188,1.162,-2.867,0.733,-0.313,-0.622,-0.788,0.000,60.609,29.944,-1.543,129.551,1.397
100784.039,302.265,1.162,25.103,365.999,227.084,-3.566,-2.341,-0.214,0.418,0.108,-2.283,-1.815,-2.033,-1.228,-1.042,0.528,-3.079,1.257,-0.940,0.311,-1.126,0.000,60.609,29.944,-1.543,129.519,1.387
100788.070,302.263,1.162,25.103,365.999,226.604,-3.026,-2.006,-0.000,0.941,-0.324,-2.387,-1.815,-2.247,-0.893,-1.042,0.951,-2.973,0.942,-0.313,-0.622,-1.126,0.000,60.609,29.944,-1.543,129.519,1.387
100788.070,302.263,1.162,25.108,366.157,226.924,-3.026,-1.895,-0.428,0.836,0.324,-3.113,-2.242,-2.033,-1.005,-1.042,1.479,-2.548,1.152,-0.418,-0.207,-1.688,0.000,60.609,29.944,-1.543,129.535,1.397
100784.039,302.267,1.162,25.112,366.236,227.404,-3.026,-2.118,-0.855,0.941,-0.108,-1.972,-2.029,-2.354,-0.893,-1.979,0.845,-2.548,1.466,-0.836,-0.415,-1.126,0.000,60.609,29.944,-1.543,129.535,1.387
100792.102,302.267,1.162,25.116,366.394,227.244,-3.782,-2.118,0.107,0.627,-0.216,-2.387,-1.495,-2.568,-0.781,-1.354,0.634,-2.761,0.942,-0.313,-0.415,-1.576,0.000,60.609,29.944,-1.543,129.486,1.397
100792.102,302.273,1.162,25.114,366.315,227.404,-3.350,-2.563,-0.107,0.732,-0.648,-2.387,-1.708,-1.926,-1.786,-1.563,1.268,-3.504,0.942,-0.313,-0.311,-1.238,0.000,60.609,29.944,-1.543,129.502,1.387
100792.102,302.265,1.162,25.105,366.078,227.244,-2.594,-1.783,-0.748,1.045,0.216,-2.698,-2.029,-2.033,-0.558,-1.667,0.739,-2.548,0.942,-0.209,-0.622,-1.013,0.000,60.609,29.944,-1.543,129.470,1.387
100812.259,302.265,1.162,25.108,366.236,227.244,-3.566,-1.672,-0.000,0.627,0.108,-1.972,-2.349,-2.247,-0.781,-1.459,0.845,-2.973,1.466,-1.358,-0.415,-1.463,0.000,60.609,29.944,-1.543,129.502,1.387
100784.039,302.267,1.162,25.117,366.394,226.764,-3.566,-2.452,-0.214,0.418,-0.324,-2.075,-1.708,-2.354,-0.781,-0.833,0.528,-2.973,1.256,-0.418,-0.104,-1.801,0.000,60.609,29.944,-1.543,129.470,1.397
100788.070,302.265,1.162,25.114,366.315,227.244,-2.918,-3.455,0.214,0.627,-0.432,-2.387,-1.602,-2.140,-2.232,-1.459,0.845,-3.079,1.152,0.209,-0.104,-2.139,0.000,60.609,29.944,-1.543,129.470,1.387
100792.102,302.263,1.162,25.116,366.394,226.924,-3.026,-1.895,-1.283,0.941,-0.216,-2.283,-2.029,-1.819,-0.670,-1.979,0.951,-2.336,0.733,-0.627,-0.311,-1.238,0.000,60.609,29.944,-1.543,129.453,1.367
100780.007,302.262,1.162,25.112,366.236,226.924,-2.918,-2.452,-0.214,0.523,-0.216,-2.387,-1.922,-1.712,-0.558,-0.729,0.528,-2.442,1.780,-0.627,-0.311,-1.801,0.000,60.609,29.944,-1.543,129.470,1.397
100784.039,302.262,1.162,25.117,366.394,226.924,-3.026,-2.452,-0.321,1.045,-0.756,-2.075,-1.602,-2.782,-1.339,-1.042,1.056,-3.398,0.942,-0.209,-0.933,-1.351,0.000,60.609,29.944,-1.543,129.421,1.387
100792.102,302.260,1.162,25.026,363.786,215.557,-2.702,-1.449,-0.107,1.150,-0.216,-2.594,-1.388,-2.033,-0.893,-1.876,0.951,-2.124,1.047,-0.000,0.000,-1.463,0.000,60.609,29.944,-1.543,130.889,1.438
100796.133,302.255,1.162,25.031,363.944,215.877,-3.242,-2.118,0.321,0.418,-0.324,-2.387,-2.029,-1.712,-0.893,-1.355,0.845,-2.867,1.989,-1.045,0.000,-1.126,0.000,60.609,29.944,-1.543,130.921,1.459
100792.102,302.259,1.162,25.034,364.023,215.557,-3.134,-2.786,0.428,0.627,-0.000,-2.179,-1.495,-2.568,-1.228,-1.250,0.951,-2.442,1.361,-0.000,-0.933,-1.238,0.000,60.609,29.944,-1.543,130.889,1.459
100771.944,302.259,1.161,25.034,363.944,215.717,-2.594,-2.898,-0.000,1.568,-0.216,-2.491,-1.815,-2.140,-1.786,-1.042,0.739,-2.761,1.361,0.105,0.104,-2.364,0.000,60.609,29.944,-1.543,130.921,1.459
100800.165,302.259,1.162,25.031,363.944,215.717,-2.810,-1.560,-0.748,1.254,-0.432,-2.594,-1.708,-1.712,-0.558,-1.667,0.528,-2.973,1.256,0.105,-0.622,-1.463,0.000,60.609,29.944,-1.543,130.937,1.438
100800.165,302.262,1.162,25.036,364.102,215.877,-3.026,-2.229,0.428,0.418,-0.324,-2.283,-1.922,-2.140,-0.893,-0.521,0.528,-2.973,1.571,-1.463,-0.415,-1.463,0.000,60.609,29.944,-1.543,130.954,1.459
100788.070,302.260,1.162,25.040,364.181,216.198,-2.702,-2.563,-0.321,1.045,-0.540,-2.698,-1.602,-2.140,-0.893,-0.834,1.162,-3.079,1.047,0.314,-0.726,-1.238,0.000,60.609,29.944,-1.543,130.970,1.459
100800.165,302.262,1.162,25.042,364.260,216.198,-2.918,-1.672,0.321,0.941,0.108,-2.698,-1.815,-2.033,-1.005,-1.667,1.162,-2.867,1.152,-0.313,0.104,-1.801,0.000,60.609,29.944,-1.543,130.954,1.438
100800.165,302.260,1.162,25.041,364.260,216.198,-3.134,-2.006,-0.534,0.941,-0.864,-2.283,-2.883,-1.926,-0.893,-1.876,0.528,-2.867,1.466,-0.522,-0.207,-1.126,0.000,60.609,29.944,-1.543,130.954,1.449
100792.102,302.263,1.162,25.045,364.339,216.198,-3.459,-2.118,-0.000,0.314,-0.108,-2.283,-2.136,-2.247,-1.339,-0.729,0.845,-2.973,0.628,-0.418,-0.207,-1.688,0.000,60.609,29.944,-1.543,130.970,1.449
100800.165,302.260,1.162,25.039,364.181,216.198,-2.270,-3.009,-0.748,0.523,-0.972,-3.009,-1.708,-2.354,-1.005,-1.250,0.739,-3.823,1.047,-0.627,-0.518,-0.901,0.000,60.609,29.944,-1.543,130.986,1.449
100784.039,302.262,1.162,25.044,364.260,216.198,-2.486,-2.006,-0.641,0.627,-0.864,-2.802,-1.602,-2.033,-0.670,-1.355,0.528,-2.655,0.942,-0.313,0.208,-1.914,0.000,60.609,29.944,-1.543,130.954,1.449
100784.039,302.259,1.162,25.041,364.181,216.038,-3.026,-1.895,-0.000,0.523,-0.432,-2.075,-2.776,-2.247,-1.116,-1.355,0.739,-2.867,1.571,-1.045,-0.311,-1.126,0.000,60.609,29.944,-1.543,130.986,1.459
100788.070,302.255,1.162,25.037,364.102,216.038,-3.783,-2.341,-0.000,0.941,-0.108,-2.698,-1.388,-3.317,-1.339,-1.355,0.739,-3.186,1.152,0.314,-0.622,-1.351,0.000,60.609,29.944,-1.543,130.970,1.459
100784.039,302.262,1.162,25.049,364.418,216.038,-2.486,-3.232,-0.000,1.045,-0.216,-2.491,-2.136,-1.712,-1.674,-1.563,0.423,-3.504,0.942,-0.313,-0.207,-1.576,0.000,60.609,29.944,-1.543,130.970,1.438
100784.039,302.257,1.162,25.041,364.181,216.358,-3.242,-1.672,-0.534,0.836,-0.000,-2.387,-1.708,-2.033,-1.228,-2.292,0.739,-2.655,0.628,-0.522,0.000,-1.688,0.000,60.609,29.944,-1.543,130.970,1.449
100788.070,302.262,1.162,25.048,364.418,216.358,-3.350,-2.118,-0.107,0.209,-0.756,-2.594,-1.922,-2.354,-1.228,-1.146,0.211,-2.548,1.256,-1.149,0.000,-1.126,0.000,60.609,29.944,-1.543,131.003,1.449
100784.039,302.262,1.162,25.052,364.497,216.038,-3.350,-2.118,0.107,0.941,-0.216,-2.491,-1.495,-2.354,-0.893,-1.250,1.268,-2.655,1.361,0.209,-0.726,-1.688,0.000,60.609,29.944,-1.543,130.954,1.449
100771.944,302.263,1.161,25.059,364.655,216.678,-3.026,-2.563,-0.428,0.732,0.433,-2.387,-1.708,-2.140,-1.786,-1.146,0.845,-2.867,1.466,-0.418,-0.104,-1.801,0.000,60.609,29.944,-1.543,130.954,1.449
100792.102,302.257,1.162,25.045,364.339,216.518,-3.458,-2.341,-0.428,1.045,-0.108,-2.283,-2.242,-2.354,-1.116,-2.188,0.845,-2.442,1.256,-0.627,0.000,-1.238,0.000,60.609,29.944,-1.543,131.003,1.459
100788.070,302.259,1.162,24.833,358.175,196.826,-3.458,-2.229,0.107,0.000,-0.648,-2.075,-1.815,-2.140,-1.005,-1.146,0.000,-2.655,1.361,-1.358,-0.104,-1.801,0.000,60.609,29.944,-1.543,122.767,1.572
100808.228,302.260,1.162,24.839,358.412,196.826,-3.242,-2.786,0.107,1.045,-1.079,-2.179,-2.029,-2.568,-1.228,-0.729,1.268,-3.079,1.571,0.523,-0.726,-1.463,0.000,60.609,29.944,-1.543,122.750,1.561
100788.070,302.259,1.162,24.852,358.728,196.826,-3.350,-2.452,-0.107,0.627,-0.540,-2.906,-2.456,-1.926,-1.786,-1.354,1.056,-2.761,0.942,-0.731,-0.104,-1.914,0.000,60.609,29.944,-1.543,122.767,1.561
100792.102,302.262,1.162,24.849,358.649,196.986,-3.350,-1.895,0.107,0.627,-0.000,-2.075,-1.708,-2.354,-1.005,-2.084,0.951,-3.079,1.675,-0.209,-0.104,-1.688,0.000,60.609,29.944,-1.543,122.799,1.561
100796.133,302.263,1.162,24.851,358.728,197.147,-3.566,-2.675,-0.000,0.209,-0.648,-2.075,-1.708,-2.140,-1.340,-0.625,0.106,-2.655,1.675,-0.313,-0.622,-0.901,0.000,60.609,29.944,-1.543,122.783,1.582
100808.228,302.260,1.162,24.844,358.570,197.147,-2.918,-2.786,-0.107,1.359,-0.756,-2.387,-1.815,-1.712,-1.451,-1.563,1.901,-3.292,1.361,0.000,-0.207,-1.463,0.000,60.609,29.944,-1.543,122.767,1.561
100796.133,302.260,1.162,24.848,358.649,197.467,-2.918,-1.560,-0.428,0.523,-0.324,-3.113,-1.495,-1.712,-1.116,-1.459,0.951,-2.655,0.733,-0.418,-0.207,-1.914,0.000,60.609,29.944,-1.543,122.767,1.572
100792.102,302.262,1.162,24.854,358.807,196.986,-2.918,-1.672,0.428,0.836,0.108,-2.179,-2.242,-1.926,-1.005,-1.459,0.528,-2.548,1.466,-0.836,-0.311,-1.238,0.000,60.609,29.944,-1.543,122.767,1.561
100804.196,302.257,1.162,24.847,358.649,196.986,-3.890,-2.452,-0.000,1.255,-0.324,-2.075,-1.495,-2.782,-1.228,-1.042,0.634,-3.186,0.733,-0.313,-0.518,-1.463,0.000,60.609,29.944,-1.543,122.750,1.561
100784.039,302.257,1.162,24.847,358.570,196.986,-2.594,-3.009,-0.000,0.627,0.216,-2.387,-1.922,-2.033,-2.232,-1.354,0.634,-2.867,1.257,-0.418,-0.104,-1.351,0.000,60.609,29.944,-1.543,122.750,1.572
100788.070,302.255,1.162,24.852,358.728,197.307,-3.134,-2.006,-0.748,1.045,-0.216,-2.594,-2.136,-2.140,-1.005,-1.771,0.634,-2.442,1.047,-0.522,-0.415,-0.788,0.000,60.609,29.944,-1.543,122.750,1.561
100792.102,302.255,1.162,24.857,358.886,197.467,-2.810,-2.341,0.321,0.105,-0.108,-2.491,-1.922,-2.140,-0.893,-1.146,0.634,-2.761,1.152,-0.522,-0.104,-1.463,0.000,60.609,29.944,-1.543,122.734,1.561
100800.165,302.257,1.162,24.845,358.570,197.467,-2.594,-1.895,-0.000,1.045,-1.295,-2.179,-1.922,-2.568,-0.781,-1.250,1.162,-2.761,0.942,-0.522,-1.347,-0.901,0.000,60.609,29.944,-1.543,122.734,1.561
100792.102,302.257,1.162,24.860,358.965,197.627,-3.134,-2.118,-0.428,0.627,0.108,-2.491,-1.602,-2.033,-1.674,-1.667,0.951,-2.442,1.047,-0.522,-0.207,-2.251,0.000,60.609,29.944,-1.543,122.767,1.551
100792.102,302.263,1.162,24.857,358.886,197.307,-3.026,-1.560,-0.641,1.150,-0.432,-2.387,-1.922,-2.247,-1.005,-2.396,1.373,-2.336,1.152,-0.836,-0.311,-0.563,0.000,60.609,29.944,-1.543,122.734,1.561
100808.228,302.260,1.162,24.861,359.044,197.147,-3.890,-2.006,0.642,0.418,-0.432,-2.179,-1.708,-1.926,-1.674,-1.250,0.634,-2.336,0.733,-0.836,-0.311,-1.126,0.000,60.609,29.944,-1.543,122.767,1.551
100800.165,302.257,1.162,24.850,358.728,197.467,-2.810,-2.898,-0.214,0.836,-0.648,-2.594,-1.815,-1.712,-1.897,-1.354,1.268,-2.973,1.675,0.105,-0.415,-1.576,0.000,60.609,29.944,-1.543,122.783,1.572
100804.196,302.259,1.162,24.855,358.886,197.147,-3.026,-1.895,-0.321,0.836,-0.216,-3.424,-1.602,-2.247,-1.339,-1.250,0.845,-2.336,0.628,-1.149,0.000,-1.801,0.000,60.609,29.944,-1.543,122.799,1.561
100800.165,302.259,1.162,24.856,358.886,197.147,-2.594,-1.672,0.214,0.523,-0.108,-2.387,-2.242,-2.033,-1.228,-1.354,0.845,-2.867,1.361,-1.045,0.000,-1.576,0.000,60.609,29.944,-1.543,122.783,1.572
100808.228,302.259,1.162,24.858,358.965,197.147,-3.567,-2.118,-0.107,1.045,-0.432,-2.179,-1.495,-3.210,-1.339,-1.042,0.634,-2.973,1.466,-0.313,-0.104,-1.576,0.000,60.609,29.944,-1.543,122.767,1.551
100808.228,302.246,1.162,24.980,362.521,237.010,-3.026,-1.895,0.321,0.732,-0.000,-2.491,-2.242,-2.354,-1.005,-1.459,1.268,-2.442,1.466,-0.836,-0.207,-1.238,0.000,60.609,29.944,-1.543,125.213,1.643
100804.196,302.249,1.162,24.978,362.442,237.010,-3.567,-2.118,-0.107,0.418,-0.216,-1.557,-1.281,-2.461,-1.339,-0.729,-0.105,-2.761,0.942,-0.418,-0.207,-1.351,0.000,60.609,29.944,-1.543,125.229,1.654
100804.196,302.246,1.162,24.972,362.284,236.850,-2.486,-2.786,-0.428,0.732,-0.864,-2.491,-2.029,-2.140,-1.116,-0.938,1.162,-3.079,1.466,-0.000,-0.622,-1.801,0.000,60.609,29.944,-1.543,125.180,1.633
100784.039,302.244,1.162,24.980,362.442,237.010,-2.810,-2.118,-0.214,0.941,-0.108,-2.698,-2.029,-1.926,-0.781,-1.146,0.528,-2.761,0.733,0.209,0.519,-2.251,0.000,60.609,29.944,-1.543,125.180,1.643
100804.196,302.246,1.162,24.959,361.889,236.690,-3.026,-2.229,0.214,0.627,0.108,-1.972,-2.563,-2.140,-1.005,-1.250,0.951,-2.655,1.780,-0.836,-0.207,-1.351,0.000,60.609,29.944,-1.543,125.180,1.654
100804.196,302.244,1.162,24.970,362.205,236.850,-3.783,-1.672,-0.214,1.045,-0.756,-2.283,-1.388,-2.568,-1.339,-0.729,1.056,-2.867,1.152,-0.104,-0.518,-1.238,0.000,60.609,29.944,-1.543,125.180,1.643
100808.228,302.249,1.162,24.964,362.047,236.850,-2.378,-3.121,0.214,1.255,-0.324,-2.698,-1.815,-1.605,-1.674,-1.042,0.845,-3.186,1.361,-0.627,0.311,-1.688,0.000,60.609,29.944,-1.543,125.164,1.613
100788.070,302.242,1.162,24.966,362.047,236.690,-3.351,-2.006,-0.534,0.732,-0.432,-2.491,-2.136,-2.033,-0.781,-1.876,1.056,-2.548,1.047,-0.522,0.000,-1.914,0.000,60.609,29.944,-1.543,125.180,1.643
100804.196,302.244,1.162,24.964,362.047,237.010,-3.134,-2.118,-0.000,0.209,-0.324,-2.491,-2.029,-2.461,-0.558,-1.563,0.739,-2.548,1.780,-0.940,-0.311,-1.126,0.000,60.609,29.944,-1.543,125.164,1.654
100800.165,302.247,1.162,24.957,361.810,237.010,-2.918,-2.118,0.428,1.150,-0.756,-2.698,-1.708,-2.461,-1.339,-0.834,1.056,-2.655,1.256,-0.313,-0.726,-1.914,0.000,60.609,29.944,-1.543,125.164,1.633
100792.102,302.249,1.162,24.969,362.126,237.170,-2.702,-2.229,-0.000,0.627,-0.108,-2.802,-2.029,-2.247,-1.674,-1.355,0.951,-2.655,1.361,-0.313,0.311,-2.139,0.000,60.609,29.944,-1.543,125.164,1.633
100808.228,302.249,1.162,24.961,361.968,236.850,-3.134,-1.895,-0.321,0.627,0.216,-1.557,-1.708,-1.712,-0.558,-1.876,0.845,-2.761,1.047,-0.731,-0.415,-1.238,0.000,60.609,29.944,-1.543,125.148,1.643
100804.196,302.250,1.162,24.962,361.968,237.010,-3.026,-2.452,0.107,0.418,-0.000,-1.972,-1.815,-2.033,-1.228,-0.834,0.211,-3.186,1.152,-0.522,0.000,-1.576,0.000,60.609,29.944,-1.543,125.131,1.643
100812.259,302.252,1.162,24.958,361.889,236.850,-2.702,-3.009,-0.534,1.359,-0.648,-2.387,-2.029,-2.675,-1.451,-1.355,1.268,-3.716,1.780,-0.209,-1.036,-1.351,0.000,60.609,29.944,-1.543,125.115,1.633
100800.165,302.250,1.162,24.951,361.652,236.690,-3.026,-1.783,-0.534,0.627,-0.324,-3.321,-2.029,-1.819,-1.339,-1.146,1.056,-2.230,0.628,-0.522,0.000,-2.139,0.000,60.609,29.944,-1.543,125.099,1.654
100792.102,302.247,1.162,24.958,361.810,236.850,-3.459,-1.560,0.321,0.836,-0.000,-1.972,-2.242,-2.033,-0.781,-0.938,0.845,-2.548,1.466,-0.313,-0.415,-1.126,0.000,60.609,29.944,-1.543,125.099,1.623
100796.133,302.244,1.162,24.960,361.889,236.690,-3.890,-2.229,-0.214,0.941,-0.108,-1.972,-1.495,-2.033,-1.563,-1.042,0.528,-2.761,1.047,-0.000,-0.104,-1.463,0.000,60.609,29.944,-1.543,125.083,1.643
100804.196,302.246,1.162,24.948,361.573,236.369,-2.377,-3.232,-0.107,0.732,-0.000,-2.179,-1.815,-2.140,-1.116,-1.563,1.584,-3.186,1.256,-0.000,0.000,-1.801,0.000,60.609,29.944,-1.543,125.050,1.643
100804.196,302.246,1.162,24.942,361.415,236.529,-2.702,-2.006,-0.641,1.150,-0.216,-2.283,-1.602,-1.712,-1.005,-1.771,0.211,-2.973,1.047,0.105,-0.415,-1.576,0.000,60.609,29.944,-1.543,125.034,1.633
100800.165,302.246,1.162,24.946,361.494,236.529,-3.026,-1.672,0.535,0.105,-0.000,-2.698,-2.242,-2.247,-0.558,-1.667,0.634,-3.079,1.152,-0.836,0.000,-1.013,0.000,60.609,29.944,-1.543,125.066,1.643
100792.102,302.236,1.162,24.878,359.518,258.462,-2.810,-1.895,-0.321,1.150,-0.540,-2.698,-1.708,-2.033,-0.781,-1.667,0.634,-2.655,1.047,-0.731,-0.518,-1.126,0.000,60.609,29.944,-1.543,131.557,1.705
100804.196,302.234,1.162,24.871,359.360,258.942,-3.134,-2.229,0.107,0.314,-0.216,-2.179,-1.815,-2.140,-1.228,-1.355,-0.000,-2.973,0.942,-0.836,-0.207,-1.351,0.000,60.609,29.944,-1.543,131.557,1.715
100800.165,302.238,1.162,24.872,359.360,258.782,-2.594,-2.006,0.749,0.314,-0.756,-2.698,-1.708,-1.819,-1.116,-1.146,0.845,-3.292,1.152,-0.000,-0.207,-0.563,0.000,60.609,29.944,-1.543,131.525,1.715
100792.102,302.236,1.162,24.875,359.439,258.622,-3.026,-2.118,-0.107,1.045,-0.000,-3.528,-2.242,-1.712,-1.339,-1.563,0.739,-2.548,1.152,-0.418,-0.415,-2.026,0.000,60.609,29.944,-1.543,131.541,1.725
100800.165,302.236,1.162,24.880,359.597,258.782,-2.918,-1.895,0.963,0.941,-0.216,-2.594,-1.815,-2.140,-1.116,-1.667,0.951,-2.442,1.571,-0.836,-0.726,-1.351,0.000,60.609,29.944,-1.543,131.574,1.725
100800.165,302.236,1.162,24.874,359.439,258.462,-3.675,-2.341,0.321,0.732,-0.108,-1.660,-1.388,-2.889,-1.339,-1.355,0.106,-2.761,1.152,-0.522,-0.207,-1.576,0.000,60.609,29.944,-1.543,131.541,1.705
100784.039,302.236,1.162,24.876,359.439,257.982,-2.702,-3.232,-0.107,0.836,-0.324,-2.179,-1.815,-2.247,-1.674,-1.667,1.162,-2.761,0.942,-0.418,-0.207,-1.914,0.000,60.609,29.944,-1.543,131.557,1.715
100788.070,302.231,1.162,24.875,359.439,258.302,-3.351,-1.560,-0.748,0.941,-0.216,-2.802,-1.495,-1.819,-1.005,-1.563,0.739,-2.442,0.733,-0.104,-0.207,-1.351,0.000,60.609,29.944,-1.543,131.557,1.725
100788.070,302.230,1.162,24.867,359.202,258.302,-2.702,-2.452,0.428,0.314,-0.108,-1.868,-2.136,-2.033,-1.563,-1.563,0.634,-2.336,1.152,-1.567,0.311,-1.238,0.000,60.609,29.944,-1.543,131.574,1.715
100792.102,302.236,1.162,24.883,359.676,258.142,-2.918,-2.341,0.107,1.045,-0.324,-2.387,-1.708,-2.354,-0.670,-1.250,1.056,-3.186,0.942,-0.418,-0.518,-1.126,0.000,60.609,29.944,-1.543,131.574,1.715
100808.228,302.233,1.162,24.870,359.360,257.822,-3.026,-2.229,-0.214,1.150,-0.432,-2.179,-2.136,-2.354,-1.339,-1.459,1.056,-2.867,1.466,-0.313,0.104,-1.576,0.000,60.609,29.944,-1.543,131.622,1.725
100796.133,302.233,1.162,24.872,359.360,258.142,-2.702,-2.341,-0.428,0.314,-0.216,-2.179,-2.136,-2.247,-0.558,-2.084,0.423,-3.186,1.466,0.105,-0.622,-1.463,0.000,60.609,29.944,-1.543,131.606,1.725
100796.133,302.231,1.162,24.874,359.439,258.302,-3.999,-2.006,-0.214,0.523,-0.324,-2.802,-2.136,-2.354,-0.893,-0.521,0.106,-2.230,1.256,-0.731,-0.311,-1.238,0.000,60.609,29.944,-1.543,131.639,1.715
100800.165,302.231,1.162,24.877,359.518,258.142,-2.270,-3.009,-0.321,0.627,-0.864,-2.179,-1.708,-2.247,-1.563,-0.729,0.951,-3.079,1.675,-0.209,-0.311,-1.238,0.000,60.609,29.944,-1.543,131.622,1.746
100796.133,302.236,1.162,24.872,359.360,257.822,-2.594,-1.895,-0.000,0.627,-0.108,-2.802,-2.029,-2.354,-0.670,-1.250,0.423,-2.336,0.733,-0.731,-0.104,-1.801,0.000,60.609,29.944,-1.543,131.655,1.725
100796.133,302.234,1.162,24.875,359.439,257.822,-2.594,-1.783,-0.107,0.523,-0.756,-1.972,-2.456,-2.354,-0.893,-1.876,1.056,-3.079,1.989,-1.045,-0.622,-1.463,0.000,60.609,29.944,-1.543,131.606,1.725
100800.165,302.231,1.162,24.874,359.439,257.662,-3.890,-2.229,-0.107,0.941,-0.324,-2.179,-1.388,-2.675,-1.116,-1.042,0.951,-2.655,1.152,-0.104,-0.622,-1.914,0.000,60.609,29.944,-1.543,131.671,1.705
100788.070,302.231,1.162,24.875,359.439,257.502,-2.918,-2.563,0.535,0.941,-0.108,-2.179,-1.922,-2.140,-1.563,-1.355,0.739,-2.973,2.094,0.523,0.208,-1.351,0.000,60.609,29.944,-1.543,131.655,1.725
100792.102,302.231,1.162,24.872,359.360,257.502,-3.782,-2.118,-0.855,0.941,-0.324,-2.802,-2.029,-2.140,-1.005,-1.980,0.739,-2.867,0.524,-0.104,-0.311,-1.801,0.000,60.609,29.944,-1.543,131.688,1.705
100788.070,302.231,1.162,24.875,359.439,257.822,-2.810,-2.118,0.214,-0.000,-0.216,-2.283,-1.922,-1.926,-0.670,-1.355,0.634,-2.655,1.466,-1.254,-0.622,-1.463,0.000,60.609,29.944,-1.543,131.671,1.705
100796.133,302.238,1.162,24.839,358.412,292.882,-3.242,-2.341,0.214,1.150,-0.756,-2.075,-2.136,-2.033,-1.228,-0.625,1.162,-2.867,1.466,-0.104,-0.726,-1.576,0.000,60.609,29.944,-1.543,128.785,1.807
100800.165,302.233,1.162,24.833,358.254,292.882,-2.702,-2.563,0.107,1.150,-0.000,-2.802,-1.602,-2.247,-1.228,-1.459,0.528,-2.442,1.152,-0.209,-0.415,-1.914,0.000,60.609,29.944,-1.543,128.785,1.797
100792.102,302.234,1.162,24.837,358.333,292.722,-3.134,-1.560,-0.428,1.045,-0.216,-2.387,-1.388,-2.461,-0.112,-2.084,0.423,-2.336,1.152,-0.522,-0.415,-1.576,0.000,60.609,29.944,-1.543,128.801,1.807
100784.039,302.233,1.162,24.838,358.333,292.882,-2.918,-2.118,-0.214,0.418,-0.324,-2.906,-1.602,-2.033,-0.893,-0.938,0.317,-2.867,1.152,-0.940,0.000,-1.351,0.000,60.609,29.944,-1.543,128.817,1.807
100792.102,302.234,1.162,24.826,358.017,292.562,-2.269,-2.341,-0.214,1.045,-0.864,-2.387,-1.388,-2.675,-1.786,-1.459,0.845,-3.292,1.361,-0.313,-0.518,-1.238,0.000,60.609,29.944,-1.543,128.817,1.818
100796.133,302.230,1.162,24.831,358.175,292.402,-3.026,-2.229,-0.748,0.836,0.433,-3.424,-1.602,-2.247,-1.005,-1.146,0.528,-2.124,1.047,-0.418,0.208,-1.801,0.000,60.609,29.944,-1.543,128.817,1.797
100792.102,302.233,1.162,24.831,358.175,292.562,-3.026,-2.563,0.107,0.836,-0.540,-2.075,-2.563,-2.568,-0.893,-1.563,1.056,-2.336,1.885,-0.731,0.000,-1.013,0.000,60.609,29.944,-1.543,128.801,1.787
100796.133,302.234,1.162,24.828,358.096,292.562,-3.350,-1.895,0.535,0.732,0.324,-2.075,-1.708,-2.354,-0.781,-1.042,0.106,-2.761,1.885,0.209,-0.207,-1.351,0.000,60.609,29.944,-1.543,128.817,1.807
100800.165,302.231,1.162,24.827,358.096,292.882,-2.594,-3.009,-0.321,0.836,-0.648,-2.179,-1.922,-1.926,-1.005,-1.563,1.056,-3.186,1.152,-0.418,-0.207,-1.463,0.000,60.609,29.944,-1.543,128.817,1.787
100796.133,302.236,1.162,24.834,358.254,292.562,-2.702,-1.783,-0.321,1.045,-0.324,-2.283,-1.708,-1.819,-0.670,-1.771,1.373,-2.548,0.419,-0.209,0.208,-1.013,0.000,60.609,29.944,-1.543,128.817,1.787
100800.165,302.233,1.162,24.828,358.096,292.722,-3.242,-1.895,0.535,0.523,-0.216,-2.283,-2.242,-2.033,-1.005,-1.042,1.056,-2.761,1.780,-1.045,-0.104,-1.351,0.000,60.609,29.944,-1.543,128.850,1.807
100800.165,302.233,1.162,24.836,358.333,292.722,-3.026,-2.118,0.214,1.045,-0.864,-2.179,-1.281,-2.889,-1.451,-1.146,1.056,-3.079,1.152,-0.104,-0.933,-1.688,0.000,60.609,29.944,-1.543,128.834,1.787
100804.196,302.234,1.162,24.827,358.096,292.562,-3.134,-2.452,-0.214,0.627,-0.216,-2.594,-2.029,-1.605,-1.898,-1.563,1.268,-2.548,1.047,-0.313,-0.415,-2.251,0.000,60.609,29.944,-1.543,128.850,1.807
100792.102,302.234,1.162,24.826,358.017,292.562,-2.486,-1.895,-0.428,1.150,-0.000,-2.387,-2.029,-2.033,-0.893,-1.771,0.951,-2.548,1.571,-0.313,0.000,-1.576,0.000,60.609,29.944,-1.543,128.899,1.797
100804.196,302.231,1.162,24.824,358.017,292.082,-4.107,-2.229,-0.000,0.836,0.108,-1.972,-1.815,-2.033,-1.451,-1.146,0.106,-2.867,1.361,-0.627,-0.104,-1.576,0.000,60.609,29.944,-1.543,128.883,1.787
100800.165,302.233,1.162,24.822,357.937,292.242,-3.026,-2.786,-0.428,1.359,-0.432,-2.491,-1.281,-1.819,-1.228,-1.563,1.373,-3.292,1.152,0.105,-0.415,-1.914,0.000,60.609,29.944,-1.543,128.883,1.807
100788.070,302.231,1.162,24.829,358.096,292.242,-2.594,-2.006,-0.321,0.523,-0.324,-3.009,-1.602,-2.247,-0.781,-1.042,0.528,-2.018,0.838,-0.313,0.208,-1.801,0.000,60.609,29.944,-1.543,128.899,1.818
100804.196,302.231,1.162,24.816,357.779,291.762,-3.026,-1.672,0.428,0.418,-0.432,-2.179,-2.349,-1.926,-0.781,-1.146,0.739,-2.230,1.571,-0.836,-0.104,-1.238,0.000,60.609,29.944,-1.543,128.931,1.787
100800.165,302.231,1.162,24.827,358.096,291.441,-3.243,-2.452,0.107,0.836,-0.324,-1.868,-1.068,-2.033,-1.005,-1.042,0.634,-2.761,1.466,-0.000,-0.726,-1.351,0.000,60.609,29.944,-1.543,128.915,1.807
100812.259,302.233,1.162,24.815,357.779,291.601,-2.270,-3.009,-0.107,1.464,-0.540,-2.594,-1.708,-0.856,-1.228,-1.771,0.951,-2.761,1.256,-0.731,0.104,-1.914,0.000,60.609,29.944,-1.543,128.948,1.797
100808.228,302.221,1.162,25.071,365.208,318.177,-2.918,-2.118,0.535,0.105,-0.000,-1.972,-1.708,-1.712,-1.228,-0.833,0.528,-2.655,1.361,-1.045,0.311,-1.351,0.000,60.609,29.944,-1.543,126.860,1.889
100812.259,302.223,1.162,25.079,365.445,318.177,-2.918,-2.563,-0.214,1.464,-1.187,-2.179,-1.815,-2.568,-1.786,-1.563,0.739,-2.867,0.733,0.000,-0.933,-1.463,0.000,60.609,29.944,-1.543,126.860,1.879
100816.290,302.220,1.162,25.065,365.050,318.497,-3.242,-2.341,-0.107,0.523,-0.108,-3.113,-1.922,-1.926,-1.340,-1.459,0.423,-3.292,0.838,-0.522,0.104,-2.026,0.000,60.609,29.944,-1.543,126.860,1.879
100804.196,302.221,1.162,25.077,365.366,318.017,-2.810,-2.118,0.321,0.836,0.433,-1.868,-2.456,-2.140,-0.781,-1.771,0.845,-2.761,1.885,-0.836,-0.415,-1.013,0.000,60.609,29.944,-1.543,126.893,1.879
100804.196,302.218,1.162,25.085,365.603,318.017,-3.674,-2.118,-0.107,0.627,-0.540,-2.075,-1.922,-2.140,-1.228,-1.146,0.211,-2.761,1.466,-0.313,-0.829,-1.463,0.000,60.609,29.944,-1.543,126.877,1.889
100820.322,302.220,1.162,25.073,365.287,318.017,-2.486,-3.009,-0.000,0.627,-0.108,-2.491,-1.708,-1.819,-0.893,-1.667,1.056,-3.186,1.675,0.314,-0.104,-1.914,0.000,60.609,29.944,-1.543,126.909,1.889
100796.133,302.217,1.162,25.078,365.366,317.857,-2.918,-2.006,-0.855,1.045,-0.648,-3.217,-2.242,-1.391,-0.781,-1.563,0.951,-2.655,0.838,-0.313,-0.622,-1.576,0.000,60.609,29.944,-1.543,126.860,1.869
100804.196,302.218,1.162,25.074,365.287,318.017,-3.242,-1.783,0.535,0.523,-0.108,-1.972,-2.136,-1.926,-0.781,-1.354,0.634,-2.761,1.047,-1.672,0.000,-0.901,0.000,60.609,29.944,-1.543,126.860,1.889
100804.196,302.218,1.162,25.072,365.208,317.857,-3.026,-2.118,-0.000,0.732,-0.108,-2.491,-1.602,-2.996,-1.228,-1.146,1.056,-3.186,1.361,0.000,-0.933,-1.463,0.000,60.609,29.944,-1.543,126.860,1.900
100804.196,302.218,1.162,25.074,365.287,318.177,-2.702,-2.786,-0.855,0.523,-0.216,-2.802,-1.815,-2.033,-1.898,-1.042,0.845,-2.124,1.571,-0.209,0.519,-2.026,0.000,60.609,29.944,-1.543,126.877,1.900
100808.228,302.221,1.162,25.074,365.287,318.017,-3.134,-1.895,-0.000,1.045,-0.108,-1.972,-1.815,-1.605,-0.446,-2.188,0.528,-2.442,1.361,-0.104,-0.104,-1.238,0.000,60.609,29.944,-1.543,126.877,1.910
100804.196,302.220,1.162,25.075,365.287,318.177,-3.782,-2.118,-0.428,0.105,0.108,-2.387,-1.815,-2.675,-1.005,-0.625,-0.000,-2.761,1.466,-0.418,0.000,-1.238,0.000,60.609,29.944,-1.543,126.844,1.900
100796.133,302.221,1.162,25.078,365.366,317.857,-2.810,-2.563,-0.214,1.150,-0.324,-2.283,-2.136,-2.354,-1.228,-1.250,0.951,-3.398,1.571,-0.418,-0.311,-1.351,0.000,60.609,29.944,-1.543,126.877,1.879
100804.196,302.223,1.162,25.067,365.050,317.697,-2.918,-1.337,-0.534,0.941,-0.648,-3.113,-1.602,-2.461,-0.558,-0.938,0.739,-2.655,0.628,-0.313,-0.415,-2.251,0.000,60.609,29.944,-1.543,126.877,1.900
100812.259,302.221,1.162,25.076,365.366,317.697,-3.458,-1.672,0.535,0.523,-0.540,-1.660,-2.349,-2.568,-1.228,-1.459,0.528,-2.655,1.047,-0.940,-0.415,-1.238,0.000,60.609,29.944,-1.543,126.860,1.869
100804.196,302.223,1.162,25.067,365.050,317.697,-3.566,-1.895,0.107,1.568,-0.324,-1.764,-1.175,-2.568,-1.339,-1.146,0.211,-2.336,1.256,-0.209,-0.726,-1.351,0.000,60.609,29.944,-1.543,126.877,1.879
100800.165,302.223,1.162,25.070,365.129,317.216,-2.918,-2.229,-0.321,1.673,0.108,-2.698,-2.029,-2.033,-1.674,-1.042,1.268,-2.867,1.885,-0.313,-0.207,-1.351,0.000,60.609,29.944,-1.543,126.877,1.879
100800.165,302.218,1.162,25.064,364.971,317.056,-3.026,-1.895,-0.641,0.836,-0.000,-2.075,-1.602,-1.605,-1.005,-2.084,1.056,-2.548,1.571,-0.627,-0.415,-1.238,0.000,60.609,29.944,-1.543,126.893,1.889
100812.259,302.220,1.162,25.065,365.050,317.377,-3.242,-2.341,0.321,0.523,-0.216,-2.387,-2.242,-1.391,-1.451,-0.729,0.845,-2.973,1.675,-0.940,-0.104,-0.901,0.000,60.609,29.944,-1.543,126.893,1.889
100800.165,302.220,1.162,25.064,364.971,317.056,-2.486,-2.452,-0.428,1.254,-1.187,-2.387,-1.495,-2.354,-1.339,-1.146,1.796,-2.867,1.361,-0.000,-0.726,-0.901,0.000,60.609,29.944,-1.543,126.877,1.900
100792.102,302.226,1.162,24.710,354.697,325.701,-3.026,-2.675,-0.107,0.627,-0.540,-1.972,-1.602,-2.461,-0.781,-1.354,0.845,-2.336,0.942,0.000,-0.933,-1.688,0.000,60.609,29.944,-1.543,131.101,1.971
100808.228,302.221,1.162,24.722,355.092,325.861,-2.918,-3.009,0.107,0.836,-0.432,-2.594,-1.815,-2.140,-1.675,-1.459,0.634,-3.079,1.361,-0.522,0.000,-2.026,0.000,60.609,29.944,-1.543,131.117,1.982
100808.228,302.225,1.162,24.716,354.934,326.022,-3.026,-2.341,-0.641,0.732,-0.216,-2.594,-1.602,-2.247,-0.670,-1.979,0.317,-2.867,0.942,-0.522,-0.415,-1.013,0.000,60.609,29.944,-1.543,131.149,1.971
100808.228,302.228,1.162,24.728,355.250,326.182,-3.350,-2.341,0.107,0.105,-0.324,-2.802,-1.602,-1.712,-1.116,-0.313,-0.211,-3.079,1.675,-1.045,-0.415,-1.238,0.000,60.609,29.944,-1.543,131.166,1.971
100812.259,302.223,1.162,24.721,355.092,325.541,-2.594,-2.786,-0.321,0.732,-1.079,-2.491,-2.349,-2.568,-1.005,-0.729,1.056,-3.079,1.152,-0.418,-0.622,-1.351,0.000,60.609,29.944,-1.543,131.198,1.951
100804.196,302.225,1.162,24.722,355.092,326.182,-2.918,-2.341,-0.855,0.941,0.324,-2.594,-2.136,-1.926,-1.116,-0.938,1.056,-2.761,0.942,-0.522,-0.207,-2.026,0.000,60.609,29.944,-1.543,131.182,1.982
100808.228,302.220,1.162,24.724,355.171,326.182,-3.242,-2.118,-0.428,0.418,-0.756,-1.972,-2.349,-2.247,-1.116,-1.771,0.845,-2.548,1.571,-0.836,-0.622,-1.576,0.000,60.609,29.944,-1.543,131.182,1.971
100796.133,302.221,1.162,24.720,355.013,326.182,-3.890,-2.118,0.214,0.627,-0.324,-2.594,-1.815,-2.889,-0.781,-1.667,0.317,-3.079,1.466,-0.104,0.104,-0.901,0.000,60.609,29.944,-1.543,131.182,1.982
100808.228,302.217,1.162,24.722,355.092,326.182,-2.918,-2.563,-0.214,0.732,-1.187,-2.283,-1.815,-1.712,-1.116,-1.875,0.951,-3.716,1.361,-0.418,-0.415,-1.463,0.000,60.609,29.944,-1.543,131.231,1.961
100792.102,302.223,1.162,24.727,355.171,326.662,-3.026,-1.895,-0.855,0.732,-0.648,-2.906,-1.922,-2.140,-0.670,-1.771,0.528,-2.655,0.838,-0.731,-0.415,-1.463,0.000,60.609,29.944,-1.543,131.215,1.971
100808.228,302.218,1.162,24.722,355.092,326.502,-3.134,-2.118,0.214,-0.000,-0.216,-2.075,-2.136,-1.926,-0.893,-1.354,0.106,-2.336,1.361,-1.045,-0.726,-1.126,0.000,60.609,29.944,-1.543,131.247,1.982
100796.133,302.220,1.162,24.731,355.330,326.662,-3.458,-2.341,-0.107,0.836,-1.403,-2.698,-1.922,-2.889,-0.893,-1.042,1.056,-2.973,1.152,0.000,-0.622,-1.238,0.000,60.609,29.944,-1.543,131.264,1.992
100800.165,302.223,1.162,24.734,355.409,326.662,-3.026,-2.786,-0.214,0.732,-0.324,-2.179,-2.349,-2.247,-1.786,-1.146,0.951,-2.548,1.361,-0.209,0.000,-1.914,0.000,60.609,29.944,-1.543,131.280,1.971
100804.196,302.223,1.162,24.736,355.488,326.822,-3.458,-2.452,-0.534,0.941,-0.864,-1.557,-1.922,-2.033,-0.781,-1.771,0.423,-3.079,1.152,-0.418,-0.207,-1.238,0.000,60.609,29.944,-1.543,131.329,1.971
100812.259,302.226,1.162,24.738,355.567,326.982,-3.242,-2.452,-0.214,-0.104,-0.216,-2.491,-1.708,-2.140,-1.451,-1.146,0.317,-2.655,1.256,-0.836,-0.415,-1.688,0.000,60.609,29.944,-1.543,131.280,1.971
100808.228,302.223,1.162,24.738,355.567,326.662,-2.594,-2.898,-0.107,0.627,-1.079,-2.283,-1.602,-2.354,-1.451,-1.250,1.056,-3.186,1.256,-0.104,-0.829,-1.126,0.000,60.609,29.944,-1.543,131.313,1.961
100812.259,302.220,1.162,24.743,355.725,326.502,-2.918,-1.672,-0.534,0.627,0.108,-3.113,-2.029,-1.926,-1.116,-1.354,0.528,-2.548,1.047,0.419,0.000,-2.251,0.000,60.609,29.944,-1.543,131.329,1.971
100808.228,302.223,1.162,24.741,355.646,326.502,-2.702,-1.672,-0.107,0.836,-0.108,-2.179,-2.563,-2.140,-1.116,-1.459,0.634,-2.973,1.780,-0.731,-0.311,-1.238,0.000,60.609,29.944,-1.543,131.345,1.982
100800.165,302.223,1.162,24.742,355.646,326.502,-3.459,-2.341,0.107,0.836,-0.000,-2.283,-1.388,-3.103,-1.005,-0.833,0.423,-2.548,1.152,-0.522,-0.518,-1.351,0.000,60.609,29.944,-1.543,131.329,2.002
100804.196,302.221,1.162,24.736,355.488,326.822,-2.810,-3.121,-0.214,0.523,-0.432,-2.594,-1.922,-1.926,-1.786,-1.146,1.268,-2.973,1.361,0.105,0.208,-1.463,0.000,60.609,29.944,-1.543,131.362,1.971
100824.353,302.200,1.162,25.055,364.813,345.713,-3.566,-2.006,0.214,0.418,-0.216,-1.972,-2.029,-2.247,-0.447,-1.354,0.528,-2.973,1.466,-1.254,-0.104,-1.126,0.000,60.609,29.944,-1.543,131.394,2.074
100824.353,302.200,1.162,25.055,364.813,345.553,-2.594,-2.341,0.107,1.255,-0.756,-2.594,-2.242,-2.568,-1.228,-1.459,1.373,-2.655,1.152,0.000,-0.933,-1.126,0.000,60.609,29.944,-1.543,131.410,2.074
100820.322,302.199,1.162,25.058,364.892,346.033,-2.702,-2.898,-0.214,1.045,-0.108,-2.698,-1.708,-1.819,-2.009,-1.667,0.845,-2.761,1.466,0.209,0.208,-2.251,0.000,60.609,29.944,-1.543,131.427,2.084
100828.385,302.200,1.162,25.052,364.734,345.713,-3.134,-1.449,-0.428,0.627,-0.540,-2.283,-2.029,-2.461,-0.558,-2.396,1.268,-2.973,1.675,-0.627,-0.518,-1.463,0.000,60.609,29.944,-1.543,131.394,2.074
100812.259,302.196,1.162,25.062,364.971,346.193,-3.134,-2.341,-0.000,0.209,-0.432,-2.075,-2.029,-1.819,-1.340,-0.938,-0.105,-2.973,1.675,-0.731,0.000,-1.351,0.000,60.609,29.944,-1.543,131.443,2.084
100828.385,302.199,1.162,25.054,364.813,346.353,-2.918,-2.786,-0.321,0.523,-0.972,-2.283,-1.708,-2.247,-0.781,-1.250,1.056,-3.504,1.152,-0.418,-0.415,-0.901,0.000,60.609,29.944,-1.543,131.459,2.053
100816.290,302.200,1.162,25.059,364.892,346.193,-2.918,-2.006,-0.534,0.732,-0.540,-3.217,-1.922,-2.140,-1.116,-1.875,0.845,-2.761,0.838,0.209,0.311,-2.139,0.000,60.609,29.944,-1.543,131.459,2.084
100812.259,302.196,1.162,25.054,364.734,346.674,-3.026,-2.229,-0.000,0.627,0.216,-2.387,-2.456,-2.033,-1.228,-1.146,1.162,-2.973,1.361,-0.940,-0.311,-0.901,0.000,60.609,29.944,-1.543,131.459,2.084
100816.290,302.197,1.162,25.056,364.813,346.834,-3.350,-2.006,-0.428,0.836,-0.324,-2.075,-1.281,-3.210,-1.005,-1.250,1.056,-2.655,1.466,-0.313,-0.518,-1.688,0.000,60.609,29.944,-1.543,131.443,2.084
100812.259,302.200,1.162,25.062,364.971,346.834,-2.918,-3.009,-0.000,0.836,-0.000,-1.868,-2.029,-2.033,-1.563,-1.146,0.528,-3.079,1.780,-0.209,0.415,-1.801,0.000,60.609,29.944,-1.543,131.459,2.074
100816.290,302.202,1.162,25.061,364.971,346.994,-3.458,-2.118,-0.748,1.255,-0.216,-2.491,-2.136,-1.819,-0.335,-2.084,1.056,-2.548,0.838,-0.418,0.000,-1.013,0.000,60.609,29.944,-1.543,131.459,2.084
100820.322,302.205,1.162,25.064,365.050,347.314,-3.134,-2.341,0.107,-0.104,0.324,-2.906,-2.456,-2.354,-0.893,-0.625,0.423,-2.761,1.885,-0.731,-0.207,-1.576,0.000,60.609,29.944,-1.543,131.443,2.084
100820.322,302.199,1.162,25.066,365.129,347.154,-3.134,-2.452,-0.214,0.836,-0.972,-2.698,-1.602,-2.675,-1.005,-0.729,0.951,-2.442,1.256,-0.522,-1.347,-1.688,0.000,60.609,29.944,-1.543,131.492,2.084
100808.228,302.197,1.162,25.065,365.050,347.154,-3.242,-2.341,-0.000,0.836,-0.540,-2.698,-2.242,-2.033,-1.228,-1.875,0.845,-2.761,1.466,-0.104,-0.311,-2.139,0.000,60.609,29.944,-1.543,131.492,2.094
100824.353,302.199,1.162,25.066,365.129,347.154,-3.350,-1.895,-0.428,1.255,0.108,-2.179,-1.922,-2.247,-0.558,-1.979,1.056,-2.442,0.733,-0.313,-0.518,-0.788,0.000,60.609,29.944,-1.543,131.476,2.094
100808.228,302.196,1.162,25.059,364.892,347.314,-3.674,-1.895,-0.107,0.732,-0.432,-1.868,-1.922,-2.033,-1.228,-1.042,-0.105,-2.230,0.942,-0.418,-0.104,-1.126,0.000,60.609,29.944,-1.543,131.508,2.074
100808.228,302.202,1.162,25.065,365.050,347.474,-2.702,-2.563,-0.214,1.255,-0.216,-2.387,-1.602,-1.498,-1.339,-2.084,0.739,-3.823,1.780,-0.209,-0.311,-1.463,0.000,60.609,29.944,-1.543,131.492,2.084
100804.196,302.200,1.162,25.063,364.971,347.634,-2.702,-1.783,-0.748,1.045,0.108,-2.802,-1.602,-1.712,-0.781,-1.771,0.634,-2.867,0.942,-0.000,-0.415,-1.463,0.000,60.609,29.944,-1.543,131.476,2.084
100812.259,302.197,1.162,25.064,365.050,347.634,-3.026,-2.118,0.107,0.523,-0.216,-2.283,-2.669,-2.675,-0.670,-1.667,0.951,-2.548,1.571,-0.836,-0.207,-1.463,0.000,60.609,29.944,-1.543,131.476,2.084
100820.322,302.200,1.162,25.069,365.208,347.794,-3.351,-2.563,-0.107,0.836,-0.324,-2.491,-1.922,-2.675,-0.781,-0.521,0.845,-2.761,1.152,-0.209,-0.311,-1.126,0.000,60.609,29.944,-1.543,131.459,2.084
100820.322,302.204,1.162,25.164,367.974,355.799,-3.026,-1.449,0.214,0.732,-0.324,-2.906,-1.815,-1.498,-0.670,-2.084,0.739,-2.442,0.733,-0.418,-0.207,-1.688,0.000,60.609,29.944,-1.543,130.693,2.166
100824.353,302.204,1.162,25.161,367.895,355.959,-2.918,-1.783,0.107,1.045,-0.000,-2.075,-2.349,-2.461,-1.339,-1.459,0.211,-2.442,1.466,-1.254,-0.207,-1.688,0.000,60.609,29.944,-1.543,130.660,2.176
100816.290,302.202,1.162,25.159,367.816,355.959,-3.134,-2.675,0.428,0.836,-0.216,-2.075,-1.281,-2.782,-0.893,-1.459,0.845,-2.761,1.361,-0.209,-0.311,-1.463,0.000,60.609,29.944,-1.543,130.644,2.156
100816.290,302.202,1.162,25.154,367.658,355.799,-3.242,-2.675,-0.000,0.836,-0.108,-2.491,-1.602,-2.354,-1.674,-1.146,0.528,-3.079,1.780,-0.627,0.000,-1.238,0.000,60.609,29.944,-1.543,130.677,2.166
100816.290,302.204,1.162,25.156,367.737,355.959,-3.026,-2.006,-0.962,0.732,-0.216,-3.009,-2.136,-2.461,-0.781,-1.667,0.739,-2.973,1.361,-0.522,0.000,-1.351,0.000,60.609,29.944,-1.543,130.611,2.156
100820.322,302.204,1.162,25.153,367.658,356.119,-3.459,-2.006,0.107,0.209,-0.108,-2.387,-1.815,-2.140,-1.228,-0.729,0.845,-3.186,1.571,-1.149,0.000,-1.351,0.000,60.609,29.944,-1.543,130.644,2.166
100808.228,302.200,1.162,25.154,367.658,356.119,-3.134,-2.118,0.107,1.359,-0.540,-2.802,-2.242,-2.140,-1.005,-1.042,1.268,-3.398,1.361,-0.418,-0.311,-1.238,0.000,60.609,29.944,-1.543,130.644,2.176
100816.290,302.202,1.162,25.162,367.895,356.119,-2.486,-2.452,-0.321,0.523,0.216,-2.906,-1.495,-1.926,-1.451,-1.146,1.584,-2.442,1.466,-0.418,0.104,-1.688,0.000,60.609,29.944,-1.543,130.644,2.166
100836.448,302.204,1.162,25.159,367.895,356.279,-2.594,-1.895,-0.428,1.150,-0.432,-2.387,-2.242,-2.140,-1.116,-1.876,1.056,-2.973,1.466,-1.045,-0.415,-0.901,0.000,60.609,29.944,-1.543,130.644,2.187
100812.259,302.205,1.162,25.165,367.974,356.279,-3.783,-2.006,-0.428,0.418,-0.108,-2.387,-1.922,-2.033,-1.116,-1.355,0.423,-2.548,1.361,-0.940,-0.104,-1.238,0.000,60.609,29.944,-1.543,130.660,2.187
100816.290,302.204,1.162,25.170,368.132,356.599,-2.378,-3.121,-0.214,0.836,-0.756,-2.179,-2.136,-2.033,-1.563,-1.459,0.634,-3.823,0.838,-0.209,0.311,-1.688,0.000,60.609,29.944,-1.543,130.611,2.156
100832.416,302.205,1.162,25.173,368.290,356.439,-2.810,-2.006,-0.855,0.732,0.324,-2.491,-1.815,-2.140,-1.005,-2.396,0.634,-2.548,1.047,-0.209,-0.415,-1.688,0.000,60.609,29.944,-1.543,130.628,2.166
100820.322,302.202,1.162,25.172,368.211,356.439,-3.026,-1.672,0.642,0.941,0.108,-2.387,-2.136,-2.033,-0.781,-1.563,0.845,-2.548,1.047,-1.149,-0.622,-1.688,0.000,60.609,29.944,-1.543,130.628,2.176
100812.259,302.204,1.162,25.170,368.132,356.279,-3.351,-2.563,0.107,0.418,-0.432,-2.594,-1.602,-2.568,-1.228,-1.250,0.951,-2.442,1.361,0.000,-0.933,-1.688,0.000,60.609,29.944,-1.543,130.644,2.166
100824.353,302.204,1.162,25.166,368.053,356.279,-3.026,-2.675,-0.534,0.941,0.108,-2.491,-1.708,-2.247,-1.786,-1.355,1.056,-3.079,1.152,-0.418,-0.207,-1.801,0.000,60.609,29.944,-1.543,130.595,2.166
100820.322,302.204,1.162,25.169,368.132,356.439,-3.134,-1.895,-0.641,0.732,-0.540,-2.491,-1.815,-2.140,-0.558,-1.667,1.056,-3.186,0.838,-0.627,-0.207,-0.901,0.000,60.609,29.944,-1.543,130.611,2.176
100820.322,302.204,1.162,25.172,368.211,356.599,-3.566,-2.563,0.107,0.523,-0.432,-2.283,-2.242,-2.140,-1.005,-0.834,0.528,-2.655,1.256,-0.627,-0.207,-1.126,0.000,60.609,29.944,-1.543,130.628,2.187
100820.322,302.200,1.162,25.175,368.290,356.439,-2.486,-2.563,-0.000,1.150,-0.756,-2.387,-1.602,-2.354,-0.893,-1.146,0.739,-2.761,1.361,-0.313,-0.829,-0.788,0.000,60.609,29.944,-1.543,130.611,2.166
100824.353,302.204,1.162,25.177,368.369,356.759,-3.134,-2.118,-0.428,0.627,0.216,-3.113,-2.242,-1.712,-1.786,-0.938,0.845,-2.655,1.152,-0.104,-0.311,-2.364,0.000,60.609,29.944,-1.543,130.644,2.187
100820.322,302.204,1.162,25.180,368.448,356.599,-3.350,-1.783,-0.107,0.523,0.108,-2.075,-1.922,-2.461,-0.670,-1.459,0.845,-2.867,1.256,-0.731,-0.311,-0.901,0.000,60.609,29.944,-1.543,130.611,2.156
100820.322,302.209,1.162,25.088,365.761,360.762,-3.134,-2.006,-0.321,0.941,-0.432,-2.491,-1.388,-1.819,-1.228,-1.459,0.951,-2.973,0.733,-0.313,0.000,-1.688,0.000,60.609,29.944,-1.543,136.091,2.248
100808.228,302.209,1.162,25.093,365.840,360.762,-2.810,-1.337,0.428,0.732,-0.216,-2.075,-2.136,-1.712,-1.116,-1.355,0.951,-2.548,1.256,-0.836,-0.104,-1.126,0.000,60.609,29.944,-1.543,136.124,2.258
100816.290,302.207,1.162,25.097,365.999,360.602,-3.999,-2.229,-0.107,1.046,-0.540,-1.972,-1.922,-2.782,-1.116,-0.938,0.634,-2.973,1.256,-0.209,-0.622,-1.801,0.000,60.609,29.944,-1.543,136.091,2.269
100804.196,302.209,1.162,25.098,365.999,360.602,-2.810,-2.675,-0.107,0.836,-0.216,-2.387,-1.708,-2.140,-1.786,-1.250,0.845,-3.186,1.256,-0.104,-0.104,-2.026,0.000,60.609,29.944,-1.543,136.058,2.248
100808.228,302.210,1.162,25.090,365.761,360.442,-3.134,-2.006,-0.641,0.732,-0.540,-2.387,-1.815,-1.926,-0.670,-1.355,1.056,-2.867,1.047,-0.104,-0.104,-0.675,0.000,60.609,29.944,-1.543,136.091,2.248
100804.196,302.210,1.162,25.104,366.157,360.602,-3.459,-2.229,0.749,-0.209,-0.108,-2.179,-1.708,-2.247,-0.893,-0.625,0.211,-3.398,1.571,-0.940,-0.311,-1.914,0.000,60.609,29.944,-1.543,136.091,2.269
100808.228,302.209,1.162,25.103,366.157,360.602,-2.702,-2.341,0.321,1.045,-0.756,-2.387,-1.815,-2.354,-1.563,-1.042,1.056,-2.973,1.256,-0.418,-1.140,-1.126,0.000,60.609,29.944,-1.543,136.124,2.258
100820.322,302.209,1.162,25.099,366.078,360.281,-2.918,-2.341,-0.214,0.836,-0.216,-2.698,-1.495,-2.033,-1.339,-1.459,1.056,-2.018,1.152,-0.731,-0.311,-2.139,0.000,60.609,29.944,-1.543,136.091,2.248
100812.259,302.210,1.162,25.103,366.157,360.602,-3.134,-2.563,-0.000,1.045,-0.108,-2.387,-1.815,-2.033,-0.781,-1.667,0.528,-2.230,1.256,-0.522,-0.518,-1.351,0.000,60.609,29.944,-1.543,136.140,2.258
100816.290,302.213,1.162,25.103,366.157,360.442,-3.459,-2.229,-0.000,0.314,-0.216,-2.906,-1.708,-2.568,-1.228,-1.146,-0.000,-2.124,0.942,-0.418,-0.311,-1.688,0.000,60.609,29.944,-1.543,136.140,2.279
100820.322,302.207,1.162,25.107,366.315,360.602,-2.594,-3.121,-0.107,0.627,-0.108,-2.387,-1.708,-1.926,-1.228,-1.459,1.373,-2.973,1.256,0.314,-0.104,-1.688,0.000,60.609,29.944,-1.543,136.156,2.269
100828.385,302.210,1.162,25.101,366.157,360.281,-3.243,-1.895,-0.428,1.150,-0.000,-2.906,-1.281,-1.819,-0.670,-1.876,0.634,-2.442,0.628,-0.313,0.104,-1.801,0.000,60.609,29.944,-1.543,136.124,2.258
100812.259,302.209,1.162,25.100,366.078,360.762,-2.918,-2.118,-0.000,0.732,-0.324,-2.594,-2.563,-2.247,-1.116,-1.146,0.528,-2.442,1.361,-1.254,-0.415,-1.351,0.000,60.609,29.944,-1.543,136.140,2.258
100816.290,302.205,1.162,25.108,366.315,360.442,-3.134,-2.563,0.321,0.627,-0.324,-2.387,-1.602,-3.103,-1.116,-1.355,1.056,-2.548,1.466,-0.731,-1.036,-1.351,0.000,60.609,29.944,-1.543,136.156,2.269
100808.228,302.209,1.162,25.106,366.236,360.602,-2.702,-2.786,-0.214,0.627,-0.108,-2.491,-1.388,-1.926,-1.786,-1.042,1.056,-2.973,1.152,-0.627,0.208,-1.801,0.000,60.609,29.944,-1.543,136.173,2.258
100812.259,302.209,1.162,25.100,366.078,360.922,-3.026,-1.895,-0.748,0.732,-0.108,-2.594,-2.029,-2.247,-0.558,-1.563,0.739,-2.230,1.361,-0.209,-0.311,-1.238,0.000,60.609,29.944,-1.543,136.205,2.238
100816.290,302.207,1.162,25.105,366.236,360.762,-3.242,-1.895,-0.107,-0.104,-0.000,-2.387,-1.388,-2.033,-1.339,-0.729,0.634,-2.761,1.256,-0.627,-0.311,-1.238,0.000,60.609,29.944,-1.543,136.189,2.238
100808.228,302.212,1.162,25.109,366.315,361.082,-2.702,-2.898,-0.214,0.836,-0.756,-2.387,-1.922,-2.247,-1.116,-1.250,1.162,-3.292,0.942,0.209,-0.518,-1.351,0.000,60.609,29.944,-1.543,136.222,2.258
100812.259,302.213,1.162,25.117,366.552,361.242,-3.026,-1.560,-0.000,1.045,-0.324,-2.802,-2.242,-2.033,-0.893,-0.938,0.528,-2.761,1.361,-0.418,-0.311,-2.251,0.000,60.609,29.944,-1.543,136.189,2.248
100820.322,302.209,1.162,25.113,366.473,361.402,-3.242,-1.783,0.428,0.836,-0.540,-2.491,-2.349,-2.354,-1.116,-1.563,0.739,-2.655,1.361,-0.627,-0.104,-1.463,0.000,60.609,29.944,-1.543,136.189,2.248
100824.353,302.194,1.162,25.343,373.269,370.688,-3.674,-2.563,0.321,0.836,-0.216,-2.387,-0.961,-2.782,-1.563,-1.042,0.317,-2.867,1.047,0.000,-0.311,-1.463,0.000,60.609,29.944,-1.543,126.110,2.340
100808.228,302.200,1.162,25.346,373.269,371.168,-2.810,-3.009,-0.214,0.836,-0.648,-2.179,-1.708,-1.605,-0.893,-1.459,0.951,-3.079,1.466,-0.104,-0.311,-1.801,0.000,60.609,29.944,-1.543,126.110,2.351
100804.196,302.197,1.162,25.351,373.427,371.008,-3.458,-2.229,-0.214,0.523,-0.540,-2.698,-2.029,-1.712,-0.781,-1.250,1.162,-2.442,0.524,-0.522,-0.726,-1.801,0.000,60.609,29.944,-1.543,126.126,2.351
100812.259,302.200,1.162,25.351,373.427,371.168,-3.134,-2.675,0.107,0.314,-0.648,-2.179,-2.883,-2.140,-1.228,-1.250,0.951,-2.548,1.047,-1.045,-0.518,-0.788,0.000,60.609,29.944,-1.543,126.110,2.351
100820.322,302.199,1.162,25.347,373.348,371.328,-3.026,-2.452,0.321,0.836,-0.432,-2.179,-1.708,-2.889,-1.116,-0.313,0.845,-2.655,0.942,0.628,-0.207,-1.463,0.000,60.609,29.944,-1.543,126.110,2.351
100812.259,302.202,1.162,25.356,373.585,371.168,-3.134,-2.786,0.107,0.941,-0.216,-2.698,-1.922,-1.819,-1.898,-0.729,0.739,-2.867,1.571,-0.313,0.000,-1.914,0.000,60.609,29.944,-1.543,126.110,2.361
100820.322,302.207,1.162,25.355,373.585,371.168,-2.918,-1.672,-0.855,0.627,-0.000,-3.113,-1.708,-2.354,-0.781,-1.771,0.739,-2.761,1.047,0.209,-0.207,-1.238,0.000,60.609,29.944,-1.543,126.126,2.340
100820.322,302.202,1.162,25.352,373.506,371.168,-3.026,-2.452,0.107,0.209,-0.432,-2.594,-1.922,-1.926,-0.447,-0.625,0.000,-2.761,1.466,-0.836,-0.311,-1.576,0.000,60.609,29.944,-1.543,126.159,2.351
100824.353,302.200,1.162,25.349,373.427,371.168,-3.026,-3.009,-0.214,0.732,-0.648,-2.387,-2.029,-2.247,-1.005,-1.250,0.634,-3.079,1.047,-0.418,-0.933,-1.013,0.000,60.609,29.944,-1.543,126.143,2.340
100824.353,302.199,1.162,25.352,373.506,371.328,-2.918,-2.006,-0.107,0.523,-0.000,-2.594,-1.815,-1.819,-1.563,-1.563,1.373,-2.655,1.257,0.000,-0.207,-2.251,0.000,60.609,29.944,-1.543,126.126,2.340
100816.290,302.200,1.162,25.353,373.506,371.488,-3.026,-2.118,-0.641,0.209,0.324,-2.075,-2.563,-2.247,-0.893,-1.667,0.845,-2.336,1.152,-0.522,-0.622,-1.013,0.000,60.609,29.944,-1.543,126.110,2.340
100812.259,302.192,1.162,25.358,373.664,371.488,-3.566,-2.229,-0.000,0.732,-0.000,-2.283,-1.281,-2.354,-1.116,-0.833,0.106,-2.442,1.466,-0.104,-0.104,-1.914,0.000,60.609,29.944,-1.543,126.159,2.330
100816.290,302.197,1.162,25.358,373.664,371.488,-2.377,-2.786,0.428,0.418,-0.540,-2.283,-2.029,-1.819,-1.339,-1.354,1.268,-3.398,0.942,-0.418,-0.622,-1.688,0.000,60.609,29.944,-1.543,126.175,2.320
100824.353,302.196,1.162,25.346,373.348,371.648,-2.918,-1.783,-0.641,0.418,-0.324,-3.009,-1.922,-1.712,-1.228,-1.563,0.739,-2.230,0.628,-0.000,-0.518,-1.688,0.000,60.609,29.944,-1.543,126.192,2.340
100820.322,302.199,1.162,25.355,373.585,371.968,-2.918,-1.449,-0.107,0.627,-0.108,-2.283,-2.242,-2.140,-1.005,-1.250,0.951,-2.973,1.675,-0.731,0.415,-1.126,0.000,60.609,29.944,-1.543,126.159,2.351
100828.385,302.199,1.162,25.357,373.664,371.328,-3.458,-1.672,0.214,1.045,-0.216,-2.179,-1.602,-2.889,-0.893,-1.875,0.317,-2.973,1.466,0.105,-0.207,-1.914,0.000,60.609,29.944,-1.543,126.159,2.351
100828.385,302.202,1.162,25.373,374.139,371.968,-2.702,-2.898,0.321,1.045,-0.108,-2.387,-1.708,-1.712,-1.674,-1.667,0.739,-3.079,1.466,-0.209,-0.104,-1.126,0.000,60.609,29.944,-1.543,126.143,2.340
100828.385,302.196,1.162,25.359,373.743,371.808,-3.242,-1.895,-0.428,0.627,-0.324,-2.387,-1.602,-2.354,-0.670,-1.771,0.739,-2.548,1.152,-0.731,-0.415,-0.563,0.000,60.609,29.944,-1.543,126.143,2.340
100828.385,302.205,1.162,25.368,373.981,372.128,-2.810,-2.452,0.107,0.105,-0.540,-2.179,-2.029,-2.033,-1.116,-0.729,0.528,-2.442,1.152,-1.045,-0.622,-1.688,0.000,60.609,29.944,-1.543,126.159,2.330
100832.416,302.199,1.162,25.359,373.743,371.808,-3.242,-2.452,0.107,1.150,-0.648,-2.075,-1.815,-2.140,-1.451,-0.833,1.268,-2.761,0.942,0.105,-0.726,-1.576,0.000,60.609,29.944,-1.543,126.143,2.351
100812.259,302.180,1.162,24.876,359.597,359.961,-3.567,-2.006,-0.641,0.627,-0.108,-2.802,-2.136,-1.819,-0.446,-1.459,0.845,-2.336,0.733,0.105,-0.415,-1.801,0.000,60.609,29.944,-1.543,136.238,2.422
100816.290,302.180,1.162,24.870,359.439,359.961,-3.243,-2.341,-0.000,0.418,-0.756,-1.972,-2.136,-1.712,-0.893,-0.313,1.056,-2.867,1.780,-0.731,-0.207,-1.238,0.000,60.609,29.944,-1.543,136.271,2.443
100804.196,302.176,1.162,24.879,359.676,359.961,-3.134,-2.229,-0.000,0.941,-0.216,-2.179,-1.388,-2.461,-1.116,-1.667,1.056,-3.079,1.466,-0.000,-1.140,-1.576,0.000,60.609,29.944,-1.543,136.222,2.422
100804.196,302.178,1.162,24.874,359.518,360.121,-2.486,-2.786,0.214,0.627,-0.324,-2.179,-2.242,-1.605,-1.116,-0.521,0.528,-2.761,1.466,-0.209,0.208,-1.351,0.000,60.609,29.944,-1.543,136.238,2.433
100832.416,302.181,1.162,24.876,359.676,360.281,-2.594,-1.895,-0.641,1.254,-0.540,-2.491,-1.815,-1.819,-1.228,-2.397,0.528,-2.442,1.256,-0.522,-0.518,-0.675,0.000,60.609,29.944,-1.543,136.271,2.433
100824.353,302.178,1.162,24.880,359.755,360.121,-3.459,-2.006,0.428,0.209,-0.000,-2.283,-1.708,-2.033,-0.893,-1.146,0.106,-2.973,1.361,-0.731,-0.415,-1.801,0.000,60.609,29.944,-1.543,136.254,2.412
100816.290,302.180,1.162,24.884,359.834,360.281,-2.378,-2.006,0.535,1.045,-0.648,-2.283,-1.602,-1.498,-1.228,-1.459,1.690,-3.398,1.571,0.105,-0.622,-1.463,0.000,60.609,29.944,-1.543,136.271,2.433
100828.385,302.181,1.162,24.888,359.992,359.961,-2.594,-2.006,-0.214,1.254,0.324,-3.217,-1.175,-1.819,-1.451,-1.771,0.845,-2.230,0.838,-0.313,-0.207,-2.364,0.000,60.609,29.944,-1.543,136.254,2.433
100832.416,302.178,1.162,24.890,360.071,360.121,-2.918,-1.337,0.107,0.314,-0.216,-2.075,-2.456,-2.033,-1.451,-1.563,0.951,-2.973,1.780,-0.731,-0.104,-0.901,0.000,60.609,29.944,-1.543,136.254,2.422
100832.416,302.176,1.162,24.890,360.071,359.961,-3.675,-2.341,0.107,0.941,-0.000,-2.179,-1.388,-2.568,-1.339,-1.146,0.845,-2.655,1.780,0.209,-0.207,-1.576,0.000,60.609,29.944,-1.543,136.254,2.433
100828.385,302.180,1.162,24.885,359.913,359.801,-2.702,-3.121,-0.428,0.627,-0.540,-2.179,-2.136,-2.354,-1.898,-1.250,0.528,-3.504,1.256,-0.313,-0.415,-1.688,0.000,60.609,29.944,-1.543,136.238,2.433
100824.353,302.180,1.162,24.883,359.834,359.961,-2.702,-1.337,-0.748,1.045,-0.216,-2.387,-1.175,-2.354,-0.893,-1.667,0.845,-2.442,1.256,-0.313,-0.311,-1.126,0.000,60.609,29.944,-1.543,136.287,2.422
100832.416,302.175,1.162,24.873,359.597,359.801,-2.378,-2.006,-0.000,0.209,-0.216,-2.387,-2.349,-2.568,-0.670,-0.938,0.528,-2.442,1.361,-1.254,-0.311,-1.238,0.000,60.609,29.944,-1.543,136.254,2.422
100824.353,302.178,1.162,24.885,359.913,359.641,-3.134,-2.563,0.214,1.045,-0.756,-2.387,-1.281,-2.461,-1.228,-1.146,1.162,-2.973,1.152,0.209,-0.829,-1.576,0.000,60.609,29.944,-1.543,136.254,2.433
100824.353,302.178,1.162,24.885,359.913,359.961,-3.351,-2.563,0.428,0.732,0.216,-2.802,-2.029,-2.033,-1.674,-1.355,0.845,-2.867,0.838,-0.627,0.000,-2.026,0.000,60.609,29.944,-1.543,136.254,2.433
100832.416,302.180,1.162,24.882,359.834,359.641,-2.918,-1.449,-0.641,0.941,0.216,-2.387,-2.029,-2.354,-0.558,-1.667,0.634,-3.079,1.571,-0.418,-0.726,-1.238,0.000,60.609,29.944,-1.543,136.254,2.422
100828.385,302.180,1.162,24.893,360.150,360.121,-3.782,-2.229,-0.000,0.314,-0.432,-2.594,-1.815,-1.819,-0.670,-0.938,0.211,-2.867,1.571,-0.522,0.000,-1.126,0.000,60.609,29.944,-1.543,136.254,2.422
100828.385,302.186,1.162,24.891,360.071,359.801,-2.810,-3.009,-0.428,1.150,-0.864,-2.283,-1.495,-2.033,-1.339,-1.250,0.423,-3.398,1.152,-0.104,-0.415,-1.576,0.000,60.609,29.944,-1.543,136.287,2.422
100836.448,302.180,1.163,24.878,359.755,359.961,-2.702,-1.895,-0.428,0.627,-0.216,-2.906,-2.136,-1.926,-0.670,-1.355,1.162,-2.442,0.942,0.105,-0.311,-1.914,0.000,60.609,29.944,-1.543,136.287,2.433
100824.353,302.184,1.162,24.888,359.992,359.641,-2.810,-1.783,-0.107,1.254,-0.216,-2.491,-2.242,-2.033,-0.781,-1.563,0.951,-3.079,1.675,-0.940,-0.311,-1.351,0.000,60.609,29.944,-1.543,136.254,2.433
