%Atmospheric Pressure [Pa],Atmospheric Temperature [K],Atmospheric Density [kg/m^3],Airspeed [m/s],Pitot Dynamic Pressure [Pa],Aux Dynamic Pressure [Pa],Scanivalve Pressure 1 [Pa],Scanivalve Pressure 2 [Pa],Scanivalve Pressure 3 [Pa],Scanivalve Pressure 4 [Pa],Scanivalve Pressure 5 [Pa],Scanivalve Pressure 6 [Pa],Scanivalve Pressure 7 [Pa],Scanivalve Pressure 8 [Pa],Scanivalve Pressure 9 [Pa],Scanivalve Pressure 10 [Pa],Scanivalve Pressure 11 [Pa],Scanivalve Pressure 12 [Pa],Scanivalve Pressure 13 [Pa],Scanivalve Pressure 14 [Pa],Scanivalve Pressure 15 [Pa],Scanivalve Pressure 16 [Pa],Angle of Attack [deg],Sting Normal Force [N],Sting Axial Force [N],Sting Pitching Moment [Nm],ELD Probe X axis [mm],ELD Probe Y axis [mm]
100808.228,302.310,1.162,24.979,362.403,296.861,-3.134,-1.895,-0.534,1.150,-0.324,-2.594,-1.068,-2.033,-0.670,-1.563,0.106,-2.442,0.838,-0.418,-0.518,-1.463,0.000,60.609,29.944,-1.543,68.960,0.831
100796.133,302.312,1.162,24.983,362.482,296.700,-2.702,-2.341,0.428,0.314,-0.108,-2.698,-2.136,-2.354,-1.005,-1.042,0.423,-2.867,1.256,-1.045,-0.207,-1.013,0.000,60.609,29.944,-1.543,68.943,0.821
100792.102,302.312,1.161,24.983,362.482,296.861,-3.242,-2.229,0.107,1.045,-0.540,-2.387,-1.708,-2.675,-1.228,-1.355,1.268,-3.079,1.361,0.105,-0.933,-1.463,0.000,60.609,29.944,-1.543,68.943,0.821
100796.133,302.310,1.162,24.983,362.482,296.861,-2.810,-2.786,-0.000,1.045,-0.324,-3.009,-1.495,-1.819,-1.563,-1.563,0.739,-2.230,1.256,-0.209,-0.207,-2.364,0.000,60.609,29.944,-1.543,68.943,0.821
100792.102,302.310,1.161,24.975,362.245,296.540,-3.242,-2.229,-0.428,1.359,-0.756,-2.698,-1.922,-2.033,-0.670,-1.980,0.951,-2.336,1.466,-0.000,-0.622,-1.351,0.000,60.609,29.944,-1.543,68.960,0.821
100800.165,302.304,1.162,24.977,362.324,296.700,-3.675,-2.675,-0.107,0.627,-0.216,-2.491,-1.922,-2.033,-1.228,-1.042,-0.000,-2.761,1.571,-0.731,0.104,-1.126,0.000,60.609,29.944,-1.543,68.943,0.821
100792.102,302.310,1.161,24.981,362.403,296.861,-3.242,-2.786,-0.214,1.255,-0.972,-2.698,-1.922,-2.247,-1.116,-1.667,1.056,-3.398,1.466,-0.209,-0.207,-1.801,0.000,60.609,29.944,-1.543,68.943,0.821
100796.133,302.310,1.162,24.988,362.640,296.861,-3.134,-2.118,-0.641,0.732,0.108,-3.736,-1.815,-2.461,-1.005,-1.355,0.528,-2.548,0.733,-0.000,-0.415,-1.914,0.000,60.609,29.944,-1.543,68.960,0.831
100796.133,302.313,1.162,24.983,362.482,296.861,-3.351,-1.783,-0.000,0.523,-0.216,-2.283,-2.349,-1.926,-0.893,-1.042,0.528,-2.761,0.942,-1.149,-0.104,-1.463,0.000,60.609,29.944,-1.543,68.943,0.841
100788.070,302.313,1.161,24.984,362.482,296.861,-3.459,-2.006,-0.214,0.732,-0.540,-2.179,-1.602,-2.354,-1.005,-0.729,0.845,-3.079,1.152,0.209,-0.207,-1.238,0.000,60.609,29.944,-1.543,68.943,0.821
100796.133,302.312,1.162,24.986,362.561,296.861,-2.702,-2.675,-0.321,0.732,0.541,-2.387,-1.922,-2.140,-1.897,-1.250,1.056,-3.292,1.466,-0.104,0.000,-1.914,0.000,60.609,29.944,-1.543,68.943,0.831
100800.165,302.312,1.162,24.982,362.482,297.181,-3.134,-1.672,-0.534,1.464,-0.216,-2.387,-1.602,-1.605,-0.558,-1.459,0.634,-2.230,1.152,0.105,-0.104,-0.901,0.000,60.609,29.944,-1.543,68.976,0.831
100788.070,302.318,1.161,24.990,362.640,296.700,-3.567,-2.341,-0.107,0.314,-0.324,-2.179,-1.922,-1.926,-0.893,-0.938,0.634,-2.867,1.361,-0.940,0.104,-1.013,0.000,60.609,29.944,-1.543,68.943,0.831
100784.039,302.313,1.161,24.984,362.482,296.540,-3.351,-2.341,0.107,1.359,-0.756,-1.868,-1.708,-2.354,-1.228,-1.355,1.373,-3.079,1.675,-0.209,-0.207,-1.126,0.000,60.609,29.944,-1.543,68.960,0.831
100788.070,302.312,1.161,24.984,362.482,296.700,-3.026,-2.229,-0.428,0.627,0.216,-2.698,-1.708,-1.926,-1.563,-1.250,1.056,-2.655,1.152,-0.209,0.208,-2.251,0.000,60.609,29.944,-1.543,68.976,0.831
100792.102,302.307,1.162,24.972,362.166,296.700,-2.918,-1.895,-0.321,0.941,-0.000,-1.972,-2.136,-2.889,-0.781,-2.501,0.739,-2.548,1.571,-0.104,-0.415,-1.238,0.000,60.609,29.944,-1.543,68.927,0.831
100804.196,302.309,1.162,24.982,362.482,297.021,-3.674,-1.895,0.214,0.836,-0.108,-2.179,-1.602,-2.568,-1.339,-0.834,0.106,-2.761,1.047,-0.522,-0.415,-1.126,0.000,60.609,29.944,-1.543,68.943,0.841
100804.196,302.310,1.162,24.979,362.403,296.700,-2.594,-2.786,0.107,0.836,-0.648,-1.868,-1.815,-1.819,-1.451,-1.459,1.056,-3.186,1.047,-0.313,-0.415,-1.688,0.000,60.609,29.944,-1.543,68.943,0.821
100792.102,302.313,1.161,24.997,362.877,296.861,-2.918,-2.229,-0.428,1.464,-0.432,-2.906,-1.708,-2.033,-1.005,-1.459,1.162,-2.973,0.628,0.209,0.104,-1.688,0.000,60.609,29.944,-1.543,68.927,0.821
100796.133,302.310,1.162,24.988,362.640,297.021,-2.702,-1.449,-0.000,0.523,-0.540,-2.075,-2.136,-1.926,-0.781,-2.188,0.739,-2.761,1.361,-0.940,-0.933,-1.463,0.000,60.609,29.944,-1.543,68.960,0.811
100796.133,302.270,1.162,24.858,358.925,290.777,-2.810,-2.341,0.214,0.627,-1.079,-2.594,-1.708,-2.354,-0.781,-1.667,0.739,-3.292,1.047,-0.209,-0.829,-1.576,0.000,60.609,29.944,-1.543,67.378,0.893
100800.165,302.270,1.162,24.869,359.241,290.777,-2.810,-2.006,-0.534,0.732,-0.000,-3.009,-1.388,-2.247,-1.228,-1.354,0.739,-2.548,1.257,-0.104,-0.622,-1.914,0.000,60.609,29.944,-1.543,67.361,0.893
100800.165,302.273,1.162,24.861,359.004,290.457,-3.134,-2.341,-0.107,0.732,-0.108,-2.179,-2.136,-1.819,-0.670,-1.563,1.056,-2.124,1.571,-0.627,-0.207,-0.901,0.000,60.609,29.944,-1.543,67.329,0.872
100800.165,302.275,1.162,24.861,359.004,290.617,-3.458,-2.341,0.214,0.836,-0.000,-2.283,-1.602,-2.461,-1.340,-1.146,0.423,-2.655,1.257,0.000,-0.829,-1.463,0.000,60.609,29.944,-1.543,67.329,0.903
100796.133,302.273,1.162,24.867,359.162,290.617,-2.594,-2.563,0.321,0.836,-0.540,-2.594,-1.708,-2.140,-1.898,-1.146,0.739,-2.973,1.361,-0.313,-0.415,-1.351,0.000,60.609,29.944,-1.543,67.329,0.862
100800.165,302.275,1.162,24.866,359.162,290.777,-3.350,-1.672,-0.321,0.836,0.108,-2.387,-1.388,-2.033,-0.112,-1.459,1.056,-2.867,0.733,-0.313,-0.104,-2.139,0.000,60.609,29.944,-1.543,67.345,0.893
100800.165,302.273,1.162,24.866,359.162,290.457,-3.350,-2.341,0.214,0.418,-0.216,-2.387,-2.136,-2.354,-1.116,-0.938,0.528,-2.867,1.257,-1.149,-0.104,-1.238,0.000,60.609,29.944,-1.543,67.345,0.882
100792.102,302.271,1.162,24.873,359.321,290.777,-2.918,-2.341,0.214,1.359,-0.648,-2.387,-1.815,-3.103,-1.340,-0.833,0.845,-2.336,1.257,-0.209,-0.829,-1.126,0.000,60.609,29.944,-1.543,67.345,0.882
100796.133,302.270,1.162,24.864,359.083,290.617,-2.810,-2.118,-0.107,0.941,-0.432,-2.698,-2.136,-2.140,-1.228,-1.250,0.634,-2.867,0.942,-0.209,0.415,-2.026,0.000,60.609,29.944,-1.543,67.345,0.893
100808.228,302.267,1.162,24.865,359.162,290.937,-2.918,-1.895,-1.176,0.732,-0.000,-2.179,-2.136,-1.926,-1.005,-2.501,0.739,-2.548,1.152,-0.209,-0.415,-1.238,0.000,60.609,29.944,-1.543,67.329,0.903
100780.007,302.271,1.162,24.863,359.004,291.097,-3.782,-2.118,0.214,0.418,-0.324,-1.764,-1.815,-2.568,-1.116,-1.250,0.528,-2.442,1.152,-0.522,-0.104,-1.801,0.000,60.609,29.944,-1.543,67.378,0.862
100792.102,302.275,1.162,24.864,359.083,290.937,-2.594,-3.121,0.107,0.523,-0.756,-2.283,-1.495,-1.605,-1.116,-0.938,1.268,-3.292,1.571,-0.104,-0.104,-1.013,0.000,60.609,29.944,-1.543,67.296,0.872
100796.133,302.273,1.162,24.867,359.162,291.097,-2.810,-2.118,-0.428,0.418,-0.216,-3.321,-2.029,-2.354,-0.558,-1.667,0.845,-2.548,1.466,-0.522,-0.207,-1.801,0.000,60.609,29.944,-1.543,67.312,0.882
100800.165,302.280,1.162,24.869,359.241,291.257,-3.674,-2.229,0.321,0.627,-0.216,-1.764,-2.242,-2.033,-0.670,-1.459,0.528,-2.548,1.780,-0.836,0.000,-0.788,0.000,60.609,29.944,-1.543,67.329,0.882
100796.133,302.281,1.162,24.870,359.241,290.937,-3.458,-2.118,-0.107,1.568,-0.432,-2.387,-1.388,-2.461,-1.116,-1.355,0.634,-2.761,1.361,0.523,-0.311,-1.576,0.000,60.609,29.944,-1.543,67.329,0.872
100784.039,302.276,1.162,24.876,359.400,291.097,-3.026,-2.675,0.214,0.941,0.108,-2.698,-1.922,-1.605,-1.674,-1.459,1.373,-2.973,1.466,-0.313,-0.622,-2.026,0.000,60.609,29.944,-1.543,67.312,0.882
100792.102,302.275,1.162,24.875,359.400,291.577,-3.026,-2.452,-0.641,1.045,-0.216,-2.387,-1.922,-2.033,-0.670,-1.980,1.162,-2.442,1.361,-0.209,-0.415,-1.238,0.000,60.609,29.944,-1.543,67.329,0.882
100792.102,302.280,1.162,24.873,359.321,291.417,-2.810,-2.006,0.214,0.105,0.108,-1.972,-1.602,-2.140,-1.005,-1.042,0.845,-2.867,1.466,-0.940,-0.518,-1.351,0.000,60.609,29.944,-1.543,67.329,0.872
100788.070,302.276,1.162,24.881,359.558,291.417,-2.702,-2.786,-0.214,1.150,-0.324,-2.179,-1.815,-2.140,-0.781,-1.250,1.056,-3.186,1.361,-0.209,-1.244,-1.126,0.000,60.609,29.944,-1.543,67.345,0.893
100780.007,302.268,1.162,24.877,359.400,291.738,-3.134,-1.783,-0.428,0.732,-0.000,-3.009,-1.495,-2.033,-1.339,-0.938,0.211,-2.124,1.361,-0.522,0.104,-2.026,0.000,60.609,29.944,-1.543,67.296,0.882
100800.165,302.283,1.162,25.220,369.436,301.823,-3.134,-2.898,-0.214,0.836,0.324,-3.009,-2.136,-2.247,-1.563,-1.355,0.528,-2.548,1.571,-0.418,-0.104,-2.139,0.000,60.609,29.944,-1.543,70.297,0.944
100788.070,302.283,1.162,25.221,369.436,301.984,-2.918,-1.895,0.214,0.627,-0.432,-2.491,-2.242,-1.926,-0.670,-1.771,0.845,-2.655,1.571,0.105,-0.104,-0.901,0.000,60.609,29.944,-1.543,70.313,0.944
100796.133,302.281,1.162,25.226,369.594,302.144,-3.459,-2.006,0.321,0.209,-0.540,-2.698,-1.708,-2.568,-1.674,-1.459,0.317,-2.655,1.571,-0.418,-0.104,-1.238,0.000,60.609,29.944,-1.543,70.297,0.923
100788.070,302.286,1.162,25.224,369.515,301.984,-2.918,-2.898,-0.321,1.045,-0.972,-2.802,-1.602,-1.819,-1.339,-1.042,0.739,-3.292,1.256,-0.000,0.104,-1.351,0.000,60.609,29.944,-1.543,70.346,0.944
100796.133,302.284,1.162,25.226,369.594,301.984,-2.918,-2.118,-0.107,1.045,-0.000,-3.217,-1.708,-1.712,-0.781,-1.563,0.845,-2.867,0.524,-0.522,-0.104,-2.589,0.000,60.609,29.944,-1.543,70.330,0.954
100796.133,302.289,1.162,25.226,369.594,301.984,-2.486,-1.895,-0.321,0.627,-0.432,-2.283,-2.242,-2.033,-0.446,-1.250,0.845,-2.548,1.571,-0.522,-0.415,-1.688,0.000,60.609,29.944,-1.543,70.346,0.954
100804.196,302.288,1.162,25.222,369.515,301.984,-3.783,-2.452,0.107,0.941,-0.216,-1.764,-1.602,-2.568,-0.893,-0.625,0.211,-2.761,1.466,-0.313,-0.726,-1.126,0.000,60.609,29.944,-1.543,70.330,0.944
100804.196,302.284,1.162,25.219,369.436,301.984,-2.918,-2.675,0.107,0.732,-0.216,-2.387,-1.922,-2.033,-1.563,-1.563,0.951,-2.973,1.256,0.105,0.208,-1.463,0.000,60.609,29.944,-1.543,70.362,0.944
100804.196,302.286,1.162,25.227,369.673,301.663,-3.567,-1.783,-0.962,0.836,0.216,-2.698,-1.922,-1.712,0.000,-1.250,1.373,-2.761,0.942,-0.418,0.104,-1.351,0.000,60.609,29.944,-1.543,70.346,0.954
100792.102,302.289,1.162,25.224,369.515,301.503,-3.351,-2.229,0.214,0.732,-0.108,-2.387,-1.922,-2.140,-0.781,-1.563,0.317,-2.655,1.256,-1.045,0.000,-1.688,0.000,60.609,29.944,-1.543,70.362,0.944
100792.102,302.284,1.162,25.221,369.436,301.663,-3.242,-2.563,-0.214,0.418,-1.079,-2.075,-1.175,-2.889,-0.893,-1.146,0.739,-3.398,1.152,-0.209,-0.622,-1.576,0.000,60.609,29.944,-1.543,70.330,0.944
100800.165,302.284,1.162,25.222,369.515,301.183,-2.810,-2.786,-0.321,0.732,0.433,-2.906,-2.136,-1.712,-1.674,-1.146,1.268,-2.442,1.361,-0.209,0.311,-1.688,0.000,60.609,29.944,-1.543,70.346,0.954
100784.039,302.283,1.162,25.216,369.278,301.343,-2.810,-2.118,-0.428,1.045,-0.324,-1.972,-1.708,-1.926,-0.781,-2.084,0.634,-2.867,1.885,-0.731,-0.622,-1.013,0.000,60.609,29.944,-1.543,70.362,0.944
100784.039,302.283,1.162,25.222,369.436,301.023,-3.351,-2.452,0.107,0.836,-0.324,-2.179,-1.602,-2.033,-1.228,-1.250,-0.105,-2.867,1.152,-0.313,-0.104,-0.788,0.000,60.609,29.944,-1.543,70.330,0.964
100796.133,302.284,1.162,25.215,369.278,301.343,-2.702,-2.675,-0.000,1.150,-1.079,-2.283,-1.922,-2.033,-1.116,-1.355,0.739,-3.504,1.152,0.000,-0.933,-1.351,0.000,60.609,29.944,-1.543,70.346,0.944
100788.070,302.281,1.162,25.210,369.120,301.183,-2.918,-1.895,-0.428,1.150,0.108,-2.906,-1.495,-1.712,-1.005,-1.355,0.528,-2.655,1.047,-0.522,0.311,-2.026,0.000,60.609,29.944,-1.543,70.346,0.944
100800.165,302.286,1.162,25.217,369.357,300.863,-2.702,-2.006,-0.107,0.314,0.216,-2.075,-2.456,-2.354,-1.005,-1.459,0.845,-2.548,1.780,-0.522,0.104,-1.013,0.000,60.609,29.944,-1.543,70.346,0.944
100800.165,302.288,1.162,25.220,369.436,301.183,-3.999,-2.229,-0.321,0.732,-0.324,-1.764,-1.815,-2.675,-1.228,-1.563,0.211,-2.761,1.361,0.000,-0.726,-1.463,0.000,60.609,29.944,-1.543,70.346,0.954
100796.133,302.284,1.162,25.223,369.515,300.703,-2.594,-2.786,0.214,0.314,-0.324,-2.594,-1.388,-1.605,-1.563,-1.459,0.528,-3.186,1.675,-0.418,-0.207,-1.463,0.000,60.609,29.944,-1.543,70.362,0.964
100796.133,302.286,1.162,25.215,369.278,300.863,-3.459,-1.672,-0.107,1.045,-0.540,-2.387,-1.708,-2.140,-1.228,-1.771,0.739,-2.548,0.733,-0.313,-0.311,-1.351,0.000,60.609,29.944,-1.543,70.330,0.954
100808.228,302.286,1.162,25.046,364.378,296.540,-2.918,-1.672,-0.855,0.732,-0.648,-2.283,-1.815,-1.819,-0.781,-1.771,0.845,-2.973,0.733,-0.522,-0.415,-1.688,0.000,60.609,29.944,-1.543,68.030,0.995
100784.039,302.289,1.161,25.046,364.299,296.380,-3.567,-2.118,-0.534,0.209,-0.648,-2.179,-1.922,-1.926,-1.228,-0.938,0.845,-2.973,1.152,-1.149,-0.104,-1.013,0.000,60.609,29.944,-1.543,68.063,1.005
100796.133,302.289,1.162,25.053,364.536,296.380,-2.810,-2.118,-0.321,0.836,-0.648,-2.283,-1.815,-2.247,-0.781,-0.834,0.845,-3.186,1.152,-0.627,-1.036,-1.351,0.000,60.609,29.944,-1.543,68.046,1.005
100800.165,302.289,1.162,25.044,364.299,296.380,-3.026,-2.563,-0.214,0.941,0.108,-2.698,-1.922,-2.033,-1.451,-1.146,0.845,-2.655,1.256,-0.731,-0.104,-2.026,0.000,60.609,29.944,-1.543,68.063,0.995
100792.102,302.291,1.162,25.056,364.616,296.380,-2.918,-2.006,-0.641,0.941,-0.108,-1.972,-2.242,-2.140,-1.005,-1.771,0.634,-3.079,1.466,-0.418,-0.311,-1.126,0.000,60.609,29.944,-1.543,68.046,1.005
100796.133,302.289,1.162,25.047,364.378,296.540,-3.242,-2.452,-0.000,0.836,-0.000,-2.491,-1.281,-2.461,-1.005,-0.938,0.845,-2.336,1.047,-0.418,0.104,-1.013,0.000,60.609,29.944,-1.543,68.046,1.005
100784.039,302.292,1.161,25.049,364.378,296.380,-2.918,-2.786,-0.214,0.732,-0.648,-1.972,-1.602,-1.712,-0.893,-1.355,0.739,-3.079,0.524,-0.522,-0.518,-1.463,0.000,60.609,29.944,-1.543,68.030,0.995
100804.196,302.292,1.162,25.046,364.378,296.700,-2.486,-1.783,-0.107,0.627,-0.216,-2.802,-1.495,-1.712,-1.116,-1.355,0.528,-2.655,0.628,-0.313,0.000,-1.463,0.000,60.609,29.944,-1.543,68.030,1.016
100788.070,302.292,1.162,25.051,364.457,297.181,-2.594,-1.672,0.963,0.836,-0.108,-1.972,-2.776,-2.033,-0.893,-1.146,0.634,-2.761,1.571,-0.836,-0.311,-1.576,0.000,60.609,29.944,-1.543,68.046,1.005
100792.102,302.292,1.162,25.045,364.299,297.021,-3.242,-2.341,-0.107,0.941,-0.432,-1.972,-1.602,-3.103,-0.558,-1.042,0.739,-3.186,0.628,0.105,-0.829,-1.688,0.000,60.609,29.944,-1.543,68.046,0.995
100800.165,302.294,1.162,25.055,364.616,297.021,-2.918,-2.675,-0.107,0.523,-0.108,-2.283,-2.136,-2.568,-1.339,-1.042,0.739,-3.079,1.361,-0.731,-0.207,-1.126,0.000,60.609,29.944,-1.543,68.030,0.995
100804.196,302.292,1.162,25.057,364.695,296.861,-3.242,-1.783,-0.641,0.836,-0.324,-2.075,-1.708,-1.819,-0.558,-1.771,0.739,-2.548,1.361,-0.418,0.000,-1.238,0.000,60.609,29.944,-1.543,68.014,1.026
100788.070,302.294,1.162,25.054,364.536,296.861,-2.918,-1.672,0.107,0.627,-0.432,-2.179,-2.349,-1.926,-0.893,-1.250,0.423,-2.548,1.361,-0.836,-0.311,-0.901,0.000,60.609,29.944,-1.543,68.014,0.995
100788.070,302.296,1.162,25.057,364.616,296.700,-2.702,-2.118,0.107,1.254,-0.756,-1.972,-1.815,-1.926,-1.451,-1.146,1.268,-2.655,0.838,-0.104,-0.726,-1.126,0.000,60.609,29.944,-1.543,68.014,1.005
100792.102,302.294,1.162,25.056,364.616,296.700,-3.242,-1.895,-0.428,0.836,-0.000,-3.217,-2.029,-2.140,-1.451,-1.355,0.951,-2.336,1.047,-0.731,-0.207,-2.251,0.000,60.609,29.944,-1.543,68.014,1.005
100784.039,302.292,1.161,25.052,364.457,296.540,-2.486,-1.672,-0.107,0.523,-0.540,-2.283,-2.136,-2.140,-0.893,-2.084,0.845,-3.079,1.780,-0.418,-0.207,-1.126,0.000,60.609,29.944,-1.543,68.014,0.985
100788.070,302.294,1.162,25.057,364.616,296.700,-3.675,-2.118,-0.321,0.314,-0.216,-1.764,-1.602,-2.675,-1.116,-1.250,-0.422,-2.761,1.152,-0.522,-0.311,-1.463,0.000,60.609,29.944,-1.543,67.981,1.005
100788.070,302.292,1.162,25.057,364.616,296.540,-2.486,-2.675,-0.000,0.627,-0.540,-2.491,-2.029,-2.354,-1.228,-1.876,1.268,-3.610,0.733,-0.836,0.000,-1.463,0.000,60.609,29.944,-1.543,67.981,1.005
100780.007,302.292,1.161,25.055,364.536,296.700,-2.810,-2.006,-0.428,0.836,-0.108,-2.906,-1.602,-2.247,-1.005,-1.876,0.951,-2.655,0.628,-0.522,-0.207,-1.914,0.000,60.609,29.944,-1.543,67.997,1.005
100792.102,302.291,1.162,25.048,364.378,296.861,-3.134,-1.895,-0.107,-0.000,-0.432,-2.698,-2.456,-2.889,-1.228,-1.563,0.951,-2.973,1.152,-1.045,-0.415,-1.126,0.000,60.609,29.944,-1.543,67.997,0.995
100808.228,302.294,1.162,25.005,363.193,285.974,-3.350,-2.229,-0.000,1.255,-0.324,-2.179,-1.495,-2.568,-1.340,-1.354,1.479,-2.548,1.047,-0.209,-0.622,-1.013,0.000,60.609,29.944,-1.543,69.074,1.077
100804.196,302.292,1.162,25.011,363.351,285.974,-2.918,-2.675,0.535,1.045,-0.108,-2.594,-1.815,-1.605,-1.898,-1.563,0.528,-2.548,1.571,-0.418,-0.207,-1.126,0.000,60.609,29.944,-1.543,69.106,1.087
100800.165,302.291,1.162,25.001,363.035,285.814,-3.242,-1.895,-0.321,1.150,-0.000,-2.387,-1.815,-2.461,-0.335,-2.292,1.268,-2.336,1.466,-0.104,-0.104,-1.238,0.000,60.609,29.944,-1.543,69.090,1.067
100792.102,302.291,1.162,25.002,363.035,285.974,-3.458,-2.118,0.535,0.314,-0.000,-1.972,-2.136,-2.461,-0.781,-1.459,0.528,-2.973,1.361,-1.149,0.311,-1.238,0.000,60.609,29.944,-1.543,69.090,1.077
100800.165,302.291,1.162,24.995,362.877,285.814,-2.702,-2.452,-0.000,1.045,-0.432,-2.387,-2.029,-1.712,-0.893,-0.938,0.739,-2.973,1.361,-0.104,-0.933,-1.351,0.000,60.609,29.944,-1.543,69.106,1.057
100788.070,302.291,1.162,24.997,362.877,285.974,-3.134,-1.895,-0.748,0.941,0.108,-2.802,-1.815,-2.354,-1.228,-1.146,0.951,-2.761,1.361,-0.418,0.208,-2.476,0.000,60.609,29.944,-1.543,69.090,1.077
100796.133,302.289,1.162,24.998,362.956,286.455,-3.026,-2.341,0.107,1.045,-0.000,-2.594,-2.029,-2.140,-0.781,-2.084,0.845,-2.548,1.152,-0.418,-0.726,-1.238,0.000,60.609,29.944,-1.543,69.074,1.067
100800.165,302.294,1.162,25.001,363.035,286.294,-3.458,-1.783,-0.107,0.836,0.433,-1.764,-1.602,-2.247,-0.781,-1.042,0.211,-2.548,1.152,-0.627,-0.311,-1.126,0.000,60.609,29.944,-1.543,69.106,1.067
100796.133,302.289,1.162,24.993,362.798,286.294,-2.810,-2.786,0.321,1.254,-0.756,-2.594,-2.029,-1.819,-1.116,-0.833,0.951,-3.292,1.257,-0.313,0.104,-1.013,0.000,60.609,29.944,-1.543,69.090,1.077
100792.102,302.289,1.162,24.993,362.798,286.615,-3.134,-1.783,-0.428,0.836,-0.108,-2.906,-1.815,-2.247,-1.005,-1.250,1.162,-2.548,0.838,-0.209,-0.622,-1.576,0.000,60.609,29.944,-1.543,69.074,1.077
100796.133,302.294,1.162,24.996,362.877,286.455,-2.810,-2.006,0.321,0.314,-0.648,-2.075,-2.563,-2.140,-0.446,-1.042,1.056,-2.442,1.780,-0.731,-0.104,-1.463,0.000,60.609,29.944,-1.543,69.074,1.057
100808.228,302.294,1.162,24.992,362.798,286.455,-3.566,-2.118,0.428,0.418,-0.324,-2.491,-2.029,-2.568,-0.893,-0.938,-0.000,-2.336,1.257,-0.522,-0.518,-1.576,0.000,60.609,29.944,-1.543,69.090,1.077
100796.133,302.291,1.162,24.996,362.877,286.294,-2.810,-2.898,-0.534,1.045,-0.432,-2.283,-1.495,-1.712,-1.451,-1.042,0.423,-3.504,1.256,0.000,0.208,-1.463,0.000,60.609,29.944,-1.543,69.106,1.077
100792.102,302.289,1.162,24.988,362.640,286.294,-2.810,-2.006,-0.534,0.941,-0.540,-2.906,-1.602,-2.140,-0.335,-1.459,0.634,-2.761,1.361,-0.313,0.311,-2.026,0.000,60.609,29.944,-1.543,69.074,1.057
100784.039,302.289,1.161,25.000,362.956,286.134,-3.242,-1.783,-0.000,0.314,-0.432,-2.387,-2.456,-1.819,-1.451,-1.459,0.739,-2.442,1.885,-1.254,-0.726,-1.463,0.000,60.609,29.944,-1.543,69.106,1.067
100788.070,302.289,1.162,24.986,362.561,286.455,-3.134,-2.341,-0.000,0.836,-0.756,-2.491,-1.602,-2.996,-0.558,-1.667,0.528,-2.867,1.152,-0.418,-0.622,-1.351,0.000,60.609,29.944,-1.543,69.090,1.057
100788.070,302.289,1.162,24.988,362.640,286.455,-2.918,-2.563,-0.107,0.836,-0.324,-2.594,-2.349,-1.284,-1.897,-1.876,0.845,-2.867,1.466,-0.627,-0.104,-1.801,0.000,60.609,29.944,-1.543,69.123,1.067
100788.070,302.289,1.162,24.988,362.640,286.455,-3.134,-1.895,-0.855,1.045,0.108,-2.802,-1.815,-2.033,-0.670,-2.084,0.211,-2.230,0.942,-0.313,-0.518,-1.126,0.000,60.609,29.944,-1.543,69.106,1.077
100796.133,302.289,1.162,24.985,362.561,286.615,-3.242,-1.895,0.321,0.418,-0.216,-1.972,-2.029,-2.461,-0.781,-1.355,0.317,-2.442,1.152,-0.731,-0.311,-1.351,0.000,60.609,29.944,-1.543,69.155,1.077
100788.070,302.292,1.162,24.983,362.482,286.455,-2.702,-2.006,0.214,0.314,-0.432,-2.491,-1.068,-2.568,-1.116,-1.459,1.056,-3.398,1.152,-0.313,-1.140,-1.688,0.000,60.609,29.944,-1.543,69.139,1.046
100796.133,302.286,1.162,24.895,359.953,280.691,-3.891,-2.229,-0.214,0.418,-0.108,-2.387,-1.388,-2.033,-2.121,-1.146,0.211,-2.548,0.838,-0.522,-0.518,-1.238,0.000,60.609,29.944,-1.543,69.596,1.098
100796.133,302.288,1.162,24.889,359.795,280.691,-2.594,-2.786,0.214,0.732,0.000,-2.491,-1.922,-1.712,-1.340,-0.625,0.951,-2.973,1.361,-0.522,0.104,-0.901,0.000,60.609,29.944,-1.543,69.612,1.098
100804.196,302.294,1.162,24.894,359.953,280.531,-2.702,-2.898,-0.321,0.941,0.216,-3.736,-2.242,-1.712,-1.340,-1.355,1.057,-2.973,0.628,-0.104,0.415,-2.139,0.000,60.609,29.944,-1.543,69.612,1.087
100800.165,302.288,1.162,24.886,359.716,280.851,-3.134,-1.895,-0.214,0.627,-0.432,-2.387,-1.815,-1.926,-0.893,-1.250,1.057,-2.124,1.571,-0.418,-0.415,-1.126,0.000,60.609,29.944,-1.543,69.612,1.108
100800.165,302.283,1.162,24.886,359.716,280.531,-3.459,-2.118,0.749,1.150,-0.432,-2.387,-1.922,-2.996,-1.116,-1.146,0.740,-2.867,1.047,-0.627,-0.311,-1.688,0.000,60.609,29.944,-1.543,69.612,1.087
100792.102,302.283,1.162,24.887,359.716,280.051,-2.486,-2.898,-0.000,0.732,-0.432,-2.387,-1.815,-2.033,-1.340,-1.355,0.528,-3.186,1.571,-0.313,-0.415,-1.351,0.000,60.609,29.944,-1.543,69.612,1.098
100796.133,302.283,1.162,24.883,359.637,280.211,-3.459,-1.783,-0.641,0.732,-0.648,-2.387,-1.602,-2.675,-0.893,-1.667,0.951,-2.230,0.628,-0.627,-0.104,-1.351,0.000,60.609,29.944,-1.543,69.628,1.087
100792.102,302.283,1.162,24.887,359.716,280.371,-3.026,-1.783,0.642,0.732,-0.216,-2.283,-2.136,-2.568,-0.893,-1.042,0.634,-2.548,1.675,-1.254,0.000,-1.463,0.000,60.609,29.944,-1.543,69.612,1.087
100792.102,302.283,1.162,24.884,359.637,280.531,-3.242,-2.452,-0.214,0.941,-0.756,-2.179,-1.495,-2.247,-0.781,-0.834,0.423,-3.079,1.361,0.105,-1.036,-1.576,0.000,60.609,29.944,-1.543,69.645,1.098
100788.070,302.283,1.162,24.876,359.400,280.211,-2.810,-2.229,-0.000,0.627,-0.108,-3.113,-1.388,-1.819,-2.009,-1.146,1.057,-2.336,1.675,-0.313,0.000,-1.688,0.000,60.609,29.944,-1.543,69.628,1.087
100792.102,302.286,1.162,24.881,359.558,280.371,-3.026,-1.895,-0.962,0.941,0.108,-2.283,-1.815,-2.033,-0.781,-1.667,0.845,-2.442,1.047,-0.522,0.104,-1.013,0.000,60.609,29.944,-1.543,69.628,1.087
100788.070,302.281,1.162,24.873,359.321,280.371,-3.242,-2.229,0.535,0.209,-0.324,-2.179,-1.708,-2.140,-0.893,-0.834,0.211,-2.867,1.571,-1.149,-0.415,-1.351,0.000,60.609,29.944,-1.543,69.628,1.098
100784.039,302.284,1.161,24.874,359.321,280.371,-2.918,-2.229,-0.107,0.732,-0.648,-2.179,-1.815,-1.926,-1.116,-1.355,1.479,-2.973,1.675,-0.313,-0.829,-1.576,0.000,60.609,29.944,-1.543,69.661,1.098
100800.165,302.283,1.162,24.880,359.558,280.211,-3.026,-2.118,-0.534,0.418,-0.108,-2.594,-1.708,-2.033,-1.339,-1.563,1.056,-2.336,1.571,-0.209,-0.415,-1.801,0.000,60.609,29.944,-1.543,69.645,1.108
100796.133,302.283,1.162,24.870,359.241,279.731,-3.891,-1.783,-0.214,0.941,-0.216,-1.660,-2.456,-2.033,-1.339,-2.605,0.739,-2.548,1.571,-0.627,0.000,-1.126,0.000,60.609,29.944,-1.543,69.645,1.098
100804.196,302.288,1.162,24.869,359.241,279.731,-3.567,-2.563,0.107,0.627,-0.432,-2.283,-1.495,-2.247,-1.228,-0.938,0.211,-2.655,0.733,-0.209,-0.311,-1.126,0.000,60.609,29.944,-1.543,69.694,1.098
100788.070,302.291,1.162,24.871,359.241,279.891,-2.378,-2.229,-0.321,0.836,-0.540,-2.283,-1.281,-2.247,-1.451,-1.980,0.951,-3.292,1.361,-0.104,-0.104,-1.576,0.000,60.609,29.944,-1.543,69.677,1.087
100792.102,302.286,1.162,24.865,359.083,279.891,-2.918,-2.118,-0.748,0.836,-0.756,-3.009,-1.815,-1.712,-0.781,-1.980,0.528,-2.867,0.733,-0.418,-0.207,-1.914,0.000,60.609,29.944,-1.543,69.677,1.098
100792.102,302.284,1.162,24.857,358.846,279.731,-3.459,-2.006,-0.214,0.627,-0.108,-2.075,-2.456,-1.498,-1.116,-1.355,0.739,-2.761,1.466,-0.313,-0.104,-0.901,0.000,60.609,29.944,-1.543,69.677,1.087
100792.102,302.283,1.162,24.862,359.004,280.051,-3.026,-1.895,0.214,0.627,-0.432,-2.802,-1.708,-2.461,-0.670,-1.042,1.162,-2.761,0.942,0.105,-0.415,-1.576,0.000,60.609,29.944,-1.543,69.677,1.108
100804.196,302.263,1.162,25.172,368.093,283.253,-3.242,-2.229,0.214,0.732,-0.108,-2.387,-2.242,-1.605,-1.563,-1.667,0.739,-2.442,1.675,-0.627,-0.829,-0.788,0.000,60.609,29.944,-1.543,66.285,1.128
100804.196,302.265,1.162,25.183,368.409,283.413,-3.675,-1.895,-0.534,0.941,-0.540,-2.283,-1.922,-2.782,-1.005,-1.355,0.423,-2.973,1.361,-0.418,-0.311,-1.463,0.000,60.609,29.944,-1.543,66.252,1.149
100804.196,302.265,1.162,25.175,368.172,283.573,-2.594,-3.567,-0.107,1.045,-0.756,-1.972,-1.388,-2.033,-1.563,-1.459,1.479,-3.504,0.942,-0.209,-0.311,-1.463,0.000,60.609,29.944,-1.543,66.269,1.169
100796.133,302.265,1.162,25.174,368.093,283.413,-2.918,-2.006,-0.428,0.941,-0.216,-2.594,-1.388,-1.819,-1.116,-0.521,0.951,-2.124,0.838,-0.418,-0.311,-1.801,0.000,60.609,29.944,-1.543,66.252,1.159
100808.228,302.267,1.162,25.178,368.251,283.573,-3.351,-2.006,0.107,0.209,-0.000,-2.491,-2.242,-1.819,-1.116,-1.563,0.739,-2.867,0.942,-1.567,-0.311,-1.576,0.000,60.609,29.944,-1.543,66.252,1.169
100804.196,302.259,1.162,25.175,368.172,283.413,-2.918,-2.118,-0.214,0.941,-0.432,-2.594,-1.922,-2.782,-1.116,-0.938,0.845,-2.548,0.942,-0.313,-0.622,-1.576,0.000,60.609,29.944,-1.543,66.236,1.169
100804.196,302.262,1.162,25.175,368.172,283.893,-2.918,-2.675,-0.641,1.254,-0.216,-2.594,-1.708,-2.033,-1.897,-1.042,0.951,-2.655,1.466,-0.209,0.519,-2.139,0.000,60.609,29.944,-1.543,66.220,1.159
100800.165,302.260,1.162,25.181,368.330,283.733,-2.810,-1.895,-0.534,0.836,0.108,-2.491,-2.029,-1.819,-0.558,-1.876,0.528,-2.548,1.256,-0.418,-0.104,-1.351,0.000,60.609,29.944,-1.543,66.203,1.149
100808.228,302.257,1.162,25.177,368.251,284.053,-3.134,-2.229,-0.107,-0.000,-0.216,-2.906,-1.708,-2.568,-1.116,-0.521,0.106,-2.655,1.571,-1.254,-0.311,-1.351,0.000,60.609,29.944,-1.543,66.187,1.159
100792.102,302.268,1.162,25.180,368.251,283.893,-2.702,-2.898,0.214,0.732,-0.216,-2.594,-1.495,-2.247,-1.786,-1.042,0.845,-3.186,1.152,-0.418,-1.244,-1.013,0.000,60.609,29.944,-1.543,66.203,1.149
100804.196,302.263,1.162,25.183,368.409,284.213,-3.134,-2.118,-0.534,0.523,-0.000,-3.009,-2.136,-1.926,-1.005,-1.771,0.845,-2.548,1.047,-0.731,0.104,-1.801,0.000,60.609,29.944,-1.543,66.220,1.169
100808.228,302.262,1.162,25.180,368.330,284.373,-3.026,-1.672,0.107,1.045,-0.324,-2.283,-2.349,-2.033,-1.116,-2.084,0.634,-2.867,1.047,-1.045,-0.518,-1.351,0.000,60.609,29.944,-1.543,66.187,1.139
100804.196,302.265,1.162,25.186,368.488,284.053,-3.675,-2.118,-0.428,0.627,-0.432,-2.491,-1.708,-2.461,-0.893,-1.042,0.106,-2.973,1.257,-0.627,-0.622,-1.126,0.000,60.609,29.944,-1.543,66.203,1.159
100800.165,302.267,1.162,25.192,368.646,284.053,-3.026,-2.898,-0.214,1.150,-0.540,-2.179,-1.602,-1.819,-0.893,-1.563,0.845,-3.292,1.257,0.105,-0.518,-1.801,0.000,60.609,29.944,-1.543,66.187,1.139
100808.228,302.263,1.162,25.191,368.646,284.053,-3.242,-1.672,-0.428,0.836,-0.432,-2.802,-1.708,-2.033,-0.670,-1.459,0.634,-2.230,0.419,-0.313,-0.518,-1.688,0.000,60.609,29.944,-1.543,66.187,1.139
100804.196,302.263,1.162,25.189,368.567,284.213,-2.918,-1.895,-0.107,0.418,-0.648,-2.387,-2.456,-2.140,-1.228,-1.459,0.951,-2.867,1.361,-0.731,-0.726,-1.126,0.000,60.609,29.944,-1.543,66.171,1.149
100796.133,302.262,1.162,25.192,368.646,284.053,-3.026,-2.118,-0.107,1.045,-0.540,-1.868,-2.242,-2.461,-1.116,-0.521,0.528,-2.655,1.466,0.105,-0.829,-1.013,0.000,60.609,29.944,-1.543,66.171,1.149
100788.070,302.265,1.162,25.196,368.725,284.213,-2.918,-3.009,0.214,0.836,-0.216,-2.594,-1.815,-1.712,-2.232,-1.355,1.056,-2.973,1.466,-0.104,-0.207,-1.463,0.000,60.609,29.944,-1.543,66.154,1.149
100800.165,302.262,1.162,25.192,368.646,284.213,-3.350,-2.452,-1.069,1.045,-0.432,-2.802,-1.815,-2.568,-0.670,-1.563,0.739,-2.761,0.524,-0.104,-0.518,-1.351,0.000,60.609,29.944,-1.543,66.171,1.149
100804.196,302.262,1.162,25.191,368.646,284.373,-3.350,-2.118,0.321,0.418,-0.540,-2.387,-1.815,-2.033,-1.116,-1.250,0.634,-2.548,0.942,-0.627,-0.415,-1.351,0.000,60.609,29.944,-1.543,66.187,1.159
100796.133,302.254,1.162,25.013,363.430,286.615,-2.918,-1.895,0.107,0.941,0.216,-1.868,-2.456,-1.926,-0.893,-1.771,0.951,-2.867,1.466,-0.940,-0.933,-1.126,0.000,60.609,29.944,-1.543,68.568,1.210
100812.259,302.255,1.162,25.006,363.272,286.775,-3.459,-1.895,-0.107,0.836,-0.324,-2.179,-1.815,-2.247,-1.451,-1.355,0.951,-2.230,1.152,-0.104,-0.207,-1.463,0.000,60.609,29.944,-1.543,68.568,1.190
100796.133,302.250,1.162,25.008,363.272,286.615,-2.702,-2.452,-0.428,1.359,-0.540,-2.491,-1.708,-2.568,-1.228,-1.563,0.951,-3.504,1.466,-0.313,-0.518,-1.463,0.000,60.609,29.944,-1.543,68.536,1.221
100796.133,302.250,1.162,25.005,363.193,286.615,-2.486,-2.006,-0.748,0.941,-0.756,-2.698,-1.495,-1.605,-0.335,-1.876,0.951,-2.655,0.838,-0.731,-0.207,-1.576,0.000,60.609,29.944,-1.543,68.519,1.210
100800.165,302.254,1.162,25.002,363.114,286.775,-3.459,-1.895,0.107,0.209,0.108,-2.075,-1.922,-1.926,-1.116,-1.459,1.056,-2.761,1.152,-1.254,0.104,-1.013,0.000,60.609,29.944,-1.543,68.536,1.190
100800.165,302.252,1.162,25.013,363.430,286.615,-2.918,-2.006,0.428,0.836,-0.540,-2.594,-1.815,-2.461,-0.893,-1.042,1.584,-2.655,1.256,-0.418,-0.829,-1.801,0.000,60.609,29.944,-1.543,68.519,1.200
100808.228,302.250,1.162,25.011,363.430,286.615,-2.918,-2.563,-0.107,1.045,0.324,-2.179,-1.815,-2.033,-1.786,-0.938,0.739,-3.079,1.466,-0.000,0.104,-2.026,0.000,60.609,29.944,-1.543,68.519,1.221
100804.196,302.252,1.162,25.018,363.588,286.775,-3.351,-1.895,-0.534,0.627,-0.000,-2.387,-1.815,-2.247,-0.781,-1.667,1.056,-2.761,0.838,-0.313,-0.104,-1.351,0.000,60.609,29.944,-1.543,68.536,1.221
100808.228,302.254,1.162,25.023,363.746,286.615,-3.567,-1.783,0.535,0.627,-0.108,-2.283,-1.708,-2.247,-0.670,-1.250,0.106,-2.548,1.989,-0.731,-0.104,-1.013,0.000,60.609,29.944,-1.543,68.503,1.210
100800.165,302.252,1.162,25.018,363.588,286.455,-2.594,-2.229,0.107,1.045,-0.972,-1.868,-1.708,-2.140,-1.228,-1.355,1.373,-3.292,1.361,-0.104,-1.036,-1.576,0.000,60.609,29.944,-1.543,68.503,1.200
100808.228,302.250,1.162,25.011,363.430,286.455,-3.026,-1.783,-0.000,1.254,0.216,-2.698,-1.495,-1.498,-1.339,-1.146,1.162,-2.548,1.152,-1.045,-0.104,-2.139,0.000,60.609,29.944,-1.543,68.519,1.200
100804.196,302.249,1.162,25.004,363.193,286.455,-2.918,-1.672,-0.214,0.941,-0.216,-1.764,-2.349,-1.605,-1.005,-1.980,1.373,-2.655,1.571,-0.731,-0.104,-0.901,0.000,60.609,29.944,-1.543,68.519,1.210
100804.196,302.242,1.162,25.014,363.509,286.294,-3.675,-2.118,-0.214,1.150,0.324,-2.283,-1.175,-2.461,-1.116,-0.313,0.528,-2.442,1.466,-0.627,0.104,-1.238,0.000,60.609,29.944,-1.543,68.519,1.221
100800.165,302.249,1.162,25.021,363.667,286.294,-2.810,-3.121,-0.428,0.627,-0.756,-2.283,-2.029,-1.926,-1.786,-1.042,1.690,-2.761,1.675,-0.104,-0.415,-1.801,0.000,60.609,29.944,-1.543,68.519,1.210
100800.165,302.246,1.162,25.020,363.667,285.974,-2.918,-1.560,-0.641,0.836,-0.000,-3.009,-1.388,-2.033,-0.335,-1.771,0.845,-2.442,0.733,-0.418,-0.207,-1.463,0.000,60.609,29.944,-1.543,68.487,1.200
100800.165,302.246,1.162,25.020,363.667,285.974,-2.702,-1.783,0.428,0.523,-0.432,-2.594,-2.456,-2.033,-0.893,-1.355,0.634,-2.761,1.361,-1.463,0.415,-1.688,0.000,60.609,29.944,-1.543,68.487,1.200
100800.165,302.249,1.162,25.023,363.746,286.294,-2.810,-2.563,-0.107,1.045,-0.864,-2.594,-1.922,-2.675,-0.558,-0.938,1.162,-2.442,0.628,-0.418,-0.726,-1.238,0.000,60.609,29.944,-1.543,68.503,1.200
100800.165,302.250,1.162,25.026,363.825,286.134,-3.026,-2.563,0.214,0.732,-0.000,-3.113,-2.029,-1.926,-1.563,-1.667,0.845,-2.655,1.152,-0.313,-0.104,-2.364,0.000,60.609,29.944,-1.543,68.454,1.190
100808.228,302.249,1.162,25.022,363.746,285.974,-3.350,-2.118,-0.428,0.732,-0.108,-1.972,-2.136,-1.819,-0.893,-1.771,0.739,-2.655,0.942,0.209,-0.207,-1.013,0.000,60.609,29.944,-1.543,68.519,1.210
100796.133,302.249,1.162,25.021,363.667,285.974,-3.890,-2.341,0.107,0.732,-0.432,-1.972,-1.175,-2.247,-1.116,-1.146,-0.211,-2.655,1.257,-0.418,-0.622,-1.688,0.000,60.609,29.944,-1.543,68.487,1.200
100812.259,302.263,1.162,25.047,364.457,306.626,-3.566,-2.229,-0.000,0.732,-0.972,-2.698,-1.815,-2.675,-1.005,-1.146,1.268,-3.292,0.942,0.209,-1.036,-1.126,0.000,60.609,29.944,-1.543,65.991,1.251
100792.102,302.263,1.162,25.052,364.536,306.786,-2.918,-2.452,-0.214,0.836,-0.324,-2.906,-2.242,-1.819,-1.340,-1.459,1.056,-2.973,1.361,-0.522,0.208,-1.914,0.000,60.609,29.944,-1.543,66.008,1.251
100808.228,302.259,1.162,25.044,364.378,306.786,-3.026,-2.341,-0.321,0.627,-0.540,-2.283,-1.922,-2.033,-0.781,-1.875,0.951,-2.973,1.152,-0.418,-0.104,-1.013,0.000,60.609,29.944,-1.543,66.008,1.241
100808.228,302.260,1.162,25.045,364.378,306.626,-3.458,-1.783,0.107,-0.000,-0.540,-1.868,-2.029,-2.461,-1.005,-1.250,-0.422,-2.973,1.361,-0.522,-0.518,-1.351,0.000,60.609,29.944,-1.543,65.991,1.251
100804.196,302.257,1.162,25.045,364.378,306.946,-2.918,-2.341,-0.000,0.732,-1.295,-2.491,-1.495,-2.247,-1.898,-1.250,1.162,-3.186,1.361,-0.313,-0.518,-1.576,0.000,60.609,29.944,-1.543,65.991,1.221
100796.133,302.259,1.162,25.041,364.220,306.306,-3.134,-1.672,-0.214,0.627,-0.216,-2.802,-1.602,-1.926,-0.781,-1.667,0.634,-2.973,0.733,-0.209,-0.415,-1.688,0.000,60.609,29.944,-1.543,66.008,1.251
100792.102,302.255,1.162,25.041,364.220,306.466,-3.026,-1.783,-0.214,0.627,-0.216,-1.972,-2.776,-2.033,-1.228,-1.459,0.951,-2.973,1.885,-0.627,-0.829,-1.351,0.000,60.609,29.944,-1.543,65.991,1.241
100804.196,302.255,1.162,25.045,364.378,306.306,-4.107,-2.118,0.214,0.523,-0.540,-2.387,-1.602,-2.461,-1.116,-0.417,0.845,-2.548,1.152,-0.313,-0.622,-1.914,0.000,60.609,29.944,-1.543,65.991,1.251
100800.165,302.254,1.162,25.037,364.141,306.466,-2.810,-3.121,-0.321,1.045,-0.756,-2.179,-1.602,-1.819,-1.116,-1.146,0.634,-3.504,1.361,-0.313,0.000,-1.463,0.000,60.609,29.944,-1.543,66.008,1.251
100804.196,302.255,1.162,25.034,364.062,306.626,-3.026,-1.449,-0.321,1.045,-0.216,-2.283,-2.242,-1.712,-0.781,-1.459,0.634,-2.761,1.152,-0.209,-0.311,-1.351,0.000,60.609,29.944,-1.543,65.959,1.272
100788.070,302.260,1.162,25.044,364.299,306.626,-3.782,-1.783,-0.214,0.209,0.324,-2.387,-2.349,-2.247,-1.005,-0.834,0.951,-2.867,1.675,-1.045,-0.311,-1.463,0.000,60.609,29.944,-1.543,65.991,1.251
100800.165,302.260,1.162,25.043,364.299,306.306,-2.810,-2.452,0.321,1.150,-0.864,-2.387,-2.136,-3.103,-1.339,-1.563,0.951,-2.655,1.152,-0.104,-0.829,-1.576,0.000,60.609,29.944,-1.543,66.008,1.262
100808.228,302.254,1.162,25.042,364.299,306.306,-3.242,-2.452,-0.214,1.045,-0.432,-2.387,-1.495,-1.926,-1.228,-1.042,1.162,-2.973,1.256,-0.313,0.104,-2.026,0.000,60.609,29.944,-1.543,65.991,1.241
100800.165,302.254,1.162,25.037,364.141,306.306,-3.134,-2.341,-0.428,1.045,-0.108,-2.491,-1.815,-1.819,-0.335,-2.188,0.634,-2.761,1.256,-0.104,-0.311,-1.238,0.000,60.609,29.944,-1.543,65.975,1.262
100804.196,302.255,1.162,25.031,363.983,306.146,-3.242,-1.672,0.107,0.418,0.108,-2.179,-1.922,-2.140,-0.670,-1.146,0.317,-2.230,1.256,-0.209,0.000,-1.351,0.000,60.609,29.944,-1.543,65.975,1.221
100804.196,302.254,1.162,25.031,363.983,305.986,-3.026,-2.452,-0.321,0.941,-1.079,-2.283,-1.922,-2.354,-1.563,-1.146,1.584,-2.867,1.256,-0.522,-1.347,-1.238,0.000,60.609,29.944,-1.543,65.991,1.262
100812.259,302.250,1.162,25.030,363.983,305.986,-3.134,-2.452,-0.214,0.941,0.433,-2.906,-1.708,-1.926,-1.563,-1.771,0.951,-2.336,1.047,-0.104,0.104,-2.251,0.000,60.609,29.944,-1.543,65.942,1.231
100800.165,302.252,1.162,25.026,363.825,306.306,-3.134,-2.229,0.214,0.418,-0.216,-2.179,-2.136,-2.354,-0.893,-1.876,1.056,-2.867,1.152,-0.418,-0.311,-1.238,0.000,60.609,29.944,-1.543,65.975,1.251
100800.165,302.252,1.162,25.026,363.825,305.986,-3.891,-2.118,0.107,0.732,-0.432,-2.283,-1.281,-2.354,-1.116,-1.459,0.423,-2.548,1.571,-0.731,-0.415,-1.576,0.000,60.609,29.944,-1.543,65.975,1.251
100800.165,302.257,1.162,25.024,363.746,305.826,-2.486,-2.786,-0.214,0.732,-0.216,-2.179,-1.815,-1.926,-1.563,-1.146,0.845,-3.292,0.942,0.209,0.000,-1.463,0.000,60.609,29.944,-1.543,65.926,1.251
100820.322,302.263,1.162,24.967,362.166,324.557,-3.026,-2.563,0.107,0.941,-0.000,-3.113,-1.922,-1.712,-1.451,-1.771,0.528,-3.504,1.361,-0.522,-0.104,-2.139,0.000,60.609,29.944,-1.543,66.693,1.303
100824.353,302.263,1.162,24.964,362.087,324.397,-3.567,-1.895,-0.107,1.359,-0.108,-2.283,-1.602,-1.605,-1.116,-2.084,1.268,-2.655,1.361,-0.418,-0.207,-0.901,0.000,60.609,29.944,-1.543,66.725,1.282
100808.228,302.263,1.162,24.968,362.166,324.557,-3.026,-2.229,0.428,0.418,-0.108,-2.387,-1.708,-2.033,-1.228,-0.729,0.739,-2.973,0.942,-0.731,0.000,-1.576,0.000,60.609,29.944,-1.543,66.725,1.292
100804.196,302.263,1.162,24.958,361.849,324.877,-2.378,-2.341,0.214,0.941,-0.756,-2.283,-1.708,-2.461,-1.228,-0.938,0.951,-2.973,1.361,-0.313,-0.933,-1.126,0.000,60.609,29.944,-1.543,66.660,1.292
100804.196,302.265,1.162,24.969,362.166,324.557,-2.810,-2.118,0.214,0.732,0.216,-3.009,-1.922,-2.033,-1.116,-0.938,0.634,-2.442,0.942,-0.731,-0.207,-2.589,0.000,60.609,29.944,-1.543,66.693,1.292
100804.196,302.260,1.162,24.972,362.245,324.076,-3.459,-2.006,0.107,0.627,-0.540,-1.972,-2.029,-2.354,-1.339,-1.771,0.528,-2.548,1.571,-1.045,-0.207,-1.238,0.000,60.609,29.944,-1.543,66.676,1.282
100796.133,302.260,1.162,24.959,361.849,324.557,-3.567,-2.452,-0.000,0.418,0.324,-2.387,-1.388,-2.140,-0.893,-1.250,0.106,-2.442,1.466,-0.522,-0.104,-1.126,0.000,60.609,29.944,-1.543,66.709,1.292
100796.133,302.257,1.162,24.972,362.245,324.557,-2.486,-2.675,-0.321,1.150,-0.432,-2.283,-1.815,-1.712,-1.228,-1.042,1.162,-3.716,1.361,-0.418,-0.207,-1.126,0.000,60.609,29.944,-1.543,66.709,1.292
100804.196,302.255,1.162,24.969,362.166,324.397,-3.134,-1.783,-0.748,0.627,-0.216,-3.113,-1.922,-1.926,-0.670,-1.667,0.634,-2.761,0.628,-0.522,0.104,-0.788,0.000,60.609,29.944,-1.543,66.725,1.292
100796.133,302.262,1.162,24.967,362.087,324.717,-3.134,-1.895,0.321,0.209,-0.216,-2.179,-2.776,-2.461,-1.116,-1.459,1.056,-2.761,1.152,-1.045,-0.518,-1.576,0.000,60.609,29.944,-1.543,66.693,1.313
100796.133,302.267,1.162,24.967,362.087,324.877,-3.026,-1.895,-0.534,0.941,-0.540,-2.698,-1.708,-2.461,-1.116,-1.667,0.634,-2.655,1.256,-0.313,-0.415,-1.463,0.000,60.609,29.944,-1.543,66.676,1.282
100800.165,302.260,1.162,24.972,362.245,325.197,-2.594,-2.675,-0.000,1.464,-0.216,-2.491,-1.815,-1.605,-1.786,-0.938,0.739,-2.867,1.571,-0.313,-0.104,-1.914,0.000,60.609,29.944,-1.543,66.693,1.282
100808.228,302.262,1.162,24.974,362.324,324.557,-2.918,-1.895,-0.428,0.314,-0.108,-2.387,-2.136,-2.354,-0.893,-2.188,0.951,-2.548,1.466,-0.209,-0.518,-0.901,0.000,60.609,29.944,-1.543,66.693,1.282
100812.259,302.262,1.162,24.973,362.324,325.197,-3.567,-2.675,0.535,-0.418,-0.216,-2.179,-1.388,-2.461,-1.451,-1.355,0.845,-2.761,1.571,-1.149,0.104,-1.351,0.000,60.609,29.944,-1.543,66.693,1.282
100808.228,302.259,1.162,24.968,362.166,324.557,-3.026,-2.341,0.107,0.523,-1.079,-1.972,-1.388,-2.675,-0.893,-1.250,1.373,-3.079,1.361,0.209,-0.933,-1.238,0.000,60.609,29.944,-1.543,66.693,1.272
100796.133,302.255,1.162,24.972,362.245,324.557,-2.918,-1.672,0.214,1.045,-0.000,-2.387,-1.708,-1.819,-1.339,-1.355,0.739,-2.230,1.047,-0.418,0.104,-2.139,0.000,60.609,29.944,-1.543,66.693,1.292
100816.290,302.257,1.162,24.975,362.403,324.717,-3.026,-2.006,-0.107,0.836,-0.000,-2.387,-2.242,-2.140,-0.893,-1.563,1.056,-2.655,1.466,-0.627,-0.207,-1.463,0.000,60.609,29.944,-1.543,66.676,1.292
100796.133,302.259,1.162,24.978,362.403,324.557,-3.891,-2.229,-0.214,0.627,-0.324,-1.972,-1.495,-2.354,-0.893,-1.146,0.211,-2.761,1.466,-0.522,-0.311,-1.013,0.000,60.609,29.944,-1.543,66.676,1.313
100796.133,302.257,1.162,24.975,362.324,324.877,-2.378,-2.675,-0.214,0.836,-0.324,-1.868,-1.602,-1.926,-1.116,-1.355,0.845,-2.973,1.047,-0.731,-0.104,-1.463,0.000,60.609,29.944,-1.543,66.676,1.303
100812.259,302.257,1.162,24.970,362.245,324.557,-3.134,-1.672,-0.534,0.941,-0.324,-3.113,-1.602,-1.819,-1.228,-1.355,0.951,-2.655,0.838,-0.522,0.000,-1.126,0.000,60.609,29.944,-1.543,66.693,1.292
100796.133,302.246,1.162,25.048,364.457,336.884,-3.782,-2.118,-0.000,0.732,-0.000,-2.594,-1.922,-2.675,-0.781,-1.354,0.739,-2.973,1.466,-0.209,-0.207,-1.463,0.000,60.609,29.944,-1.543,65.975,1.344
100804.196,302.249,1.162,25.045,364.378,336.404,-2.810,-3.344,-0.641,0.627,-0.648,-2.594,-1.388,-2.247,-1.340,-1.146,1.056,-3.186,1.571,-0.313,-0.622,-1.801,0.000,60.609,29.944,-1.543,65.975,1.354
100808.228,302.249,1.162,25.044,364.378,336.884,-3.674,-1.895,-0.321,0.523,-0.432,-2.594,-2.136,-2.033,-1.005,-1.563,0.317,-2.655,0.733,-0.627,-0.104,-1.801,0.000,60.609,29.944,-1.543,65.959,1.344
100808.228,302.249,1.162,25.044,364.378,336.884,-3.350,-1.895,0.214,0.418,0.108,-2.491,-2.456,-1.819,-1.005,-1.146,0.845,-3.186,1.257,-1.149,-0.207,-1.238,0.000,60.609,29.944,-1.543,65.959,1.364
100820.322,302.250,1.162,25.053,364.695,336.724,-3.242,-2.341,-0.214,0.732,-0.864,-1.868,-2.029,-2.782,-1.228,-1.354,0.739,-2.867,1.257,-0.418,-1.036,-1.126,0.000,60.609,29.944,-1.543,65.942,1.333
100812.259,302.249,1.162,25.038,364.220,336.564,-3.134,-2.563,-0.321,0.941,-0.432,-3.009,-2.029,-1.926,-1.898,-1.771,1.162,-2.973,1.466,-0.313,0.208,-1.914,0.000,60.609,29.944,-1.543,65.942,1.354
100816.290,302.249,1.162,25.038,364.220,336.884,-3.134,-1.895,-0.641,0.732,-0.432,-1.868,-1.708,-2.461,-0.670,-2.084,1.056,-2.655,1.257,-0.627,0.000,-1.463,0.000,60.609,29.944,-1.543,65.942,1.344
100800.165,302.250,1.162,25.048,364.457,336.724,-3.242,-1.449,-0.107,0.314,-0.324,-2.179,-2.029,-2.033,-1.451,-1.250,0.106,-2.655,1.571,-0.836,-0.104,-1.351,0.000,60.609,29.944,-1.543,65.894,1.344
100812.259,302.249,1.162,25.035,364.141,336.404,-2.486,-2.675,0.107,1.359,-0.864,-2.075,-1.708,-2.354,-0.893,-1.667,1.056,-3.504,0.942,-0.522,-0.726,-1.688,0.000,60.609,29.944,-1.543,65.942,1.354
100804.196,302.244,1.162,25.047,364.457,336.404,-3.134,-2.229,-0.107,0.836,-0.000,-2.906,-1.602,-2.140,-1.228,-1.563,0.423,-2.761,1.361,-0.627,0.104,-1.801,0.000,60.609,29.944,-1.543,65.959,1.354
100808.228,302.244,1.162,25.036,364.141,336.564,-2.702,-2.118,0.214,0.836,-0.108,-1.972,-2.349,-1.284,-1.116,-1.876,0.739,-2.442,1.571,-0.209,-0.415,-1.463,0.000,60.609,29.944,-1.543,65.942,1.364
100808.228,302.246,1.162,25.041,364.299,336.724,-3.674,-1.672,-0.428,1.464,-0.000,-2.283,-1.815,-2.568,-1.451,-1.459,0.739,-3.186,1.257,-0.522,0.104,-1.688,0.000,60.609,29.944,-1.543,65.959,1.344
100804.196,302.247,1.162,25.039,364.220,336.404,-2.702,-2.563,-0.321,0.627,-0.648,-2.283,-2.029,-2.033,-1.674,-1.042,1.373,-3.398,0.838,0.209,0.104,-1.801,0.000,60.609,29.944,-1.543,65.959,1.354
100808.228,302.250,1.162,25.041,364.299,336.884,-3.458,-1.895,-0.855,0.732,-0.432,-2.491,-2.029,-2.247,-0.670,-1.771,0.634,-2.973,0.942,-0.313,-0.207,-1.126,0.000,60.609,29.944,-1.543,65.910,1.344
100812.259,302.246,1.162,25.041,364.299,336.884,-3.134,-2.006,-0.214,0.209,-0.648,-2.075,-2.563,-1.391,-0.893,-1.250,0.951,-2.548,1.466,-0.836,-0.311,-0.675,0.000,60.609,29.944,-1.543,65.942,1.323
100816.290,302.244,1.162,25.037,364.220,337.364,-3.674,-2.118,-0.321,0.732,-0.756,-2.283,-2.029,-2.461,-0.893,-0.938,1.479,-3.292,0.838,-0.104,-0.829,-1.688,0.000,60.609,29.944,-1.543,65.926,1.354
100820.322,302.247,1.162,25.032,364.062,337.204,-3.242,-2.006,-0.428,0.836,0.216,-2.491,-2.242,-1.819,-1.674,-0.834,0.739,-2.655,1.152,-0.313,-0.104,-2.026,0.000,60.609,29.944,-1.543,65.910,1.344
100824.353,302.244,1.162,25.031,364.062,337.204,-2.918,-2.006,-0.428,0.418,-0.216,-2.179,-2.242,-2.675,-0.893,-2.084,1.056,-2.973,1.152,-0.627,-0.415,-0.675,0.000,60.609,29.944,-1.543,65.926,1.354
100812.259,302.250,1.162,25.038,364.220,337.364,-3.783,-2.006,-0.321,0.418,-0.432,-2.698,-1.388,-2.140,-0.893,-1.146,-0.105,-2.442,0.942,-0.418,-0.311,-1.463,0.000,60.609,29.944,-1.543,65.942,1.354
100804.196,302.252,1.162,25.037,364.141,337.524,-2.594,-2.675,0.107,1.150,-0.216,-2.179,-1.495,-1.819,-0.893,-0.938,1.373,-2.973,1.152,-0.418,-0.622,-1.126,0.000,60.609,29.944,-1.543,65.926,1.333
100812.259,302.244,1.162,24.973,362.324,344.248,-2.702,-1.895,0.642,0.627,-0.540,-2.491,-2.242,-2.247,-0.781,-1.042,0.634,-2.548,1.152,-1.149,0.000,-1.238,0.000,60.609,29.944,-1.543,70.346,1.415
100816.290,302.241,1.162,24.969,362.245,344.408,-3.459,-2.341,-0.321,0.941,-0.432,-2.179,-1.281,-2.461,-1.116,-1.146,0.739,-2.548,1.152,-0.000,-0.622,-1.126,0.000,60.609,29.944,-1.543,70.346,1.415
100812.259,302.244,1.162,24.964,362.087,344.408,-3.242,-2.898,0.428,0.627,-0.216,-2.906,-1.815,-2.033,-1.451,-1.250,0.845,-3.398,1.256,-0.418,-0.207,-2.026,0.000,60.609,29.944,-1.543,70.346,1.395
100812.259,302.244,1.162,24.973,362.324,344.248,-3.351,-2.229,-0.855,0.523,-0.432,-2.491,-2.242,-2.140,-0.893,-1.771,0.951,-2.548,1.466,-0.209,0.104,-1.576,0.000,60.609,29.944,-1.543,70.330,1.395
100816.290,302.246,1.162,24.969,362.245,343.768,-2.918,-1.895,0.535,0.105,-0.324,-2.387,-1.708,-1.712,-1.005,-0.729,-0.211,-2.867,1.152,-1.149,-0.104,-1.351,0.000,60.609,29.944,-1.543,70.330,1.415
100808.228,302.246,1.162,24.973,362.324,343.768,-2.702,-2.675,-0.321,0.732,-0.864,-2.075,-1.922,-2.461,-0.781,-1.459,1.479,-3.292,1.152,-0.731,-0.726,-2.026,0.000,60.609,29.944,-1.543,70.313,1.405
100820.322,302.244,1.162,24.966,362.166,343.768,-3.026,-1.449,-0.000,0.627,-0.216,-2.906,-2.029,-2.461,-1.116,-1.355,1.373,-2.230,1.256,-0.209,-0.104,-2.476,0.000,60.609,29.944,-1.543,70.346,1.405
100808.228,302.242,1.162,24.965,362.087,343.608,-3.351,-1.672,0.642,0.627,-0.000,-1.764,-2.563,-2.140,-0.781,-1.250,0.634,-2.442,1.361,-0.836,-0.415,-1.688,0.000,60.609,29.944,-1.543,70.330,1.405
100804.196,302.241,1.162,24.963,362.008,343.448,-3.675,-2.118,-0.107,0.836,-0.324,-2.283,-1.708,-2.675,-1.228,-1.250,0.951,-2.761,1.047,-0.627,-0.311,-1.688,0.000,60.609,29.944,-1.543,70.330,1.405
100812.259,302.239,1.162,24.956,361.849,343.128,-2.918,-2.786,-0.107,0.941,-0.000,-2.179,-1.815,-1.712,-1.786,-1.563,1.056,-2.761,1.571,-0.104,-0.311,-2.139,0.000,60.609,29.944,-1.543,70.346,1.415
100812.259,302.239,1.162,24.962,362.008,343.448,-3.351,-1.783,-0.855,0.941,-0.432,-2.802,-1.708,-2.247,-0.781,-1.876,0.845,-2.442,0.942,-0.418,-0.207,-1.013,0.000,60.609,29.944,-1.543,70.346,1.415
100788.070,302.241,1.162,24.959,361.849,342.967,-3.567,-2.675,-0.000,0.627,-0.540,-2.075,-2.029,-2.675,-0.558,-0.729,0.423,-2.548,1.361,-1.045,0.104,-1.576,0.000,60.609,29.944,-1.543,70.330,1.426
100808.228,302.242,1.162,24.954,361.770,342.967,-2.810,-2.675,-0.534,0.627,-0.864,-2.179,-1.495,-2.568,-1.563,-1.250,0.951,-2.761,1.047,0.314,-1.244,-1.013,0.000,60.609,29.944,-1.543,70.313,1.405
100808.228,302.242,1.162,24.951,361.691,343.128,-3.134,-2.118,-0.321,1.359,-0.216,-2.698,-1.815,-1.819,-1.563,-0.834,0.634,-2.548,1.256,0.209,-0.104,-2.026,0.000,60.609,29.944,-1.543,70.346,1.395
100800.165,302.242,1.162,24.955,361.770,343.288,-3.351,-2.006,-0.428,0.836,-0.648,-2.075,-1.815,-2.247,-1.005,-1.876,0.634,-2.548,1.780,-0.627,-0.415,-1.463,0.000,60.609,29.944,-1.543,70.330,1.395
100816.290,302.247,1.162,24.950,361.691,342.967,-3.459,-2.006,-0.000,0.209,-0.108,-2.491,-1.602,-2.247,-0.781,-0.521,0.317,-2.867,1.361,-1.045,-0.104,-1.126,0.000,60.609,29.944,-1.543,70.313,1.395
100816.290,302.241,1.162,24.950,361.691,342.807,-2.594,-3.344,0.321,1.359,-0.432,-2.491,-1.495,-1.605,-1.563,-1.042,1.056,-2.867,1.885,-0.000,-0.207,-1.688,0.000,60.609,29.944,-1.543,70.346,1.385
100796.133,302.239,1.162,24.950,361.612,342.967,-2.702,-1.672,-0.321,0.836,-0.432,-3.009,-2.242,-2.140,-0.893,-1.146,0.739,-2.336,0.419,-0.209,-0.207,-1.914,0.000,60.609,29.944,-1.543,70.330,1.405
100812.259,302.241,1.162,24.945,361.533,342.967,-2.702,-2.229,-0.000,0.418,-0.216,-2.179,-2.669,-2.140,-0.446,-1.355,0.634,-2.761,1.675,-1.254,0.000,-1.126,0.000,60.609,29.944,-1.543,70.330,1.415
100800.165,302.238,1.162,24.941,361.375,342.807,-2.918,-1.783,-0.000,1.150,-0.000,-2.283,-1.815,-2.461,-0.781,-0.834,0.739,-2.867,1.256,-0.000,-0.415,-0.788,0.000,60.609,29.944,-1.543,70.362,1.405
100812.259,302.250,1.162,25.157,367.698,353.213,-3.242,-2.229,-0.107,0.627,-0.216,-3.424,-2.029,-2.140,-2.344,-1.250,0.528,-2.230,0.942,-0.731,0.104,-2.026,0.000,60.609,29.944,-1.543,66.383,1.436
100808.228,302.250,1.162,25.163,367.856,352.733,-3.026,-2.118,-0.428,0.732,0.108,-2.179,-2.136,-2.033,-0.893,-2.292,0.845,-2.336,1.675,-0.731,-0.207,-1.238,0.000,60.609,29.944,-1.543,66.383,1.436
100808.228,302.250,1.162,25.163,367.856,352.733,-3.891,-1.895,0.107,0.941,-0.108,-2.075,-1.708,-2.247,-1.339,-1.146,0.211,-2.655,0.838,-0.522,-0.518,-1.463,0.000,60.609,29.944,-1.543,66.399,1.436
100812.259,302.249,1.162,25.160,367.777,352.573,-2.486,-3.121,-0.214,0.836,-0.216,-2.179,-1.281,-1.712,-1.116,-1.250,1.584,-3.504,1.256,-0.522,-0.622,-1.688,0.000,60.609,29.944,-1.543,66.383,1.415
100804.196,302.249,1.162,25.153,367.540,352.733,-2.918,-1.560,-0.321,0.836,-0.324,-2.906,-1.602,-2.140,-0.781,-1.250,0.317,-2.124,0.524,-0.104,-0.518,-1.463,0.000,60.609,29.944,-1.543,66.399,1.426
100796.133,302.247,1.162,25.154,367.540,352.413,-2.810,-1.783,0.107,0.627,-0.432,-2.283,-2.136,-2.247,-1.228,-0.625,1.056,-2.655,1.256,-1.254,-0.104,-1.576,0.000,60.609,29.944,-1.543,66.415,1.446
100792.102,302.246,1.162,25.157,367.619,352.413,-3.026,-2.675,-0.321,0.732,-0.756,-2.491,-1.815,-2.568,-0.781,-0.834,1.162,-2.548,1.256,-0.209,-0.933,-0.901,0.000,60.609,29.944,-1.543,66.432,1.436
100812.259,302.246,1.162,25.157,367.698,352.573,-2.702,-2.341,-0.428,0.627,-0.108,-2.698,-2.242,-1.819,-1.563,-0.938,1.056,-2.761,1.780,0.314,-0.207,-1.688,0.000,60.609,29.944,-1.543,66.432,1.426
100820.322,302.246,1.162,25.154,367.619,352.733,-3.134,-2.229,-0.321,1.254,-0.540,-2.075,-2.136,-1.391,-0.446,-2.188,1.056,-2.336,1.571,-0.313,-0.104,-0.563,0.000,60.609,29.944,-1.543,66.415,1.446
100796.133,302.249,1.162,25.159,367.698,352.733,-3.351,-2.786,0.107,-0.000,-0.108,-2.491,-2.349,-2.354,-1.005,-1.146,0.951,-3.186,1.256,-0.731,0.000,-1.126,0.000,60.609,29.944,-1.543,66.432,1.436
100808.228,302.247,1.162,25.158,367.698,353.053,-2.486,-2.675,-0.107,0.732,-0.216,-2.283,-1.815,-2.461,-1.005,-1.459,0.951,-2.867,1.675,-0.522,-1.036,-1.126,0.000,60.609,29.944,-1.543,66.432,1.426
100812.259,302.246,1.162,25.160,367.777,352.893,-2.702,-2.006,-0.214,0.627,-0.324,-2.906,-1.602,-1.605,-0.893,-1.667,0.634,-2.442,0.628,-0.522,-0.104,-1.801,0.000,60.609,29.944,-1.543,66.448,1.446
100808.228,302.247,1.162,25.158,367.698,352.893,-2.594,-2.229,0.107,1.150,-0.324,-2.283,-2.456,-2.247,-1.339,-1.876,0.423,-2.548,1.571,-0.627,-0.104,-1.238,0.000,60.609,29.944,-1.543,66.432,1.436
100808.228,302.250,1.162,25.163,367.856,353.053,-3.783,-2.563,-0.214,1.045,-0.432,-2.179,-1.175,-2.782,-1.228,-0.625,0.106,-2.655,1.361,-0.104,-0.104,-1.688,0.000,60.609,29.944,-1.543,66.448,1.426
100804.196,302.254,1.162,25.161,367.777,352.733,-2.594,-3.121,-0.428,0.836,-0.000,-2.283,-1.281,-2.033,-1.898,-1.042,0.739,-2.867,1.047,-0.104,-0.104,-1.914,0.000,60.609,29.944,-1.543,66.464,1.426
100796.133,302.250,1.162,25.165,367.856,352.733,-2.810,-1.449,-1.496,1.150,-0.324,-3.217,-2.136,-2.247,-0.558,-2.501,0.951,-2.761,1.047,-0.627,-0.622,-1.463,0.000,60.609,29.944,-1.543,66.464,1.426
100804.196,302.247,1.162,25.156,367.619,353.053,-3.350,-1.560,0.321,0.627,-0.108,-2.283,-2.242,-2.140,-1.005,-1.771,0.211,-2.761,1.466,-1.149,-0.311,-1.576,0.000,60.609,29.944,-1.543,66.448,1.436
100796.133,302.252,1.162,25.154,367.540,353.053,-2.486,-2.118,0.107,1.150,-0.540,-2.594,-2.029,-2.140,-1.116,-1.042,0.739,-2.973,0.838,-0.209,-0.829,-1.463,0.000,60.609,29.944,-1.543,66.464,1.426
100800.165,302.250,1.162,25.175,368.172,352.893,-3.134,-2.341,-0.000,0.836,0.108,-3.009,-1.922,-2.675,-1.339,-1.250,0.634,-2.548,1.466,-0.209,-0.104,-1.463,0.000,60.609,29.944,-1.543,66.448,1.426
100800.165,302.249,1.162,25.159,367.698,353.053,-3.242,-2.229,-0.641,0.732,-0.432,-1.868,-2.029,-2.247,-0.335,-1.980,1.056,-2.230,1.256,-0.731,-0.207,-1.126,0.000,60.609,29.944,-1.543,66.448,1.456
100820.322,302.226,1.162,24.935,361.296,353.053,-3.783,-2.118,-0.321,0.523,-0.324,-2.283,-1.281,-2.675,-1.675,-1.042,0.000,-2.761,1.571,-0.731,0.000,-1.688,0.000,60.609,29.944,-1.543,68.943,1.508
100792.102,302.231,1.162,24.928,360.980,352.893,-2.702,-2.675,-0.321,1.359,-0.540,-2.075,-1.281,-1.605,-0.781,-1.355,1.057,-3.398,1.466,-0.104,0.104,-1.463,0.000,60.609,29.944,-1.543,68.911,1.508
100804.196,302.228,1.162,24.935,361.217,352.733,-3.134,-1.783,-0.534,0.418,-0.108,-3.424,-1.602,-2.461,-0.558,-1.771,0.951,-2.442,0.419,-0.418,-0.415,-1.576,0.000,60.609,29.944,-1.543,68.943,1.528
100812.259,302.225,1.162,24.931,361.138,352.573,-3.567,-1.672,0.107,0.836,-0.648,-2.387,-2.669,-2.033,-1.005,-1.250,0.951,-2.867,2.094,-0.940,0.000,-1.013,0.000,60.609,29.944,-1.543,68.911,1.497
100812.259,302.230,1.162,24.939,361.375,353.053,-3.134,-2.229,0.428,1.150,-0.432,-2.283,-1.922,-1.926,-1.116,-0.521,1.479,-2.548,1.257,-0.313,-0.622,-1.351,0.000,60.609,29.944,-1.543,68.911,1.497
100808.228,302.230,1.162,24.926,360.980,352.893,-2.702,-2.563,-0.107,1.045,-0.216,-2.594,-2.029,-1.819,-1.786,-1.250,1.162,-3.504,1.257,-0.209,-0.207,-2.251,0.000,60.609,29.944,-1.543,68.911,1.508
100796.133,302.231,1.162,24.941,361.375,352.893,-3.134,-1.672,-0.855,0.627,-0.108,-2.491,-1.922,-2.140,-0.781,-2.501,0.845,-2.442,0.942,-0.522,0.104,-0.788,0.000,60.609,29.944,-1.543,68.911,1.508
100816.290,302.231,1.162,24.925,360.980,352.893,-3.891,-2.452,0.214,-0.104,-0.540,-2.179,-1.815,-2.568,-1.340,-1.459,0.528,-2.761,1.361,-1.045,-0.415,-0.901,0.000,60.609,29.944,-1.543,68.894,1.497
100804.196,302.231,1.162,24.935,361.217,352.893,-3.134,-2.341,0.107,0.941,-0.756,-2.491,-1.922,-2.675,-1.116,-1.459,1.057,-2.867,1.257,-0.104,-0.933,-1.238,0.000,60.609,29.944,-1.543,68.927,1.487
100816.290,302.230,1.162,24.933,361.217,352.893,-2.702,-2.341,-0.000,1.568,0.216,-3.009,-2.136,-2.140,-1.563,-2.188,0.634,-2.761,0.733,-0.731,-0.311,-1.914,0.000,60.609,29.944,-1.543,68.878,1.487
100812.259,302.231,1.162,24.937,361.296,352.893,-2.702,-1.560,-0.214,0.732,-0.108,-2.179,-2.563,-2.247,-1.116,-1.980,0.634,-2.655,1.361,-0.627,-0.829,-1.351,0.000,60.609,29.944,-1.543,68.878,1.518
100808.228,302.231,1.162,24.924,360.901,352.733,-3.999,-2.229,-0.000,0.732,0.108,-2.387,-1.815,-2.354,-1.228,-1.355,-0.211,-2.867,1.047,-0.418,-0.622,-1.351,0.000,60.609,29.944,-1.543,68.911,1.487
100808.228,302.228,1.162,24.934,361.217,352.573,-2.594,-2.898,-0.000,0.941,-0.432,-2.802,-1.922,-1.498,-0.893,-1.250,1.162,-3.398,1.675,-0.104,0.000,-1.688,0.000,60.609,29.944,-1.543,68.911,1.497
100800.165,302.228,1.162,24.924,360.901,352.573,-2.918,-2.341,-0.641,1.150,-0.216,-3.009,-2.242,-2.461,-0.558,-1.355,0.634,-2.442,0.733,-0.940,-0.104,-1.801,0.000,60.609,29.944,-1.543,68.878,1.508
100804.196,302.223,1.162,24.929,361.059,352.573,-3.891,-1.783,-0.107,0.105,0.108,-2.283,-2.456,-1.926,-0.893,-0.834,0.739,-2.761,1.571,-1.045,-0.415,-1.463,0.000,60.609,29.944,-1.543,68.894,1.518
100804.196,302.231,1.162,24.932,361.138,352.413,-3.026,-2.341,-0.214,1.254,-0.540,-2.491,-2.136,-2.675,-0.781,-0.729,0.634,-2.442,1.466,0.105,-0.311,-1.914,0.000,60.609,29.944,-1.543,68.894,1.497
100796.133,302.233,1.162,24.931,361.059,352.413,-2.810,-2.675,-0.428,0.523,0.433,-2.179,-2.029,-1.926,-1.339,-1.146,0.528,-2.548,1.361,0.105,0.208,-2.026,0.000,60.609,29.944,-1.543,68.911,1.518
100800.165,302.231,1.162,24.930,361.059,352.733,-2.810,-1.895,-0.962,0.941,-0.216,-2.698,-1.922,-2.033,-0.558,-1.563,0.634,-2.442,1.256,-0.731,-0.104,-1.238,0.000,60.609,29.944,-1.543,68.894,1.508
100820.322,302.233,1.162,24.933,361.217,352.413,-3.242,-2.341,-0.000,0.314,-0.216,-2.075,-2.136,-2.247,-1.005,-1.459,0.423,-2.336,1.361,-0.522,-0.207,-1.238,0.000,60.609,29.944,-1.543,68.911,1.508
100804.196,302.231,1.162,24.932,361.138,352.573,-2.702,-3.121,0.321,1.254,-0.756,-2.594,-1.922,-1.926,-1.339,-1.563,1.056,-3.610,1.047,-0.418,-0.829,-1.351,0.000,60.609,29.944,-1.543,68.911,1.508
100804.196,302.233,1.162,25.030,363.983,358.657,-3.026,-2.898,-0.000,0.836,-0.108,-1.764,-1.815,-2.140,-0.893,-1.563,1.268,-2.973,1.361,-0.627,-0.518,-0.901,0.000,60.609,29.944,-1.543,67.280,1.559
100808.228,302.231,1.162,25.032,364.062,358.977,-2.486,-1.560,-0.428,0.418,0.324,-3.217,-1.708,-1.712,-0.893,-1.667,0.739,-2.655,0.838,0.209,-0.829,-1.801,0.000,60.609,29.944,-1.543,67.264,1.549
100808.228,302.231,1.162,25.027,363.904,359.137,-3.350,-2.229,-0.000,0.523,-0.540,-1.660,-2.776,-2.247,-0.335,-2.084,1.162,-2.867,1.675,-0.940,-0.311,-1.238,0.000,60.609,29.944,-1.543,67.264,1.549
100812.259,302.228,1.162,25.024,363.825,359.137,-3.890,-1.560,0.321,0.836,-0.324,-2.387,-1.602,-2.461,-1.228,-1.250,0.951,-2.548,1.361,-0.104,-0.622,-1.351,0.000,60.609,29.944,-1.543,67.264,1.559
100812.259,302.230,1.162,25.040,364.299,359.457,-2.918,-3.009,-0.000,0.523,-0.324,-2.387,-1.708,-2.247,-1.786,-1.459,0.951,-2.867,1.675,-0.104,-0.104,-1.801,0.000,60.609,29.944,-1.543,67.247,1.538
100808.228,302.233,1.162,25.041,364.299,359.137,-3.350,-1.449,-0.855,1.045,0.108,-3.113,-1.495,-1.498,-0.558,-1.979,0.951,-2.655,0.838,-0.104,-0.829,-1.126,0.000,60.609,29.944,-1.543,67.264,1.559
100808.228,302.234,1.162,25.033,364.062,359.457,-3.350,-2.229,-0.107,-0.313,-0.108,-2.698,-1.815,-2.247,-0.781,-1.146,0.634,-2.867,1.675,-1.254,-0.207,-1.914,0.000,60.609,29.944,-1.543,67.264,1.538
100812.259,302.231,1.162,25.032,364.062,359.297,-3.134,-2.118,-0.000,1.254,-0.648,-2.594,-1.815,-2.568,-0.893,-0.833,1.268,-2.867,1.571,0.314,-0.933,-0.788,0.000,60.609,29.944,-1.543,67.264,1.549
100812.259,302.230,1.162,25.037,364.220,359.617,-2.918,-2.452,0.107,1.359,-0.432,-2.491,-1.602,-2.140,-1.674,-0.833,0.951,-2.655,1.466,-0.418,-0.207,-2.026,0.000,60.609,29.944,-1.543,67.280,1.538
100800.165,302.228,1.162,25.036,364.141,359.617,-3.566,-1.895,-0.855,0.732,-0.432,-2.387,-2.136,-2.354,-0.670,-1.876,0.951,-2.867,1.257,-0.731,0.000,-1.126,0.000,60.609,29.944,-1.543,67.264,1.538
100808.228,302.231,1.162,25.035,364.141,359.617,-3.674,-2.563,0.107,0.732,0.108,-2.283,-1.602,-2.247,-1.451,-0.729,0.317,-2.336,1.257,-0.522,0.104,-1.013,0.000,60.609,29.944,-1.543,67.231,1.528
100816.290,302.231,1.162,25.040,364.299,359.457,-3.026,-2.675,-0.000,1.045,-0.864,-2.283,-1.922,-2.033,-1.116,-1.146,1.056,-3.292,1.361,-0.522,-0.311,-1.463,0.000,60.609,29.944,-1.543,67.247,1.549
100804.196,302.226,1.162,25.044,364.378,360.097,-3.026,-2.118,-0.214,1.150,-0.000,-2.802,-2.242,-2.354,-0.781,-1.459,1.268,-2.442,0.942,0.209,-0.104,-1.801,0.000,60.609,29.944,-1.543,67.231,1.549
100800.165,302.231,1.162,25.047,364.457,359.937,-2.810,-2.229,0.428,1.045,-0.324,-2.075,-2.242,-1.926,-1.228,-1.876,0.739,-2.761,1.256,-0.836,-0.207,-1.126,0.000,60.609,29.944,-1.543,67.231,1.559
100824.353,302.233,1.162,25.041,364.378,359.937,-3.674,-1.672,0.107,1.254,-0.432,-2.387,-1.708,-2.675,-0.893,-1.250,0.211,-2.761,1.571,-0.731,0.311,-1.463,0.000,60.609,29.944,-1.543,67.247,1.559
100812.259,302.236,1.162,25.051,364.616,360.097,-2.486,-3.121,0.107,0.523,-0.540,-2.491,-1.922,-2.247,-1.116,-1.355,0.634,-3.504,1.256,-0.209,0.000,-1.914,0.000,60.609,29.944,-1.543,67.264,1.549
100800.165,302.233,1.162,25.053,364.616,359.617,-3.134,-2.006,-0.855,0.836,-0.432,-2.802,-2.029,-1.926,-0.781,-1.355,0.528,-2.230,0.628,-0.522,-0.622,-1.801,0.000,60.609,29.944,-1.543,67.264,1.538
100824.353,302.231,1.162,25.049,364.616,359.937,-2.918,-1.895,0.107,-0.104,-0.432,-2.179,-2.669,-2.247,-1.116,-1.146,0.739,-2.867,1.885,-1.149,-0.104,-1.801,0.000,60.609,29.944,-1.543,67.264,1.549
100824.353,302.226,1.162,25.041,364.378,359.937,-3.459,-2.452,0.321,1.359,-0.000,-2.387,-1.815,-3.210,-1.116,-0.729,0.951,-2.867,1.361,-0.000,-0.415,-1.126,0.000,60.609,29.944,-1.543,67.264,1.549
100804.196,302.233,1.162,25.049,364.536,359.937,-2.702,-2.452,0.107,1.045,-0.000,-2.283,-2.349,-1.712,-1.674,-1.146,1.268,-2.973,1.571,-0.731,0.208,-1.914,0.000,60.609,29.944,-1.543,67.247,1.559
100808.228,302.239,1.162,24.858,359.004,356.896,-2.702,-1.783,-0.428,1.255,-0.108,-2.283,-2.136,-1.819,-0.335,-1.771,1.056,-2.655,1.047,-0.836,0.000,-1.351,0.000,60.609,29.944,-1.543,68.275,1.620
100812.259,302.239,1.162,24.861,359.083,356.575,-3.026,-2.341,0.321,-0.209,-0.108,-1.868,-2.029,-1.819,-0.558,-1.042,0.528,-2.655,1.466,-1.149,0.104,-1.463,0.000,60.609,29.944,-1.543,68.291,1.610
100812.259,302.241,1.162,24.863,359.162,356.735,-2.702,-3.121,-0.107,1.150,-0.864,-1.972,-1.602,-2.782,-1.116,-1.459,0.739,-2.973,1.152,-0.418,-0.622,-1.688,0.000,60.609,29.944,-1.543,68.242,1.600
100812.259,302.244,1.162,24.872,359.400,356.735,-2.702,-2.675,-0.107,0.836,-0.216,-2.698,-2.242,-1.819,-1.451,-1.459,0.951,-2.336,1.466,-0.418,-0.207,-1.914,0.000,60.609,29.944,-1.543,68.209,1.600
100812.259,302.244,1.162,24.866,359.241,357.056,-2.702,-1.783,-0.214,0.941,-0.000,-2.283,-2.242,-2.140,-1.116,-2.084,1.056,-2.761,1.047,-0.104,-0.311,-1.351,0.000,60.609,29.944,-1.543,68.258,1.610
100808.228,302.249,1.162,24.870,359.321,356.896,-3.459,-2.341,-0.214,0.627,-0.324,-2.387,-1.815,-2.354,-1.451,-0.938,-0.211,-2.655,1.256,-0.731,-0.207,-1.351,0.000,60.609,29.944,-1.543,68.226,1.631
100816.290,302.244,1.162,24.868,359.321,356.735,-2.378,-2.675,0.214,0.627,-0.756,-2.075,-1.708,-2.354,-1.339,-1.042,1.373,-3.292,1.571,-0.000,0.104,-1.463,0.000,60.609,29.944,-1.543,68.226,1.610
100816.290,302.244,1.162,24.863,359.162,356.255,-2.918,-2.118,-0.428,0.836,0.108,-3.113,-1.708,-2.140,-1.228,-0.938,0.423,-2.124,1.152,-0.418,-0.311,-1.238,0.000,60.609,29.944,-1.543,68.193,1.600
100808.228,302.242,1.162,24.864,359.162,356.415,-3.134,-2.006,-0.000,0.418,-0.432,-2.075,-2.349,-2.140,-1.228,-1.146,1.162,-2.867,1.571,-1.149,-0.207,-1.238,0.000,60.609,29.944,-1.543,68.226,1.610
100804.196,302.242,1.162,24.864,359.162,356.415,-3.351,-2.452,-0.321,1.150,-0.540,-2.179,-1.815,-2.354,-0.893,-1.563,0.739,-2.336,1.152,0.419,-0.415,-1.351,0.000,60.609,29.944,-1.543,68.209,1.590
100792.102,302.246,1.162,24.866,359.162,356.095,-2.378,-2.563,-0.107,1.359,0.108,-2.491,-1.815,-2.033,-1.563,-1.042,1.056,-2.761,1.466,0.105,0.104,-2.026,0.000,60.609,29.944,-1.543,68.226,1.620
100808.228,302.244,1.162,24.861,359.083,356.255,-2.918,-1.672,-0.321,0.627,-0.540,-2.698,-1.922,-1.819,-0.335,-1.876,0.845,-2.548,1.047,-0.104,-0.311,-1.126,0.000,60.609,29.944,-1.543,68.193,1.631
100812.259,302.238,1.162,24.860,359.083,356.095,-3.242,-2.229,-0.000,-0.000,-0.540,-2.698,-1.922,-2.140,-0.781,-0.938,0.211,-2.655,0.838,-0.836,-0.622,-1.238,0.000,60.609,29.944,-1.543,68.177,1.600
100800.165,302.250,1.162,24.862,359.083,356.255,-2.378,-2.563,0.214,1.150,-0.864,-2.491,-1.708,-2.247,-1.005,-1.355,0.739,-3.079,1.361,0.000,-0.207,-1.238,0.000,60.609,29.944,-1.543,68.193,1.610
100796.133,302.250,1.162,24.866,359.162,356.095,-2.918,-1.895,-0.000,0.627,-0.216,-3.321,-1.602,-2.461,-1.674,-1.771,0.845,-2.761,1.047,-0.522,-0.311,-2.251,0.000,60.609,29.944,-1.543,68.177,1.610
100800.165,302.252,1.162,24.865,359.162,356.095,-2.594,-2.006,0.535,0.523,-0.540,-2.179,-2.563,-2.140,-1.005,-1.146,0.528,-2.548,1.989,-0.940,-0.104,-1.688,0.000,60.609,29.944,-1.543,68.209,1.610
100800.165,302.249,1.162,24.857,358.925,355.935,-3.675,-1.783,0.214,1.045,-0.324,-2.387,-1.495,-2.889,-1.116,-0.625,0.739,-2.761,1.152,0.105,-0.207,-1.801,0.000,60.609,29.944,-1.543,68.193,1.610
100808.228,302.249,1.162,24.867,359.241,356.095,-3.026,-3.121,-0.321,1.045,-0.540,-2.491,-1.815,-1.605,-1.228,-0.834,0.528,-3.504,1.152,-0.522,0.311,-1.126,0.000,60.609,29.944,-1.543,68.193,1.579
100808.228,302.247,1.162,24.864,359.162,356.095,-3.242,-1.783,0.214,1.359,-0.216,-2.387,-1.922,-2.140,-0.781,-1.563,0.423,-2.442,1.466,-0.313,-0.104,-0.788,0.000,60.609,29.944,-1.543,68.177,1.620
100800.165,302.246,1.162,24.865,359.162,355.615,-3.242,-2.006,0.321,0.209,-0.108,-2.491,-1.922,-2.247,-0.670,-0.729,-0.000,-2.973,1.675,-1.045,0.311,-1.238,0.000,60.609,29.944,-1.543,68.193,1.600
