%Atmospheric Pressure [Pa],Atmospheric Temperature [K],Atmospheric Density [kg/m^3],Airspeed [m/s],Pitot Dynamic Pressure [Pa],Aux Dynamic Pressure [Pa],Scanivalve Pressure 1 [Pa],Scanivalve Pressure 2 [Pa],Scanivalve Pressure 3 [Pa],Scanivalve Pressure 4 [Pa],Scanivalve Pressure 5 [Pa],Scanivalve Pressure 6 [Pa],Scanivalve Pressure 7 [Pa],Scanivalve Pressure 8 [Pa],Scanivalve Pressure 9 [Pa],Scanivalve Pressure 10 [Pa],Scanivalve Pressure 11 [Pa],Scanivalve Pressure 12 [Pa],Scanivalve Pressure 13 [Pa],Scanivalve Pressure 14 [Pa],Scanivalve Pressure 15 [Pa],Scanivalve Pressure 16 [Pa],Angle of Attack [deg],Sting Normal Force [N],Sting Axial Force [N],Sting Pitching Moment [Nm],ELD Probe X axis [mm],ELD Probe Y axis [mm]
100699.378,302.399,1.160,24.926,360.383,175.702,-2.810,-3.901,-0.428,1.150,-0.324,-2.594,-2.136,-1.819,-1.451,-1.250,0.634,-2.973,1.571,-0.313,0.415,-1.238,0.000,60.609,29.944,-1.543,66.377,0.022
100715.504,302.402,1.160,24.935,360.700,175.702,-3.134,-1.895,-0.748,0.523,-0.540,-2.491,-1.815,-2.461,-0.558,-1.563,0.528,-2.655,0.838,-0.209,-0.311,-1.351,0.000,60.609,29.944,-1.543,66.361,0.032
100707.441,302.402,1.160,24.936,360.700,176.022,-2.594,-2.006,0.321,0.418,-0.432,-1.972,-2.456,-1.819,-0.781,-1.250,0.000,-2.867,1.152,-0.731,-0.104,-1.013,0.000,60.609,29.944,-1.543,66.295,0.022
100707.441,302.402,1.160,24.936,360.700,175.702,-3.350,-2.675,-0.107,1.150,-0.324,-2.179,-1.922,-2.140,-1.005,-1.459,1.162,-3.079,1.047,-0.418,-0.726,-1.463,0.000,60.609,29.944,-1.543,66.719,0.032
100699.378,302.400,1.160,24.940,360.779,175.862,-2.918,-2.229,-0.107,0.523,-0.108,-2.491,-1.815,-1.819,-1.563,-1.354,0.845,-2.548,1.571,-0.313,-0.415,-2.026,0.000,60.609,29.944,-1.543,66.540,0.022
100711.473,302.400,1.160,24.927,360.463,176.022,-3.026,-1.560,-0.214,0.209,-0.432,-2.283,-2.242,-2.033,-0.781,-2.500,1.056,-2.655,0.942,-0.627,-0.622,-1.013,0.000,60.609,29.944,-1.543,66.442,0.022
100707.441,302.397,1.160,24.939,360.779,175.702,-3.458,-2.452,0.107,0.732,-0.432,-2.179,-1.602,-2.247,-0.893,-1.354,0.211,-2.336,1.257,-0.627,-0.207,-1.351,0.000,60.609,29.944,-1.543,66.964,0.002
100699.378,302.399,1.160,24.937,360.700,176.022,-2.918,-2.563,-0.214,1.254,-0.432,-2.179,-1.602,-2.033,-1.005,-1.459,1.373,-3.398,1.780,-0.418,-0.518,-0.901,0.000,60.609,29.944,-1.543,66.458,0.012
100699.378,302.402,1.160,24.932,360.542,175.702,-2.486,-2.006,-0.214,0.627,0.324,-3.217,-1.708,-2.033,-1.005,-1.771,0.739,-2.655,1.361,-0.209,-0.104,-2.139,0.000,60.609,29.944,-1.543,66.295,0.022
100703.410,302.399,1.160,24.942,360.858,175.702,-3.458,-1.560,-0.214,0.627,-0.756,-2.075,-2.669,-1.926,-1.005,-1.146,1.373,-2.973,1.257,-0.940,-0.415,-1.463,0.000,60.609,29.944,-1.543,66.377,0.002
100707.441,302.396,1.160,24.933,360.621,176.022,-3.890,-2.118,-0.214,1.150,-0.432,-2.179,-1.495,-2.782,-0.893,-0.938,0.845,-2.548,1.361,-0.627,-0.415,-1.351,0.000,60.609,29.944,-1.543,66.605,0.012
100723.567,302.399,1.160,24.939,360.858,175.702,-3.026,-3.009,-0.321,0.836,-0.540,-2.698,-1.175,-2.140,-1.786,-1.459,0.951,-3.398,1.257,-0.104,-0.415,-1.688,0.000,60.609,29.944,-1.543,66.817,0.022
100715.504,302.399,1.160,24.943,360.937,175.542,-3.782,-1.672,-0.641,1.045,-0.540,-2.491,-1.922,-2.782,-0.558,-1.563,0.845,-2.761,1.047,-0.627,0.104,-1.463,0.000,60.609,29.944,-1.543,66.573,0.032
100711.473,302.400,1.160,24.946,361.016,175.702,-3.134,-2.452,0.321,-0.000,-0.324,-1.557,-2.029,-2.033,-1.005,-0.938,0.845,-2.867,1.361,-1.149,-0.311,-1.351,0.000,60.609,29.944,-1.543,66.524,0.012
100711.473,302.396,1.160,24.941,360.858,175.222,-2.918,-2.675,-0.107,0.941,-0.540,-2.179,-2.456,-2.782,-0.670,-1.042,0.951,-2.867,1.257,0.209,-0.726,-1.463,0.000,60.609,29.944,-1.543,66.915,0.002
100715.504,302.399,1.160,24.938,360.779,175.222,-2.918,-2.452,-0.641,0.523,0.541,-2.491,-1.708,-2.247,-1.674,-1.355,0.528,-2.867,1.257,-0.313,0.000,-2.139,0.000,60.609,29.944,-1.543,66.703,0.012
100715.504,302.399,1.160,24.946,361.016,174.902,-2.594,-2.341,-0.000,0.836,-0.216,-1.764,-1.815,-2.140,-0.781,-1.667,1.056,-2.548,1.152,-0.522,-0.207,-0.563,0.000,60.609,29.944,-1.543,66.850,0.012
100707.441,302.394,1.160,24.949,361.095,174.742,-3.566,-2.118,-0.214,0.314,-0.216,-2.075,-1.495,-1.926,-1.005,-1.250,0.211,-2.655,1.257,-0.940,-0.311,-1.126,0.000,60.609,29.944,-1.543,66.638,0.022
100707.441,302.397,1.160,24.941,360.858,174.742,-2.702,-2.563,-0.214,0.941,-1.619,-1.972,-2.136,-2.033,-1.116,-1.667,1.479,-3.292,1.257,-0.522,-0.207,-1.801,0.000,60.609,29.944,-1.543,66.507,0.002
100711.473,302.400,1.160,24.949,361.095,174.261,-2.810,-1.672,-0.000,0.836,-0.000,-3.113,-1.922,-2.247,-0.335,-1.667,0.106,-2.336,0.628,-0.627,-0.207,-1.688,0.000,60.609,29.944,-1.543,66.768,0.032
100715.504,302.436,1.160,25.067,364.493,195.554,-3.134,-2.898,-0.107,0.627,-1.187,-2.075,-2.029,-2.033,-1.116,-1.042,0.634,-3.398,1.780,-0.313,-0.622,-1.463,0.000,60.609,29.944,-1.543,65.676,0.360
100731.630,302.433,1.160,25.065,364.493,195.714,-2.918,-1.895,-0.214,0.836,-0.432,-2.594,-1.815,-2.461,-0.781,-1.354,0.528,-2.867,0.733,-0.418,-0.311,-1.463,0.000,60.609,29.944,-1.543,66.540,0.350
100723.567,302.434,1.160,25.058,364.256,195.874,-3.134,-2.229,0.107,0.418,-0.648,-1.764,-2.776,-1.819,-0.670,-1.667,0.634,-2.761,1.571,-1.149,0.104,-0.901,0.000,60.609,29.944,-1.543,66.344,0.350
100727.598,302.436,1.160,25.060,364.335,195.714,-3.566,-2.452,0.107,1.254,-0.648,-2.387,-1.708,-2.675,-1.228,-1.459,0.106,-2.548,1.466,-0.313,-0.622,-0.901,0.000,60.609,29.944,-1.543,66.540,0.360
100723.567,302.434,1.160,25.061,364.335,195.394,-2.702,-2.898,-0.000,0.523,-0.216,-2.179,-1.175,-1.712,-1.675,-1.459,0.739,-3.186,1.571,0.209,-0.104,-1.576,0.000,60.609,29.944,-1.543,66.589,0.370
100715.504,302.434,1.160,25.067,364.493,195.874,-3.242,-2.006,-0.641,0.627,-0.432,-2.802,-1.922,-1.926,-0.335,-2.396,1.056,-2.442,1.047,-0.209,-0.415,-1.688,0.000,60.609,29.944,-1.543,66.197,0.350
100723.567,302.439,1.160,25.056,364.177,195.554,-3.242,-2.341,0.535,-0.104,-0.540,-2.491,-2.242,-2.354,-0.447,-1.354,0.317,-3.079,1.361,-1.045,-0.622,-1.576,0.000,60.609,29.944,-1.543,66.752,0.340
100723.567,302.436,1.160,25.058,364.256,195.874,-3.134,-2.229,0.321,0.523,-0.648,-2.594,-1.815,-2.675,-1.228,-1.146,0.634,-2.655,1.152,0.105,-1.140,-1.688,0.000,60.609,29.944,-1.543,66.785,0.370
100727.598,302.438,1.160,25.069,364.572,196.034,-2.810,-2.452,-0.855,1.045,0.324,-2.698,-2.563,-1.926,-1.563,-1.250,0.845,-2.761,1.047,-0.209,-0.415,-2.026,0.000,60.609,29.944,-1.543,66.573,0.350
100727.598,302.438,1.160,25.063,364.414,196.354,-3.026,-2.229,-0.641,1.045,-0.324,-2.283,-1.815,-1.926,-0.223,-2.188,0.528,-2.442,1.047,-0.313,-0.311,-1.351,0.000,60.609,29.944,-1.543,66.230,0.340
100723.567,302.438,1.160,25.069,364.572,196.034,-3.134,-2.006,-0.107,0.941,-0.324,-2.594,-1.495,-2.675,-1.339,-0.834,0.000,-2.442,1.466,-0.940,-0.622,-1.688,0.000,60.609,29.944,-1.543,66.817,0.381
100723.567,302.439,1.160,25.061,364.335,195.874,-2.594,-3.009,0.107,0.941,-0.540,-2.283,-1.922,-2.033,-1.451,-1.355,0.845,-3.398,1.675,-0.522,-0.622,-1.013,0.000,60.609,29.944,-1.543,66.556,0.350
100731.630,302.436,1.160,25.063,364.414,196.354,-3.242,-2.118,-0.534,0.418,-0.000,-3.113,-2.029,-2.461,-1.228,-1.042,0.845,-2.655,0.942,-0.313,-0.104,-1.576,0.000,60.609,29.944,-1.543,66.556,0.350
100715.504,302.436,1.160,25.065,364.414,196.194,-2.918,-2.006,-0.000,0.627,-0.540,-1.868,-2.029,-2.247,-0.781,-1.250,0.634,-2.548,1.256,-0.940,-0.415,-1.351,0.000,60.609,29.944,-1.543,66.149,0.360
100719.536,302.439,1.160,25.059,364.256,196.354,-3.566,-2.452,-0.214,1.045,-0.648,-2.283,-1.708,-2.782,-1.005,-1.250,0.211,-2.442,0.733,-0.313,-0.726,-1.576,0.000,60.609,29.944,-1.543,66.426,0.360
100719.536,302.439,1.160,25.056,364.177,196.034,-2.918,-2.786,0.107,0.941,-0.000,-2.075,-1.815,-1.819,-1.339,-1.667,1.056,-2.761,1.885,0.105,0.104,-1.351,0.000,60.609,29.944,-1.543,66.312,0.360
100715.504,302.436,1.160,25.059,364.256,196.354,-3.134,-1.783,-0.428,0.836,0.216,-2.179,-2.029,-1.819,-1.228,-2.501,0.845,-2.973,1.152,-0.522,-0.104,-1.576,0.000,60.609,29.944,-1.543,66.034,0.360
100727.598,302.436,1.160,25.063,364.414,196.354,-3.567,-2.452,-0.214,0.209,-0.324,-2.283,-2.136,-1.712,-1.116,-1.459,0.739,-2.867,1.256,-1.358,-0.311,-1.688,0.000,60.609,29.944,-1.543,66.752,0.330
100743.724,302.431,1.160,25.058,364.335,196.674,-2.486,-2.563,-0.000,0.523,-0.972,-2.179,-1.815,-2.675,-1.005,-1.146,1.056,-3.398,1.047,-0.104,-0.311,-1.126,0.000,60.609,29.944,-1.543,66.882,0.360
100727.598,302.438,1.160,25.063,364.414,196.834,-2.918,-2.229,-0.214,0.836,-0.216,-2.906,-1.815,-2.033,-1.339,-1.459,1.162,-2.442,0.838,-0.418,-0.104,-2.364,0.000,60.609,29.944,-1.543,66.475,0.350
100739.693,302.429,1.160,25.015,363.070,213.804,-2.918,-1.672,-0.214,0.523,-0.324,-2.179,-2.563,-2.033,-0.893,-1.459,0.317,-2.973,1.571,-1.149,-0.415,-0.450,0.000,60.609,29.944,-1.543,66.051,0.719
100743.724,302.433,1.160,25.028,363.466,213.964,-2.810,-2.229,0.321,0.941,-0.432,-2.594,-1.495,-2.461,-0.781,-1.042,0.845,-2.442,1.675,0.314,-0.726,-1.351,0.000,60.609,29.944,-1.543,66.377,0.719
100747.756,302.434,1.161,25.020,363.229,213.964,-3.134,-3.009,-0.107,0.732,-0.432,-2.491,-1.708,-2.461,-1.451,-1.459,0.739,-3.292,1.780,-0.209,-0.104,-2.026,0.000,60.609,29.944,-1.543,66.361,0.709
100739.693,302.434,1.160,25.026,363.387,214.285,-3.350,-1.560,-0.321,1.045,-0.648,-2.283,-2.349,-1.712,-0.447,-1.667,0.634,-2.442,1.152,-0.731,-0.207,-1.013,0.000,60.609,29.944,-1.543,66.230,0.719
100743.724,302.438,1.160,25.028,363.466,213.964,-3.782,-2.229,-0.214,0.105,-0.432,-2.387,-1.708,-2.568,-1.228,-1.250,0.528,-2.867,1.257,-0.836,0.104,-0.901,0.000,60.609,29.944,-1.543,66.116,0.719
100739.693,302.431,1.160,25.029,363.466,213.964,-3.026,-2.786,-0.321,1.150,-1.187,-2.802,-1.922,-2.247,-1.451,-1.459,1.056,-3.610,1.466,-0.104,-0.311,-1.576,0.000,60.609,29.944,-1.543,66.132,0.698
100743.724,302.433,1.160,25.028,363.466,213.964,-3.134,-2.118,-0.214,0.732,-0.324,-3.009,-2.029,-1.712,-0.893,-1.667,1.056,-2.761,0.733,-0.522,0.208,-2.476,0.000,60.609,29.944,-1.543,65.659,0.709
100743.724,302.433,1.160,25.026,363.387,213.804,-2.702,-1.672,-0.214,0.523,0.108,-2.283,-2.776,-2.354,-0.670,-1.771,0.423,-2.761,1.361,-0.940,-0.518,-1.351,0.000,60.609,29.944,-1.543,66.230,0.698
100735.661,302.433,1.160,25.032,363.545,214.124,-3.674,-1.560,-0.000,0.418,-0.000,-1.972,-1.815,-2.675,-1.005,-0.521,0.106,-2.867,1.675,-0.313,-0.311,-1.688,0.000,60.609,29.944,-1.543,66.279,0.719
100743.724,302.429,1.160,25.028,363.466,214.285,-2.918,-2.898,-0.321,0.836,-0.540,-2.179,-2.242,-2.247,-2.232,-1.146,1.056,-3.079,1.257,-0.522,-0.207,-1.463,0.000,60.609,29.944,-1.543,66.540,0.719
100727.598,302.433,1.160,25.017,363.070,214.124,-3.242,-1.895,-0.534,0.523,-0.324,-2.491,-1.708,-1.926,-0.670,-1.667,0.634,-2.336,1.152,-0.209,-0.622,-1.688,0.000,60.609,29.944,-1.543,66.524,0.709
100739.693,302.434,1.160,25.026,363.387,214.124,-3.350,-2.118,-0.000,-0.000,-0.216,-2.491,-2.242,-2.033,-0.446,-0.729,0.423,-2.867,2.094,-1.254,-0.518,-0.788,0.000,60.609,29.944,-1.543,66.181,0.709
100739.693,302.431,1.160,25.023,363.308,214.124,-2.918,-1.895,0.214,0.836,-0.648,-2.491,-1.922,-2.782,-1.339,-1.667,0.739,-2.761,1.047,-0.627,-0.415,-1.688,0.000,60.609,29.944,-1.543,66.263,0.709
100735.661,302.436,1.160,25.027,363.387,214.124,-3.350,-2.341,-0.428,0.732,-0.324,-2.698,-2.029,-2.140,-1.563,-1.771,0.634,-2.867,1.152,-0.731,0.208,-2.026,0.000,60.609,29.944,-1.543,66.083,0.719
100739.693,302.436,1.160,25.029,363.466,214.124,-2.702,-1.560,-0.534,0.941,-0.324,-1.660,-1.495,-1.926,-0.893,-1.876,0.739,-2.655,1.885,0.105,0.000,-1.013,0.000,60.609,29.944,-1.543,66.817,0.709
100739.693,302.434,1.160,25.026,363.387,213.964,-3.134,-1.783,0.214,0.314,-0.432,-2.594,-1.495,-2.568,-0.893,-0.729,0.528,-2.973,0.942,-1.045,0.519,-1.013,0.000,60.609,29.944,-1.543,66.801,0.709
100739.693,302.436,1.160,25.029,363.466,213.964,-2.918,-2.452,0.107,1.045,-0.432,-2.179,-1.388,-2.033,-1.116,-0.938,0.739,-3.504,1.780,-0.313,-0.622,-1.351,0.000,60.609,29.944,-1.543,66.638,0.709
100735.661,302.434,1.160,25.024,363.308,214.124,-3.026,-2.118,-0.534,0.732,0.324,-2.906,-2.136,-1.926,-0.558,-1.042,0.739,-2.548,0.838,-0.209,0.104,-2.251,0.000,60.609,29.944,-1.543,66.442,0.698
100739.693,302.429,1.160,25.018,363.150,214.124,-3.350,-1.449,-0.000,0.523,-0.432,-2.698,-2.456,-2.033,-1.116,-1.771,0.845,-3.079,1.675,-0.104,-0.726,-1.351,0.000,60.609,29.944,-1.543,66.817,0.688
100739.693,302.433,1.160,25.023,363.308,213.644,-3.890,-2.229,-0.107,0.627,-0.324,-2.698,-1.602,-2.889,-1.116,-1.042,0.528,-2.548,1.361,0.209,-0.104,-1.688,0.000,60.609,29.944,-1.543,66.540,0.709
100735.661,302.434,1.160,25.065,364.493,226.452,-3.459,-2.563,0.214,0.732,-0.432,-1.764,-1.815,-2.675,-1.005,-1.042,1.162,-2.548,1.361,-0.522,-0.829,-1.576,0.000,60.609,29.944,-1.543,66.344,1.078
100735.661,302.436,1.160,25.057,364.256,226.452,-2.918,-3.344,0.107,1.150,-0.324,-3.009,-1.815,-2.033,-1.675,-1.459,0.528,-2.867,0.942,-0.209,0.311,-1.801,0.000,60.609,29.944,-1.543,66.312,1.088
100727.598,302.434,1.160,25.055,364.177,226.612,-3.351,-2.006,-0.534,1.045,-0.324,-2.075,-2.029,-2.033,-0.558,-2.188,0.845,-2.761,1.257,-0.104,-0.622,-1.576,0.000,60.609,29.944,-1.543,66.230,1.098
100735.661,302.431,1.160,25.051,364.098,226.612,-3.026,-2.452,0.535,0.418,0.108,-1.660,-1.922,-2.140,-1.340,-0.834,0.634,-2.442,1.361,-0.522,0.000,-1.351,0.000,60.609,29.944,-1.543,66.393,1.098
100743.724,302.434,1.160,25.056,364.256,226.291,-3.026,-2.563,-0.214,0.836,-1.403,-2.387,-1.602,-1.819,-0.893,-0.834,1.162,-3.186,1.571,-0.209,-0.518,-1.688,0.000,60.609,29.944,-1.543,66.312,1.088
100739.693,302.438,1.160,25.064,364.493,226.291,-2.918,-2.229,-0.534,0.418,-0.540,-3.113,-1.495,-2.033,-1.005,-1.459,0.740,-2.442,1.466,0.105,-0.207,-2.026,0.000,60.609,29.944,-1.543,66.605,1.088
100739.693,302.436,1.160,25.051,364.098,226.612,-2.810,-2.118,0.107,0.627,-0.432,-1.764,-2.456,-1.819,-0.558,-1.563,0.951,-2.548,1.780,-0.418,0.104,-1.126,0.000,60.609,29.944,-1.543,66.475,1.098
100743.724,302.436,1.160,25.039,363.782,226.612,-3.891,-2.563,0.107,0.941,-0.216,-2.491,-1.815,-2.675,-1.116,-0.938,0.951,-2.124,1.257,-0.418,-0.415,-1.688,0.000,60.609,29.944,-1.543,66.393,1.088
100731.630,302.433,1.160,25.035,363.624,226.131,-3.134,-3.009,-0.321,1.254,0.108,-2.698,-1.388,-1.712,-1.563,-1.250,1.057,-3.504,1.361,-0.104,0.000,-1.463,0.000,60.609,29.944,-1.543,66.507,1.108
100735.661,302.434,1.160,25.035,363.624,226.452,-3.675,-1.560,-0.855,1.254,0.324,-2.802,-1.388,-1.712,-1.005,-2.084,1.057,-2.548,0.942,-0.313,-0.311,-0.788,0.000,60.609,29.944,-1.543,66.752,1.088
100731.630,302.433,1.160,25.035,363.624,226.612,-3.026,-2.229,0.107,0.209,-1.187,-1.972,-2.136,-1.926,-1.005,-1.355,0.634,-2.548,1.257,-0.940,-0.311,-1.126,0.000,60.609,29.944,-1.543,66.409,1.067
100731.630,302.433,1.160,25.027,363.387,226.452,-3.351,-2.675,-0.107,0.941,-0.432,-1.972,-2.029,-2.461,-1.228,-1.355,0.739,-3.079,1.466,-0.313,-0.829,-1.463,0.000,60.609,29.944,-1.543,66.638,1.088
100727.598,302.434,1.160,25.014,362.991,226.772,-2.918,-2.229,0.535,0.836,0.216,-2.698,-1.815,-2.140,-1.451,-1.250,1.373,-2.761,1.466,-0.104,0.000,-2.139,0.000,60.609,29.944,-1.543,66.654,1.078
100727.598,302.438,1.160,25.028,363.387,226.932,-3.134,-2.341,0.107,0.836,-0.324,-1.868,-2.242,-2.247,-1.116,-2.188,0.528,-2.761,1.675,-0.313,-0.311,-1.463,0.000,60.609,29.944,-1.543,66.801,1.078
100727.598,302.439,1.160,25.022,363.229,227.092,-3.567,-2.341,0.214,0.209,-0.108,-2.491,-1.815,-2.568,-0.670,-1.250,0.106,-2.655,1.466,-0.418,-0.207,-1.688,0.000,60.609,29.944,-1.543,66.393,1.088
100727.598,302.436,1.160,25.020,363.150,227.252,-3.242,-2.563,-0.214,0.627,-0.864,-2.698,-2.349,-1.605,-1.339,-1.459,1.268,-3.504,1.047,-0.418,-0.415,-1.576,0.000,60.609,29.944,-1.543,66.589,1.098
100735.661,302.434,1.160,25.024,363.308,227.412,-2.918,-1.337,0.321,0.836,-0.540,-2.698,-1.815,-2.461,-0.558,-1.980,0.528,-2.336,0.524,-0.418,0.104,-1.463,0.000,60.609,29.944,-1.543,66.230,1.088
100739.693,302.438,1.160,25.013,362.991,227.732,-2.594,-2.452,0.428,0.732,-0.648,-2.179,-2.136,-1.819,-0.893,-1.042,0.106,-2.336,1.466,-1.254,0.104,-1.463,0.000,60.609,29.944,-1.543,66.605,1.067
100731.630,302.439,1.160,25.008,362.833,227.732,-3.134,-2.341,0.107,1.045,-0.756,-2.283,-1.708,-2.247,-0.446,-0.834,1.479,-2.655,0.733,-0.313,-0.518,-1.351,0.000,60.609,29.944,-1.543,66.295,1.088
100735.661,302.436,1.160,25.010,362.912,227.572,-2.918,-2.675,-0.321,0.836,-0.108,-2.594,-1.708,-1.605,-1.451,-1.667,0.951,-2.761,1.571,-0.104,-0.207,-2.139,0.000,60.609,29.944,-1.543,66.540,1.088
100727.598,302.428,1.160,25.014,362.991,246.944,-3.134,-2.006,-0.641,0.941,0.108,-2.802,-2.029,-2.461,-0.781,-1.563,0.845,-2.655,1.047,-0.522,0.104,-1.576,0.000,60.609,29.944,-1.543,66.426,1.457
100723.567,302.426,1.160,25.020,363.150,247.104,-2.594,-2.229,0.107,1.045,-0.864,-2.179,-2.349,-1.926,-1.339,-1.250,0.317,-2.548,1.152,-0.627,-0.207,-1.351,0.000,60.609,29.944,-1.543,66.491,1.447
100727.598,302.429,1.160,25.017,363.070,247.104,-2.702,-2.341,0.214,0.732,-0.324,-2.491,-1.495,-2.782,-1.005,-1.042,0.528,-2.761,1.361,-0.313,-0.726,-1.238,0.000,60.609,29.944,-1.543,66.850,1.436
100727.598,302.428,1.160,25.014,362.991,246.944,-2.810,-3.121,-0.107,0.627,0.108,-2.387,-2.242,-2.140,-1.674,-0.938,1.056,-2.973,1.780,-0.000,0.208,-1.801,0.000,60.609,29.944,-1.543,66.605,1.477
100735.661,302.426,1.160,25.026,363.387,247.104,-2.810,-1.672,-0.534,1.254,0.324,-2.491,-2.136,-1.819,-0.781,-1.876,1.056,-2.442,1.256,-0.209,0.000,-1.576,0.000,60.609,29.944,-1.543,66.540,1.447
100731.630,302.426,1.160,25.016,363.070,247.104,-3.567,-2.006,0.107,-0.104,-0.216,-1.972,-1.815,-2.140,-1.116,-0.729,0.317,-2.867,1.361,-1.254,-0.415,-1.576,0.000,60.609,29.944,-1.543,66.654,1.447
100731.630,302.428,1.160,25.024,363.308,246.944,-3.351,-2.563,-0.107,1.359,-0.864,-2.387,-2.029,-2.461,-0.781,-1.146,1.056,-3.292,1.256,-0.313,-0.726,-1.126,0.000,60.609,29.944,-1.543,66.850,1.436
100727.598,302.426,1.160,25.027,363.387,246.623,-3.134,-2.229,-0.855,0.627,-0.108,-3.113,-2.349,-2.354,-1.339,-1.355,0.845,-2.973,1.361,-0.313,0.208,-1.576,0.000,60.609,29.944,-1.543,66.670,1.447
100723.567,302.423,1.160,25.014,362.991,246.783,-3.134,-2.341,-0.214,0.105,-0.216,-2.491,-2.456,-2.247,-0.558,-1.667,0.634,-2.548,1.256,-0.418,-0.622,-1.013,0.000,60.609,29.944,-1.543,66.768,1.457
100723.567,302.425,1.160,25.011,362.912,246.623,-3.783,-2.118,0.428,0.836,-1.079,-2.802,-1.602,-2.675,-1.116,-0.625,0.211,-2.442,1.256,-0.522,-0.622,-1.126,0.000,60.609,29.944,-1.543,66.719,1.457
100731.630,302.425,1.160,25.016,363.070,246.623,-2.594,-3.344,0.321,1.045,-0.864,-2.075,-1.708,-2.033,-1.116,-1.459,1.479,-2.973,1.571,-0.313,0.208,-1.013,0.000,60.609,29.944,-1.543,66.670,1.436
100719.536,302.423,1.160,25.015,362.991,246.463,-2.918,-1.672,-0.107,0.418,-0.108,-2.802,-1.922,-2.140,-0.781,-1.563,1.056,-2.230,0.628,-0.313,-0.622,-1.238,0.000,60.609,29.944,-1.543,65.969,1.457
100731.630,302.423,1.160,25.013,362.991,246.783,-3.134,-1.895,0.214,0.209,-0.432,-2.698,-2.669,-2.247,-0.781,-0.938,0.739,-2.973,1.047,-1.776,-0.311,-1.126,0.000,60.609,29.944,-1.543,65.659,1.457
100731.630,302.423,1.160,25.013,362.991,246.623,-3.242,-2.786,0.107,1.359,-0.324,-2.283,-1.815,-2.675,-1.116,-0.834,1.162,-2.761,1.257,-0.104,-0.933,-1.463,0.000,60.609,29.944,-1.543,66.067,1.447
100731.630,302.423,1.160,25.008,362.833,246.623,-2.810,-2.786,-0.321,0.523,-0.108,-3.009,-2.029,-2.033,-1.563,-1.563,0.528,-2.867,1.466,-0.104,0.104,-2.251,0.000,60.609,29.944,-1.543,66.165,1.436
100735.661,302.425,1.160,25.013,362.991,246.303,-2.918,-2.006,-0.107,0.732,-0.108,-2.698,-2.136,-1.926,-0.893,-1.876,0.845,-2.973,1.047,-0.209,0.415,-0.563,0.000,60.609,29.944,-1.543,66.214,1.436
100739.693,302.425,1.160,25.007,362.833,246.303,-3.242,-1.895,0.107,0.314,-0.216,-2.179,-1.495,-1.926,-1.228,-0.417,-0.105,-2.336,1.361,-0.522,-0.415,-1.126,0.000,60.609,29.944,-1.543,67.209,1.447
100731.630,302.423,1.160,25.008,362.833,246.463,-2.918,-2.786,0.214,1.150,-0.864,-2.179,-1.708,-1.819,-0.781,-1.250,1.373,-2.973,1.571,-0.104,-0.518,-1.351,0.000,60.609,29.944,-1.543,66.638,1.467
100735.661,302.425,1.160,25.002,362.675,246.143,-3.026,-1.783,-0.214,0.836,0.108,-2.594,-1.495,-1.926,-1.116,-1.563,0.634,-2.442,0.942,-0.418,-0.207,-1.801,0.000,60.609,29.944,-1.543,66.817,1.457
100723.567,302.428,1.160,25.003,362.675,245.823,-3.459,-1.783,-0.214,0.418,-0.324,-2.075,-2.563,-2.140,-1.005,-1.459,1.162,-2.548,1.571,-0.940,-0.104,-1.688,0.000,60.609,29.944,-1.543,66.621,1.447
100735.661,302.417,1.160,24.988,362.280,264.394,-2.486,-2.006,-0.428,0.836,0.433,-2.283,-1.815,-1.819,-0.781,-1.250,0.845,-2.230,0.942,-0.522,-0.311,-0.901,0.000,60.609,29.944,-1.543,66.605,1.826
100735.661,302.418,1.160,24.982,362.122,264.874,-3.242,-1.449,0.107,0.627,-0.432,-2.491,-2.136,-2.247,-1.228,-0.625,0.739,-2.548,1.675,-1.149,-0.104,-1.013,0.000,60.609,29.944,-1.543,66.670,1.816
100735.661,302.423,1.160,24.985,362.201,265.354,-2.702,-1.672,0.321,0.732,-0.864,-2.283,-1.495,-2.675,-1.451,-0.729,0.845,-3.079,1.361,0.419,-0.726,-1.576,0.000,60.609,29.944,-1.543,66.605,1.826
100735.661,302.421,1.160,24.980,362.043,265.514,-2.486,-2.563,-0.321,0.836,-0.108,-2.179,-2.029,-2.033,-1.451,-1.146,0.845,-2.867,1.466,0.105,0.000,-2.139,0.000,60.609,29.944,-1.543,66.589,1.816
100735.661,302.423,1.160,24.988,362.280,265.194,-2.918,-1.783,-0.107,0.836,-0.000,-2.075,-2.029,-2.140,-1.005,-1.980,0.739,-2.655,1.152,-0.209,0.104,-1.013,0.000,60.609,29.944,-1.543,66.393,1.795
100723.567,302.420,1.160,24.984,362.122,265.034,-2.702,-2.229,0.214,0.418,-0.000,-1.972,-1.708,-2.461,-0.893,-1.667,0.211,-2.442,1.675,-0.418,0.000,-1.013,0.000,60.609,29.944,-1.543,66.556,1.795
100731.630,302.420,1.160,24.983,362.122,265.354,-2.486,-3.121,-0.428,0.836,-1.187,-2.387,-1.815,-2.461,-1.116,-1.042,0.845,-3.186,0.942,-0.104,-0.207,-1.688,0.000,60.609,29.944,-1.543,66.524,1.795
100727.598,302.421,1.160,24.975,361.885,265.674,-3.134,-1.560,0.107,0.209,0.433,-3.217,-1.922,-1.819,-0.558,-1.980,0.845,-2.761,1.256,-0.313,-0.518,-1.914,0.000,60.609,29.944,-1.543,66.687,1.816
100727.598,302.418,1.160,24.970,361.727,265.674,-2.810,-1.895,-0.534,1.254,-0.216,-2.283,-2.242,-1.605,-0.670,-2.188,1.268,-2.336,1.675,-0.313,0.208,-0.788,0.000,60.609,29.944,-1.543,66.719,1.816
100723.567,302.417,1.160,24.973,361.806,265.835,-3.567,-1.895,0.107,1.045,0.216,-1.868,-1.281,-3.210,-1.339,-1.459,0.634,-2.761,1.780,-0.000,-0.311,-1.238,0.000,60.609,29.944,-1.543,66.393,1.795
100731.630,302.421,1.160,24.975,361.885,266.315,-2.702,-3.121,-0.107,1.359,-0.540,-2.491,-1.708,-2.033,-1.339,-0.834,0.951,-3.186,1.361,-0.209,-0.104,-1.576,0.000,60.609,29.944,-1.543,66.083,1.805
100727.598,302.423,1.160,24.975,361.885,266.475,-2.810,-1.672,-0.428,0.836,-0.108,-2.387,-1.495,-1.926,-0.446,-1.667,0.739,-2.442,0.838,-0.418,0.000,-1.914,0.000,60.609,29.944,-1.543,66.263,1.805
100727.598,302.425,1.160,24.975,361.885,266.475,-2.810,-1.895,0.642,0.418,-0.216,-2.283,-2.242,-2.033,-0.670,-1.146,0.739,-3.079,1.675,-1.358,0.000,-1.126,0.000,60.609,29.944,-1.543,66.018,1.816
100735.661,302.418,1.160,24.971,361.806,266.635,-2.594,-1.895,0.642,1.254,-0.324,-2.075,-1.495,-2.889,-0.893,-0.729,1.268,-2.973,1.361,0.105,-0.726,-1.126,0.000,60.609,29.944,-1.543,66.507,1.816
100735.661,302.423,1.160,24.969,361.727,266.635,-2.594,-2.675,-0.000,0.836,0.324,-2.387,-1.602,-1.819,-1.451,-1.146,0.951,-2.548,1.361,-0.104,-0.207,-2.026,0.000,60.609,29.944,-1.543,66.605,1.805
100735.661,302.418,1.160,24.969,361.727,266.635,-3.459,-1.672,-0.428,1.254,-0.216,-2.179,-2.349,-2.140,-0.781,-1.771,0.845,-2.018,1.152,-0.418,-0.415,-0.675,0.000,60.609,29.944,-1.543,66.442,1.816
100731.630,302.421,1.160,24.972,361.806,266.795,-4.107,-1.672,0.321,0.523,-0.108,-2.491,-1.495,-2.247,-0.781,-1.042,-0.211,-2.761,1.466,-0.104,-0.207,-1.126,0.000,60.609,29.944,-1.543,66.589,1.805
100723.567,302.420,1.160,24.973,361.806,266.795,-2.486,-2.898,-0.214,1.045,-0.324,-2.075,-1.815,-2.247,-0.781,-1.459,1.056,-3.398,1.361,-0.418,-0.622,-1.238,0.000,60.609,29.944,-1.543,66.409,1.795
100727.598,302.415,1.160,24.967,361.648,266.955,-3.351,-2.229,-0.641,0.836,-0.216,-3.113,-1.602,-1.284,-0.335,-1.355,0.845,-2.230,0.733,-0.418,-0.415,-1.351,0.000,60.609,29.944,-1.543,66.621,1.826
100731.630,302.420,1.160,24.964,361.569,266.955,-2.162,-1.783,0.642,0.941,-0.648,-1.972,-2.136,-2.033,-0.558,-1.250,1.056,-2.973,1.571,-1.358,-0.311,-1.463,0.000,60.609,29.944,-1.543,66.361,1.795
100735.661,302.426,1.160,24.917,360.225,275.440,-3.242,-2.118,0.535,0.523,0.325,-2.075,-1.815,-1.926,-1.116,-1.250,0.106,-2.655,1.885,-0.627,-0.726,-1.351,0.000,60.609,29.944,-1.543,66.426,2.154
100735.661,302.420,1.160,24.931,360.621,275.120,-3.351,-2.898,-0.428,0.836,-0.648,-2.698,-1.708,-2.568,-1.116,-1.042,1.268,-3.823,1.257,-0.522,-0.415,-0.788,0.000,60.609,29.944,-1.543,66.654,2.144
100731.630,302.425,1.160,24.923,360.383,275.440,-3.242,-2.229,-0.855,0.941,-0.324,-2.802,-1.815,-1.926,-1.116,-1.667,0.211,-2.018,0.942,0.000,-0.311,-2.026,0.000,60.609,29.944,-1.543,66.621,2.154
100723.567,302.420,1.160,24.924,360.383,275.440,-3.351,-2.229,0.214,0.732,0.108,-1.868,-2.563,-1.926,-1.116,-1.042,0.740,-2.655,1.047,-1.045,-0.933,-1.013,0.000,60.609,29.944,-1.543,66.589,2.164
100727.598,302.421,1.160,24.926,360.463,275.440,-3.459,-2.452,-0.107,0.627,0.216,-2.179,-1.815,-2.889,-1.228,-1.146,0.740,-2.442,1.361,0.105,-1.036,-1.914,0.000,60.609,29.944,-1.543,66.426,2.164
100731.630,302.421,1.160,24.912,360.067,275.440,-3.242,-3.232,0.321,1.045,0.108,-2.387,-2.029,-2.033,-1.675,-0.938,0.740,-2.655,1.675,-0.418,-0.104,-1.801,0.000,60.609,29.944,-1.543,66.589,2.164
100715.504,302.420,1.160,24.917,360.146,275.600,-3.134,-2.118,-0.641,0.941,-0.324,-2.075,-2.029,-2.033,-0.558,-1.876,0.845,-2.655,1.152,-0.627,-0.518,-0.563,0.000,60.609,29.944,-1.543,66.719,2.154
100727.598,302.418,1.160,24.918,360.225,275.920,-3.351,-1.895,0.428,0.314,-0.216,-2.491,-2.242,-2.140,-1.116,-1.250,0.317,-2.442,1.675,-1.149,-0.311,-1.351,0.000,60.609,29.944,-1.543,66.833,2.154
100723.567,302.420,1.160,24.918,360.225,276.080,-2.918,-2.563,0.107,1.150,-0.540,-2.179,-2.349,-2.247,-1.005,-0.938,0.845,-2.655,1.152,0.419,-0.622,-1.351,0.000,60.609,29.944,-1.543,66.817,2.164
100731.630,302.421,1.160,24.923,360.383,276.241,-2.594,-2.452,-0.748,0.418,0.324,-2.802,-1.922,-1.926,-1.228,-1.876,0.528,-2.867,1.047,-0.418,-0.104,-2.139,0.000,60.609,29.944,-1.543,66.214,2.144
100727.598,302.425,1.160,24.924,360.383,276.080,-3.351,-1.895,-0.107,1.045,-0.432,-1.972,-2.349,-1.605,-1.228,-1.355,0.634,-2.973,1.780,-1.254,-0.207,-1.238,0.000,60.609,29.944,-1.543,66.573,2.144
100735.661,302.423,1.160,24.917,360.225,276.401,-3.675,-2.341,-0.107,0.314,-0.540,-2.179,-1.708,-2.996,-1.228,-1.250,0.317,-2.548,1.571,-0.522,0.000,-1.801,0.000,60.609,29.944,-1.543,66.621,2.164
100735.661,302.420,1.160,24.914,360.146,276.721,-2.162,-2.898,-0.214,0.836,-0.216,-2.387,-1.815,-2.033,-1.786,-1.667,0.951,-2.973,1.466,-0.313,0.104,-1.351,0.000,60.609,29.944,-1.543,66.866,2.144
100731.630,302.423,1.160,24.923,360.383,276.721,-3.351,-1.895,-0.534,0.314,0.108,-2.802,-2.029,-2.033,-0.558,-1.876,0.423,-2.655,1.466,-0.104,0.208,-1.351,0.000,60.609,29.944,-1.543,67.013,2.164
100731.630,302.417,1.160,24.912,360.067,276.561,-3.242,-2.786,0.428,0.523,-0.432,-2.387,-1.708,-2.461,-1.228,-1.355,0.845,-2.548,1.571,-0.940,0.311,-1.463,0.000,60.609,29.944,-1.543,67.029,2.144
100735.661,302.426,1.160,24.904,359.830,276.881,-3.242,-2.118,0.321,0.627,-0.864,-2.283,-1.708,-2.782,-0.893,-1.459,1.162,-3.292,0.733,0.000,-0.518,-1.351,0.000,60.609,29.944,-1.543,66.785,2.164
100727.598,302.413,1.160,24.915,360.146,276.721,-2.378,-2.118,0.321,0.732,-0.540,-2.906,-1.708,-1.926,-1.563,-1.146,0.845,-2.442,1.361,-0.209,-0.207,-2.476,0.000,60.609,29.944,-1.543,66.801,2.154
100731.630,302.420,1.160,24.906,359.909,276.721,-3.026,-1.115,-0.214,1.045,-0.432,-2.283,-2.669,-2.033,-0.781,-1.876,0.739,-2.761,0.628,-0.836,-0.207,-1.463,0.000,60.609,29.944,-1.543,66.882,2.144
100727.598,302.420,1.160,24.902,359.751,276.561,-3.459,-2.563,0.321,0.627,-0.540,-2.075,-1.708,-2.461,-1.228,-0.938,0.528,-2.867,1.047,-0.104,-0.415,-1.351,0.000,60.609,29.944,-1.543,66.964,2.154
100731.630,302.421,1.160,24.904,359.830,277.041,-2.594,-2.452,-0.107,0.836,-0.324,-2.491,-1.602,-2.140,-1.451,-0.938,1.268,-3.610,1.152,-0.522,-0.207,-1.013,0.000,60.609,29.944,-1.543,67.046,2.154
100739.693,302.417,1.160,24.919,360.304,292.570,-2.918,-1.783,-0.534,0.627,-0.432,-3.217,-1.922,-2.140,-1.116,-1.355,0.739,-2.548,0.942,-0.209,0.000,-1.688,0.000,60.609,29.944,-1.543,66.377,2.523
100739.693,302.418,1.160,24.919,360.304,292.730,-2.810,-1.895,0.321,0.836,-0.432,-2.283,-2.563,-2.033,-1.339,-1.667,0.317,-2.548,1.571,-1.149,-0.415,-1.576,0.000,60.609,29.944,-1.543,66.491,2.513
100735.661,302.420,1.160,24.925,360.463,292.730,-3.351,-2.563,-0.107,0.627,-0.324,-2.075,-1.068,-2.996,-1.674,-0.625,0.528,-3.079,0.942,-0.522,-0.311,-1.576,0.000,60.609,29.944,-1.543,66.654,2.492
100731.630,302.413,1.160,24.928,360.542,292.570,-3.026,-3.121,0.214,1.150,-0.216,-2.283,-1.708,-1.605,-1.786,-1.459,0.845,-2.761,1.571,-0.313,-0.311,-1.801,0.000,60.609,29.944,-1.543,66.687,2.502
100727.598,302.415,1.160,24.931,360.621,292.410,-3.459,-1.783,-0.855,0.836,0.108,-2.179,-2.136,-2.247,-0.335,-1.876,1.056,-2.230,1.047,-0.418,-0.207,-1.463,0.000,60.609,29.944,-1.543,66.524,2.513
100727.598,302.413,1.160,24.923,360.383,292.570,-2.918,-2.118,0.321,0.314,-0.000,-2.075,-1.922,-1.926,-0.893,-1.042,-0.000,-3.186,1.256,-0.836,0.415,-1.576,0.000,60.609,29.944,-1.543,66.573,2.513
100723.567,302.412,1.160,24.932,360.621,292.570,-3.134,-2.118,-0.107,1.150,-0.756,-2.387,-1.922,-1.926,-1.005,-0.938,0.951,-3.398,1.047,-0.209,-0.829,-1.463,0.000,60.609,29.944,-1.543,66.361,2.513
100727.598,302.412,1.160,24.923,360.383,292.570,-3.459,-2.118,-0.534,0.836,0.324,-3.217,-2.349,-2.354,-1.116,-1.355,0.951,-2.867,1.256,-0.418,0.000,-1.688,0.000,60.609,29.944,-1.543,66.899,2.502
100719.536,302.409,1.160,24.929,360.542,292.570,-3.459,-1.895,-0.107,0.836,-0.216,-1.972,-1.922,-1.819,-0.893,-1.667,0.634,-2.655,1.361,-0.627,-0.622,-1.351,0.000,60.609,29.944,-1.543,66.524,2.502
100731.630,302.413,1.160,24.936,360.779,292.410,-3.675,-1.895,-0.107,0.523,-0.108,-2.179,-1.815,-2.782,-0.670,-1.355,0.423,-2.761,1.361,-0.836,-0.829,-1.914,0.000,60.609,29.944,-1.543,66.638,2.523
100731.630,302.412,1.160,24.931,360.621,292.570,-2.702,-3.121,-0.214,0.627,-0.432,-2.491,-1.708,-2.140,-1.228,-1.042,0.634,-3.079,1.466,-0.418,-0.104,-1.688,0.000,60.609,29.944,-1.543,66.589,2.502
100731.630,302.413,1.160,24.939,360.858,292.730,-3.134,-2.006,-0.428,0.209,-0.648,-2.802,-1.708,-2.354,-0.670,-2.188,0.317,-2.442,0.419,0.209,0.104,-0.901,0.000,60.609,29.944,-1.543,66.409,2.502
100739.693,302.417,1.160,24.935,360.779,292.410,-3.134,-2.341,-0.641,0.523,-0.540,-2.698,-2.349,-2.675,-0.558,-1.250,0.528,-2.867,1.571,-1.149,0.311,-1.576,0.000,60.609,29.944,-1.543,66.458,2.533
100727.598,302.415,1.160,24.942,360.937,292.890,-2.486,-2.452,0.214,0.836,-0.324,-2.491,-1.922,-2.568,-1.116,-1.146,1.373,-2.973,1.152,0.000,-0.622,-1.576,0.000,60.609,29.944,-1.543,66.344,2.513
100727.598,302.409,1.160,24.937,360.779,292.730,-3.242,-2.786,0.214,1.045,0.324,-3.113,-2.029,-2.354,-1.786,-1.355,1.268,-2.761,1.257,-0.313,0.208,-1.801,0.000,60.609,29.944,-1.543,66.409,2.523
100735.661,302.409,1.160,24.933,360.700,292.730,-2.918,-1.895,-0.855,1.045,0.108,-1.972,-1.815,-1.926,-0.223,-2.292,0.739,-2.655,1.257,-0.731,-0.518,-1.576,0.000,60.609,29.944,-1.543,66.687,2.523
100727.598,302.410,1.160,24.937,360.779,292.410,-3.134,-2.229,-0.000,0.523,-0.432,-2.802,-1.922,-2.247,-1.563,-0.834,0.211,-2.230,1.571,-0.731,0.208,-1.351,0.000,60.609,29.944,-1.543,66.703,2.533
100727.598,302.409,1.160,24.934,360.700,292.890,-2.810,-2.786,-0.000,0.941,-0.756,-1.972,-1.815,-1.819,-0.893,-1.355,1.373,-3.292,1.571,0.000,-0.311,-1.013,0.000,60.609,29.944,-1.543,66.654,2.523
100723.567,302.412,1.160,24.940,360.858,292.890,-2.810,-1.560,-0.428,1.045,-0.324,-3.009,-1.602,-2.247,-1.005,-1.771,0.951,-2.548,0.733,-0.313,-0.207,-2.139,0.000,60.609,29.944,-1.543,66.638,2.523
100731.630,302.413,1.160,24.939,360.858,293.210,-3.242,-1.895,-0.000,0.523,-0.540,-1.972,-2.349,-1.819,-1.005,-1.771,0.951,-2.655,1.571,-0.731,-0.207,-1.801,0.000,60.609,29.944,-1.543,66.507,2.523
100731.630,302.410,1.160,24.961,361.490,312.422,-3.134,-2.118,0.107,1.150,-0.540,-2.179,-2.029,-2.675,-1.116,-1.042,0.634,-2.973,1.257,0.314,-0.518,-1.126,0.000,60.609,29.944,-1.543,66.719,2.892
100731.630,302.409,1.160,24.963,361.569,311.781,-3.026,-2.563,-0.000,0.836,0.000,-2.906,-1.708,-1.926,-1.116,-1.042,1.057,-2.761,1.047,-1.045,0.311,-2.702,0.000,60.609,29.944,-1.543,66.230,2.881
100723.567,302.405,1.160,24.964,361.569,311.621,-3.134,-2.229,0.107,0.627,-0.324,-2.179,-2.136,-2.354,-0.893,-2.396,0.740,-2.548,1.257,-0.522,-0.829,-1.013,0.000,60.609,29.944,-1.543,66.573,2.912
100723.567,302.410,1.160,24.962,361.490,311.781,-3.675,-2.675,0.214,-0.104,-0.324,-2.387,-2.349,-1.712,-1.116,-0.729,0.106,-2.336,1.780,-0.627,-0.518,-1.351,0.000,60.609,29.944,-1.543,66.556,2.892
100727.598,302.407,1.160,24.964,361.569,311.781,-2.918,-3.232,-0.428,0.836,-1.187,-2.283,-1.922,-1.819,-1.340,-0.834,1.057,-3.292,1.466,-0.522,-0.207,-1.688,0.000,60.609,29.944,-1.543,66.540,2.881
100723.567,302.407,1.160,24.964,361.569,311.621,-3.459,-2.563,-0.534,0.836,-0.108,-3.009,-1.708,-2.140,-0.335,-1.355,0.528,-2.655,0.733,-0.418,0.104,-1.801,0.000,60.609,29.944,-1.543,66.997,2.892
100731.630,302.409,1.160,24.958,361.411,311.621,-2.810,-2.118,-0.214,1.150,0.108,-2.387,-2.776,-2.140,-0.670,-1.355,0.845,-2.655,1.361,-1.463,-0.207,-1.463,0.000,60.609,29.944,-1.543,66.589,2.881
100727.598,302.407,1.160,24.969,361.727,311.621,-3.891,-2.118,0.107,0.627,-0.432,-2.387,-1.175,-2.782,-0.670,-1.459,0.211,-2.973,0.942,-0.104,-0.622,-2.026,0.000,60.609,29.944,-1.543,66.377,2.912
100731.630,302.402,1.160,24.969,361.727,311.781,-2.810,-2.786,0.214,0.627,-0.324,-2.491,-1.708,-1.926,-1.674,-1.250,1.057,-2.867,1.571,-0.104,-0.207,-1.801,0.000,60.609,29.944,-1.543,66.817,2.892
100731.630,302.409,1.160,24.977,361.964,312.101,-3.242,-1.449,-0.748,1.359,-0.324,-2.594,-2.029,-2.140,-0.781,-2.292,0.740,-2.548,0.838,-0.627,-0.207,-1.351,0.000,60.609,29.944,-1.543,66.573,2.881
100739.693,302.409,1.161,24.973,361.885,311.621,-3.459,-2.452,0.107,-0.418,-0.108,-2.594,-1.922,-2.140,-1.116,-1.042,0.317,-2.655,1.466,-1.254,-0.622,-1.463,0.000,60.609,29.944,-1.543,66.817,2.881
100723.567,302.405,1.160,24.978,361.964,311.941,-3.351,-2.006,0.749,0.941,-0.648,-2.387,-1.495,-2.568,-0.670,-1.250,0.951,-2.655,1.257,0.105,-1.140,-1.463,0.000,60.609,29.944,-1.543,66.426,2.881
100743.724,302.404,1.161,24.970,361.806,311.621,-3.026,-2.229,-0.214,1.150,-0.108,-2.491,-2.136,-2.461,-1.674,-0.938,0.845,-2.761,1.152,-0.522,-0.518,-2.139,0.000,60.609,29.944,-1.543,66.409,2.881
100723.567,302.410,1.160,24.973,361.806,311.621,-2.918,-1.672,-0.428,0.836,-0.216,-2.594,-1.815,-2.461,-0.781,-1.876,0.845,-2.973,1.466,0.209,0.104,-1.463,0.000,60.609,29.944,-1.543,66.491,2.892
100723.567,302.405,1.160,24.975,361.885,311.621,-3.783,-2.118,-0.000,0.418,-0.432,-2.179,-1.495,-1.712,-1.116,-0.729,-0.105,-2.018,1.571,-0.627,-0.415,-1.351,0.000,60.609,29.944,-1.543,66.524,2.881
100723.567,302.405,1.160,24.981,362.043,311.781,-2.918,-2.898,-0.428,1.045,-1.187,-2.387,-1.922,-2.140,-0.893,-1.459,1.373,-3.079,1.361,-0.209,-0.415,-1.688,0.000,60.609,29.944,-1.543,66.165,2.902
100723.567,302.405,1.160,24.986,362.201,311.461,-3.026,-1.895,-0.641,0.627,-0.216,-3.217,-2.136,-2.461,-1.339,-1.355,0.634,-2.548,1.256,-0.522,-0.518,-1.801,0.000,60.609,29.944,-1.543,66.980,2.892
100731.630,302.409,1.160,24.969,361.727,311.621,-2.918,-2.118,0.535,0.627,-0.324,-1.764,-2.563,-1.498,-1.005,-1.146,0.951,-2.973,1.571,-0.731,-0.311,-1.238,0.000,60.609,29.944,-1.543,66.948,2.871
100727.598,302.405,1.160,24.986,362.201,311.461,-3.891,-2.118,-0.000,1.045,-0.540,-2.179,-1.602,-2.461,-1.228,-1.459,0.423,-2.973,1.466,-0.209,-0.829,-1.238,0.000,60.609,29.944,-1.543,66.703,2.871
100723.567,302.407,1.160,24.983,362.122,311.781,-2.594,-2.898,-0.428,0.523,-0.432,-2.283,-2.242,-1.926,-1.451,-1.459,0.739,-3.186,1.152,0.209,-0.415,-1.801,0.000,60.609,29.944,-1.543,66.458,2.892
100735.661,302.392,1.161,24.981,362.122,324.269,-3.026,-2.898,-0.000,0.941,-0.432,-2.179,-2.029,-1.819,-1.675,-1.250,1.162,-3.079,1.466,0.209,-0.207,-0.901,0.000,60.609,29.944,-1.543,66.034,3.220
100739.693,302.391,1.161,24.978,362.043,324.429,-3.242,-1.672,-0.855,0.627,-0.216,-2.387,-2.136,-2.461,-0.447,-1.771,1.162,-2.761,0.733,-0.418,0.000,-1.126,0.000,60.609,29.944,-1.543,66.295,3.220
100727.598,302.391,1.160,24.974,361.885,324.108,-3.026,-1.672,0.428,0.418,-0.216,-2.179,-1.708,-2.247,-0.335,-0.417,0.317,-2.761,1.571,-0.940,0.208,-1.351,0.000,60.609,29.944,-1.543,66.181,3.240
100735.661,302.389,1.161,24.981,362.122,324.269,-2.918,-2.118,-0.107,1.150,-0.864,-2.075,-1.815,-2.568,-1.005,-1.354,0.634,-2.548,1.571,-0.104,-0.311,-0.675,0.000,60.609,29.944,-1.543,66.279,3.230
100731.630,302.386,1.161,24.992,362.438,324.429,-2.918,-2.341,0.214,1.359,-0.108,-2.594,-1.922,-2.247,-1.786,-1.563,0.739,-2.442,1.466,-0.209,0.104,-2.139,0.000,60.609,29.944,-1.543,66.442,3.220
100731.630,302.394,1.160,24.993,362.438,324.589,-2.918,-1.449,-0.214,0.941,-0.216,-1.972,-2.029,-2.461,-0.781,-1.875,1.373,-2.867,1.361,-0.522,-0.207,-0.901,0.000,60.609,29.944,-1.543,66.328,3.240
100739.693,302.389,1.161,24.992,362.438,324.589,-3.458,-2.452,0.428,0.627,0.324,-2.283,-1.922,-2.354,-1.451,-1.250,-0.105,-2.548,1.571,-0.522,0.208,-1.463,0.000,60.609,29.944,-1.543,66.051,3.220
100735.661,302.391,1.161,24.998,362.596,324.589,-3.134,-2.898,-0.000,0.732,-0.972,-2.491,-1.495,-1.819,-1.451,-1.459,0.951,-3.292,1.361,-0.418,-0.311,-1.351,0.000,60.609,29.944,-1.543,65.855,3.230
100739.693,302.391,1.161,24.992,362.438,324.429,-2.702,-1.449,-0.214,0.836,-0.000,-2.802,-1.495,-1.819,-0.781,-1.354,0.951,-2.548,0.838,-0.418,-0.207,-1.463,0.000,60.609,29.944,-1.543,66.018,3.220
100739.693,302.394,1.161,24.992,362.438,324.589,-3.242,-2.452,-0.000,0.627,-0.432,-2.179,-2.349,-2.568,-0.893,-1.355,0.845,-2.867,1.885,-1.358,-0.518,-1.126,0.000,60.609,29.944,-1.543,66.034,3.220
100739.693,302.391,1.161,24.992,362.438,324.429,-3.350,-2.006,-0.000,1.150,-0.540,-2.179,-1.708,-2.996,-1.005,-1.459,0.845,-2.655,1.152,-0.522,-0.829,-1.351,0.000,60.609,29.944,-1.543,66.214,3.209
100739.693,302.389,1.161,24.989,362.359,324.429,-2.918,-2.563,-0.428,1.150,0.108,-2.179,-1.708,-2.033,-1.786,-1.355,0.845,-2.973,1.675,0.000,0.104,-1.914,0.000,60.609,29.944,-1.543,66.475,3.230
100735.661,302.389,1.161,24.992,362.438,324.589,-3.134,-2.118,-1.069,0.941,-0.216,-2.283,-1.815,-2.033,-0.781,-1.771,1.268,-2.548,0.942,-0.313,-0.207,-1.013,0.000,60.609,29.944,-1.543,65.904,3.261
100727.598,302.388,1.160,24.990,362.359,324.429,-3.566,-2.229,0.214,0.209,-0.108,-2.594,-1.602,-1.926,-1.005,-0.625,0.211,-3.292,1.047,-0.209,0.104,-1.126,0.000,60.609,29.944,-1.543,66.573,3.230
100731.630,302.389,1.160,24.990,362.359,324.589,-3.026,-2.563,-0.428,1.254,-0.432,-2.283,-1.602,-2.033,-0.781,-0.834,0.528,-2.655,1.047,-0.209,-0.829,-1.351,0.000,60.609,29.944,-1.543,66.393,3.240
100735.661,302.391,1.161,24.992,362.438,324.749,-3.242,-1.337,0.107,1.150,0.108,-3.217,-2.136,-1.498,-0.781,-1.042,0.528,-2.442,1.152,-0.627,-0.518,-2.139,0.000,60.609,29.944,-1.543,66.670,3.240
100739.693,302.394,1.161,24.994,362.517,324.429,-3.242,-1.672,0.107,1.150,-0.000,-1.972,-2.136,-2.354,-0.335,-1.667,1.056,-2.442,1.152,-0.313,-0.518,-1.576,0.000,60.609,29.944,-1.543,66.181,3.220
100743.724,302.392,1.161,24.997,362.596,324.589,-3.566,-1.560,0.107,0.941,0.108,-2.179,-1.388,-2.461,-1.228,-0.938,0.739,-2.761,1.675,-0.104,0.000,-1.126,0.000,60.609,29.944,-1.543,66.409,3.230
100731.630,302.392,1.160,25.001,362.675,324.749,-2.269,-2.786,-0.000,1.045,-0.000,-2.075,-1.708,-1.605,-1.116,-1.667,1.479,-3.398,1.780,0.209,0.208,-1.463,0.000,60.609,29.944,-1.543,66.507,3.220
100727.598,302.392,1.160,25.004,362.754,324.909,-3.026,-2.341,-0.641,1.045,-0.432,-2.594,-1.602,-1.498,-0.335,-1.876,0.634,-2.230,0.942,0.000,-0.311,-1.463,0.000,60.609,29.944,-1.543,66.850,3.220
100735.661,302.378,1.161,25.027,363.466,338.197,-2.702,-2.006,-0.321,0.941,0.108,-3.321,-1.815,-2.354,-0.781,-1.146,0.211,-2.548,0.628,-0.418,0.104,-2.139,0.000,60.609,29.944,-1.543,66.768,3.609
100743.724,302.379,1.161,25.034,363.703,338.037,-2.810,-1.783,0.000,0.941,-0.540,-1.764,-2.349,-1.605,-0.558,-1.250,-0.105,-2.442,1.361,-0.522,-0.311,-0.901,0.000,60.609,29.944,-1.543,66.524,3.609
100719.536,302.381,1.160,25.037,363.703,338.357,-3.351,-1.895,0.107,0.627,-0.216,-2.179,-1.495,-2.461,-0.893,-0.834,0.317,-2.655,1.047,-0.104,-0.518,-1.801,0.000,60.609,29.944,-1.543,66.475,3.619
100719.536,302.379,1.160,25.043,363.861,338.357,-2.594,-2.118,0.214,0.732,-0.108,-2.698,-1.815,-1.926,-1.786,-1.667,0.634,-2.973,1.361,-0.209,-0.415,-1.351,0.000,60.609,29.944,-1.543,66.670,3.619
100747.756,302.376,1.161,25.042,363.940,338.517,-3.242,-1.783,-0.534,1.150,0.216,-2.698,-1.495,-1.819,0.112,-1.980,0.845,-2.867,0.838,-0.000,-0.518,-1.126,0.000,60.609,29.944,-1.543,66.409,3.589
100739.693,302.384,1.161,25.040,363.861,338.517,-3.026,-2.006,0.856,0.209,-0.000,-2.698,-2.029,-2.354,-1.005,-1.146,0.634,-2.973,1.256,-0.940,-0.311,-1.688,0.000,60.609,29.944,-1.543,66.703,3.619
100727.598,302.378,1.160,25.042,363.861,338.677,-2.918,-2.341,-0.214,1.045,-0.540,-2.179,-1.281,-2.568,-1.339,-1.355,0.951,-2.973,0.942,-0.313,-0.829,-1.576,0.000,60.609,29.944,-1.543,66.703,3.609
100723.567,302.378,1.160,25.039,363.782,338.517,-3.134,-2.341,-0.107,0.836,-0.756,-3.321,-1.815,-2.033,-1.786,-1.771,0.528,-2.655,1.047,-1.045,-0.207,-1.914,0.000,60.609,29.944,-1.543,66.621,3.599
100735.661,302.376,1.161,25.032,363.624,338.677,-3.459,-2.229,-0.000,0.627,-0.432,-2.698,-2.456,-2.354,-0.446,-2.084,0.634,-2.442,1.571,-0.522,-0.622,-1.013,0.000,60.609,29.944,-1.543,66.344,3.589
100731.630,302.376,1.161,25.046,364.019,338.677,-3.675,-1.672,-0.000,0.209,-0.216,-2.283,-2.029,-2.782,-0.893,-0.938,-0.000,-3.079,1.361,-0.627,-0.207,-1.126,0.000,60.609,29.944,-1.543,66.442,3.609
100727.598,302.373,1.161,25.036,363.703,338.997,-2.702,-2.898,-0.321,1.045,-1.079,-2.698,-1.708,-2.247,-1.116,-1.771,1.162,-3.823,1.466,-0.209,-0.518,-1.238,0.000,60.609,29.944,-1.543,66.638,3.599
100731.630,302.375,1.161,25.044,363.940,338.997,-2.702,-2.118,-0.641,0.523,-0.000,-2.906,-2.136,-2.247,-0.893,-1.355,0.423,-2.442,0.942,-0.104,0.000,-2.139,0.000,60.609,29.944,-1.543,66.458,3.599
100731.630,302.375,1.161,25.044,363.940,338.677,-3.026,-2.006,-0.107,0.627,-0.432,-2.387,-2.349,-2.140,-0.781,-1.667,0.106,-2.442,1.257,-1.358,-0.726,-1.126,0.000,60.609,29.944,-1.543,66.361,3.599
100735.661,302.376,1.161,25.046,364.019,339.157,-3.783,-2.341,0.107,0.627,-0.540,-2.179,-1.815,-2.782,-1.228,-1.146,0.845,-2.761,1.466,0.209,-0.518,-1.463,0.000,60.609,29.944,-1.543,66.328,3.599
100727.598,302.376,1.160,25.044,363.940,339.157,-2.810,-3.344,-0.107,1.150,-0.108,-2.283,-1.815,-2.033,-1.674,-1.250,1.268,-3.716,1.257,-0.104,0.208,-1.463,0.000,60.609,29.944,-1.543,66.638,3.599
100743.724,302.378,1.161,25.042,363.940,339.157,-3.242,-1.672,-1.603,0.732,-0.432,-2.906,-2.136,-1.605,-0.781,-2.084,0.423,-2.761,0.942,-0.209,-0.622,-1.463,0.000,60.609,29.944,-1.543,66.540,3.609
100715.504,302.375,1.160,25.046,363.940,338.997,-3.351,-2.229,-0.107,0.418,-0.000,-2.075,-2.349,-2.247,-1.005,-1.146,1.268,-2.761,1.361,-1.254,-0.311,-1.463,0.000,60.609,29.944,-1.543,66.785,3.609
100723.567,302.376,1.160,25.047,364.019,339.157,-3.242,-2.341,-0.214,1.150,-0.864,-2.387,-1.388,-2.354,-1.005,-1.563,0.739,-2.548,1.047,0.105,-0.829,-1.576,0.000,60.609,29.944,-1.543,66.654,3.609
100723.567,302.371,1.160,25.045,363.940,338.837,-3.134,-2.563,-0.428,0.732,-0.216,-2.283,-1.922,-1.498,-1.563,-1.771,0.634,-2.655,1.675,-0.522,0.000,-2.026,0.000,60.609,29.944,-1.543,66.670,3.619
100723.567,302.371,1.160,25.050,364.098,339.157,-3.351,-2.118,-0.748,1.045,-0.216,-2.491,-1.815,-2.033,-0.000,-2.292,1.056,-3.398,1.257,-1.149,-0.311,-1.463,0.000,60.609,29.944,-1.543,66.458,3.589
100739.693,302.365,1.161,24.928,360.621,342.999,-2.918,-2.006,0.000,0.941,-0.108,-2.802,-1.708,-2.140,-1.451,-1.355,0.845,-3.186,1.047,-0.522,0.519,-2.476,0.000,60.609,29.944,-1.543,66.605,3.968
100731.630,302.368,1.161,24.929,360.621,342.839,-2.810,-1.560,0.107,0.941,-0.648,-2.179,-2.136,-2.140,-0.446,-1.980,0.634,-2.761,1.047,-0.522,0.208,-0.901,0.000,60.609,29.944,-1.543,66.882,3.958
100735.661,302.365,1.161,24.931,360.700,342.839,-3.567,-2.675,0.428,0.314,0.108,-2.075,-1.602,-2.140,-1.116,-1.146,-0.211,-2.655,1.675,-0.313,-0.104,-0.788,0.000,60.609,29.944,-1.543,66.638,3.958
100731.630,302.365,1.161,24.932,360.700,343.160,-2.594,-3.009,-0.428,1.150,-0.324,-1.764,-1.922,-1.926,-0.893,-0.938,1.056,-3.610,1.571,-0.104,-0.622,-1.351,0.000,60.609,29.944,-1.543,66.458,3.968
100731.630,302.367,1.161,24.940,360.937,342.999,-2.918,-2.006,-0.000,0.836,-0.540,-3.009,-1.602,-1.926,-1.005,-1.459,0.528,-2.442,0.942,-0.000,-0.415,-2.251,0.000,60.609,29.944,-1.543,66.621,3.978
100731.630,302.365,1.161,24.940,360.937,343.480,-3.026,-1.783,-0.107,0.418,-0.756,-2.283,-2.242,-1.819,-1.116,-1.667,0.845,-2.230,1.152,-0.940,-0.311,-1.463,0.000,60.609,29.944,-1.543,66.573,3.978
100731.630,302.367,1.161,24.940,360.937,343.320,-3.242,-2.118,-0.000,0.941,-0.216,-2.075,-1.815,-2.675,-1.116,-0.938,0.528,-3.292,1.256,-0.000,-0.207,-1.238,0.000,60.609,29.944,-1.543,66.491,3.978
100735.661,302.367,1.161,24.950,361.253,343.480,-2.810,-3.009,-0.107,0.941,-0.108,-2.906,-1.495,-1.498,-2.121,-1.355,0.951,-3.186,1.256,-0.627,-0.311,-1.688,0.000,60.609,29.944,-1.543,66.556,3.968
100739.693,302.367,1.161,24.952,361.332,343.960,-3.351,-1.672,-0.641,0.627,-0.432,-2.698,-2.136,-2.782,-0.446,-1.667,0.739,-2.867,0.942,-0.418,-0.207,-1.013,0.000,60.609,29.944,-1.543,66.621,3.978
100747.756,302.370,1.161,24.957,361.490,344.120,-2.810,-2.118,-0.107,0.418,-0.000,-2.491,-1.922,-1.926,-1.005,-0.938,0.317,-2.442,2.303,-1.045,-0.622,-1.126,0.000,60.609,29.944,-1.543,66.344,3.958
100743.724,302.363,1.161,24.952,361.332,344.440,-3.242,-2.118,-0.107,0.941,-0.540,-2.179,-1.922,-2.461,-0.781,-1.146,1.056,-2.655,1.361,-0.209,-1.244,-0.901,0.000,60.609,29.944,-1.543,66.149,3.968
100735.661,302.368,1.161,24.953,361.332,344.440,-2.702,-2.452,-0.428,0.836,-0.000,-2.491,-2.242,-2.247,-1.786,-1.563,0.951,-2.867,1.361,-0.313,-0.104,-2.026,0.000,60.609,29.944,-1.543,66.491,3.968
100739.693,302.368,1.161,24.961,361.569,344.440,-3.351,-1.895,-0.321,1.045,-0.216,-1.972,-2.136,-2.247,-0.670,-2.188,0.634,-2.655,1.780,-0.418,-0.104,-1.351,0.000,60.609,29.944,-1.543,66.703,3.958
100731.630,302.363,1.161,24.956,361.411,344.120,-3.675,-2.006,0.214,0.418,0.216,-2.075,-1.815,-2.140,-1.116,-1.355,0.634,-2.761,1.361,-0.313,-0.207,-1.463,0.000,60.609,29.944,-1.543,66.051,3.978
100731.630,302.367,1.161,24.962,361.569,344.760,-2.810,-2.786,-0.321,0.627,-0.648,-2.491,-2.242,-2.568,-1.005,-1.042,1.479,-3.186,1.047,-0.313,-0.415,-1.688,0.000,60.609,29.944,-1.543,66.736,3.968
100731.630,302.368,1.161,24.956,361.411,344.921,-3.242,-2.118,-0.214,0.732,-0.216,-3.113,-2.136,-2.247,-0.558,-1.667,1.056,-2.442,0.524,-0.731,0.000,-2.026,0.000,60.609,29.944,-1.543,67.078,3.958
100731.630,302.370,1.161,24.970,361.806,344.921,-2.918,-2.118,-0.107,1.045,-0.756,-2.179,-2.669,-2.140,-1.339,-0.834,0.634,-2.867,1.571,-1.045,-0.726,-1.238,0.000,60.609,29.944,-1.543,66.899,3.958
100727.598,302.368,1.161,24.965,361.648,344.921,-3.782,-2.118,0.214,0.836,-0.216,-2.387,-1.708,-2.568,-1.116,-1.355,1.056,-2.761,1.047,0.105,-0.518,-1.576,0.000,60.609,29.944,-1.543,66.703,3.988
100735.661,302.368,1.161,24.967,361.727,345.401,-3.350,-3.121,-0.000,1.150,-0.000,-1.972,-1.708,-1.498,-1.451,-1.459,1.479,-2.442,1.780,-0.418,-0.104,-1.688,0.000,60.609,29.944,-1.543,66.442,3.958
100755.819,302.367,1.161,24.972,361.964,345.561,-3.566,-1.560,-1.176,1.045,-0.324,-2.491,-1.708,-2.140,-0.893,-1.667,1.056,-2.655,1.152,-0.313,-0.311,-1.688,0.000,60.609,29.944,-1.543,66.524,3.958
100731.630,302.362,1.161,25.206,368.682,359.009,-2.810,-2.118,-0.428,0.732,0.433,-2.387,-1.922,-2.247,-0.335,-1.980,0.634,-2.867,0.838,-0.731,-0.518,-1.013,0.000,60.609,29.944,-1.543,66.328,4.327
100723.567,302.357,1.161,25.196,368.365,358.849,-2.810,-2.341,-0.107,0.105,-0.216,-2.387,-2.029,-2.354,-1.005,-1.250,0.317,-2.655,1.675,-1.358,0.000,-1.013,0.000,60.609,29.944,-1.543,66.703,4.306
100731.630,302.357,1.161,25.197,368.445,358.689,-2.918,-2.341,0.107,0.941,-0.756,-2.491,-1.922,-2.140,-1.228,-0.938,0.739,-3.186,0.524,-0.209,-0.518,-1.576,0.000,60.609,29.944,-1.543,66.638,4.327
100731.630,302.357,1.161,25.195,368.365,358.689,-3.351,-2.229,-0.107,0.836,0.541,-2.802,-2.242,-1.926,-1.005,-1.355,1.373,-2.548,1.361,-0.313,-0.311,-2.139,0.000,60.609,29.944,-1.543,66.344,4.327
100723.567,302.357,1.161,25.198,368.445,358.528,-3.351,-2.006,0.107,0.732,-0.648,-2.075,-2.349,-2.140,-0.781,-2.084,0.739,-2.655,1.885,-0.313,-0.104,-1.126,0.000,60.609,29.944,-1.543,66.116,4.327
100727.598,302.360,1.161,25.193,368.286,359.009,-3.675,-1.449,-0.000,0.732,-0.216,-2.075,-1.495,-2.782,-0.781,-1.250,0.739,-2.548,1.152,-0.418,0.000,-1.688,0.000,60.609,29.944,-1.543,66.361,4.327
100739.693,302.363,1.161,25.197,368.445,358.849,-2.702,-3.009,-0.214,0.941,-0.432,-2.283,-1.708,-1.712,-1.674,-1.250,0.634,-3.079,1.361,-0.418,-0.311,-1.576,0.000,60.609,29.944,-1.543,66.491,4.316
100739.693,302.359,1.161,25.197,368.445,358.368,-3.134,-1.895,-0.641,1.045,-0.216,-2.491,-1.708,-1.712,-1.005,-1.980,0.739,-2.336,0.419,-0.209,0.104,-1.013,0.000,60.609,29.944,-1.543,66.263,4.327
100739.693,302.368,1.161,25.197,368.445,358.528,-3.134,-2.341,0.321,-0.000,-0.216,-2.283,-2.669,-1.498,-0.781,-0.834,0.739,-2.761,1.780,-0.940,-0.311,-1.238,0.000,60.609,29.944,-1.543,66.442,4.337
100739.693,302.363,1.161,25.189,368.207,358.208,-3.026,-2.341,-0.000,0.732,-1.079,-2.594,-1.815,-2.675,-1.228,-1.459,0.845,-2.548,1.152,-0.418,-0.726,-1.576,0.000,60.609,29.944,-1.543,66.556,4.316
100727.598,302.363,1.161,25.204,368.603,358.208,-3.134,-2.786,-0.321,1.045,-0.108,-2.283,-1.922,-1.712,-1.563,-1.250,0.845,-2.867,1.885,-0.313,-0.104,-2.139,0.000,60.609,29.944,-1.543,66.230,4.316
100731.630,302.359,1.161,25.184,368.049,358.528,-3.351,-2.229,-0.321,1.254,-0.216,-2.179,-2.136,-1.926,-0.670,-1.980,0.951,-2.442,1.675,-0.836,-0.311,-0.901,0.000,60.609,29.944,-1.543,66.670,4.316
100731.630,302.362,1.161,25.192,368.286,358.048,-3.459,-2.118,-0.321,0.105,-0.432,-1.868,-2.136,-2.247,-1.116,-1.250,-0.105,-2.761,1.152,-0.836,0.000,-0.901,0.000,60.609,29.944,-1.543,66.556,4.337
100727.598,302.360,1.161,25.185,368.049,358.208,-2.810,-2.898,-0.000,0.523,-1.187,-2.179,-1.708,-1.819,-0.781,-1.459,0.951,-3.398,1.257,-0.104,-0.622,-1.351,0.000,60.609,29.944,-1.543,66.507,4.327
100727.598,302.360,1.161,25.187,368.128,358.368,-2.594,-1.895,-0.641,0.418,-0.540,-2.802,-1.815,-2.247,-0.781,-1.459,0.845,-2.548,0.838,-0.209,0.000,-1.914,0.000,60.609,29.944,-1.543,66.393,4.316
100731.630,302.359,1.161,25.187,368.128,358.368,-3.242,-2.341,-0.321,0.627,-0.324,-2.283,-2.136,-2.247,-0.781,-1.876,0.211,-2.336,1.361,-1.045,-0.622,-1.238,0.000,60.609,29.944,-1.543,66.752,4.327
100735.661,302.360,1.161,25.184,368.049,357.888,-3.351,-2.563,-0.214,0.627,-0.324,-2.283,-1.815,-2.568,-1.339,-1.355,0.423,-3.079,1.257,0.000,-0.726,-1.801,0.000,60.609,29.944,-1.543,66.654,4.306
100727.598,302.359,1.161,25.190,368.207,358.208,-3.242,-3.009,-0.107,0.732,-0.324,-2.906,-1.922,-1.926,-1.563,-1.667,1.056,-2.973,1.257,0.000,0.000,-1.801,0.000,60.609,29.944,-1.543,66.638,4.327
100747.756,302.365,1.161,25.185,368.128,358.048,-3.134,-1.895,-0.748,0.627,-0.540,-2.075,-2.136,-2.354,-0.670,-1.876,0.739,-2.761,1.571,-0.209,-0.518,-1.463,0.000,60.609,29.944,-1.543,66.377,4.327
100727.598,302.368,1.161,25.190,368.207,358.048,-3.242,-2.452,0.107,0.105,-0.540,-2.387,-1.708,-2.033,-1.451,-1.563,-0.000,-2.761,1.361,-0.627,-0.104,-1.463,0.000,60.609,29.944,-1.543,66.589,4.327
100739.693,302.363,1.161,24.947,361.174,356.607,-3.026,-2.229,-0.214,0.836,-0.324,-3.321,-1.388,-1.712,-1.005,-0.521,0.845,-2.761,1.256,-0.313,0.208,-2.814,0.000,60.609,29.944,-1.543,66.621,4.655
100747.756,302.359,1.161,24.951,361.332,356.607,-2.810,-1.895,-0.214,0.523,-0.216,-2.802,-2.136,-1.819,-0.670,-1.667,1.162,-2.973,1.047,-0.522,-0.104,-1.238,0.000,60.609,29.944,-1.543,66.605,4.675
100751.787,302.357,1.161,24.948,361.253,356.447,-3.891,-2.118,0.321,0.209,-0.108,-2.491,-1.708,-2.140,-0.893,-1.250,0.423,-2.655,1.361,0.419,-0.311,-1.351,0.000,60.609,29.944,-1.543,66.736,4.675
100735.661,302.357,1.161,24.942,361.016,356.447,-2.486,-2.563,0.214,0.941,-0.864,-1.972,-1.495,-1.391,-1.563,-1.459,0.951,-3.610,0.838,0.209,-0.311,-1.576,0.000,60.609,29.944,-1.543,66.833,4.685
100743.724,302.354,1.161,24.949,361.253,356.607,-2.810,-1.449,-0.428,0.732,0.108,-2.698,-1.815,-2.354,-0.670,-1.250,0.528,-2.548,1.047,-0.418,-0.207,-1.914,0.000,60.609,29.944,-1.543,66.605,4.675
100739.693,302.355,1.161,24.936,360.858,356.447,-2.810,-1.560,0.749,0.314,-0.432,-1.557,-2.563,-2.247,-1.228,-1.146,0.951,-2.230,1.256,-1.254,-0.207,-1.576,0.000,60.609,29.944,-1.543,66.638,4.675
100739.693,302.355,1.161,24.938,360.937,356.287,-3.351,-2.341,0.214,1.150,-0.540,-2.283,-1.602,-2.675,-1.228,-1.355,0.423,-2.655,1.780,-0.000,-0.415,-2.139,0.000,60.609,29.944,-1.543,66.491,4.675
100731.630,302.355,1.161,24.937,360.858,356.447,-2.594,-3.121,-0.107,0.836,0.216,-2.387,-1.708,-1.819,-1.451,-1.355,0.951,-3.079,1.885,0.209,0.104,-1.688,0.000,60.609,29.944,-1.543,66.654,4.665
100743.724,302.357,1.161,24.941,361.016,356.287,-3.026,-2.006,-0.428,0.941,-0.000,-2.491,-1.708,-1.712,-1.116,-1.146,1.056,-2.548,0.628,0.105,-0.207,-1.576,0.000,60.609,29.944,-1.543,66.621,4.675
100739.693,302.357,1.161,24.938,360.937,356.767,-2.810,-1.783,0.642,0.209,-0.108,-2.387,-2.029,-2.033,-1.005,-1.042,0.739,-2.973,1.675,-0.940,-0.104,-1.463,0.000,60.609,29.944,-1.543,66.785,4.665
100735.661,302.357,1.161,24.947,361.174,356.767,-2.810,-2.341,-0.428,1.150,-0.972,-2.179,-1.495,-2.568,-0.781,-1.355,1.162,-2.548,1.047,0.105,-0.726,-1.463,0.000,60.609,29.944,-1.543,66.540,4.675
100739.693,302.362,1.161,24.944,361.095,356.767,-3.134,-2.118,-0.641,0.941,-0.000,-3.217,-1.815,-2.461,-1.451,-1.771,0.634,-2.548,1.047,-0.313,-0.104,-2.364,0.000,60.609,29.944,-1.543,66.605,4.675
100735.661,302.363,1.161,24.945,361.095,356.767,-3.134,-1.783,-0.855,1.045,-0.216,-1.764,-1.922,-2.461,-0.335,-2.292,0.951,-2.548,0.838,-0.522,-0.104,-1.463,0.000,60.609,29.944,-1.543,66.882,4.675
100735.661,302.357,1.161,24.944,361.095,356.767,-3.783,-1.895,0.321,0.209,-0.216,-2.075,-1.708,-2.247,-1.339,-0.938,0.000,-2.761,1.885,-0.209,0.311,-1.576,0.000,60.609,29.944,-1.543,66.491,4.675
100739.693,302.359,1.161,24.930,360.700,356.607,-3.026,-2.898,-0.428,0.836,-0.756,-2.179,-1.495,-2.033,-1.451,-1.667,1.162,-2.973,1.361,0.105,-0.726,-1.463,0.000,60.609,29.944,-1.543,66.752,4.685
100731.630,302.359,1.161,24.934,360.779,356.447,-2.486,-1.672,0.214,0.732,-0.324,-2.491,-1.495,-1.926,-0.446,-1.250,0.634,-2.018,0.733,-0.104,0.311,-1.688,0.000,60.609,29.944,-1.543,66.540,4.655
100735.661,302.354,1.161,24.944,361.095,356.447,-2.486,-1.560,-0.107,0.523,-0.432,-1.972,-2.456,-1.819,-1.116,-1.355,1.373,-2.761,1.780,-0.522,-0.311,-1.351,0.000,60.609,29.944,-1.543,66.556,4.685
100727.598,302.359,1.161,24.940,360.937,356.607,-3.350,-2.341,-0.107,1.150,-0.432,-2.387,-1.602,-2.675,-1.005,-1.250,0.423,-2.867,1.675,-0.522,-0.415,-1.238,0.000,60.609,29.944,-1.543,66.817,4.685
100739.693,302.359,1.161,24.938,360.937,356.607,-2.810,-2.452,0.321,1.045,-0.000,-2.179,-1.922,-1.819,-1.005,-0.625,1.373,-3.398,1.675,0.000,0.208,-1.238,0.000,60.609,29.944,-1.543,66.752,4.665
100735.661,302.357,1.161,24.944,361.095,356.607,-2.486,-1.560,-0.321,1.150,-0.108,-2.387,-1.495,-2.140,-0.670,-1.250,0.845,-2.336,1.152,-0.418,0.208,-1.576,0.000,60.609,29.944,-1.543,66.670,4.675
100739.693,302.341,1.161,25.017,363.229,361.090,-2.702,-1.783,0.321,1.150,-0.108,-2.283,-2.883,-2.461,-0.558,-1.146,0.106,-2.442,1.466,-0.209,-0.311,-1.013,0.000,60.609,29.944,-1.543,66.573,5.136
100743.724,302.338,1.161,25.019,363.308,361.250,-3.134,-1.672,0.642,0.627,-0.324,-2.387,-1.388,-2.568,-1.563,-1.459,0.211,-2.655,1.780,0.105,-0.207,-1.351,0.000,60.609,29.944,-1.543,66.573,5.106
100751.787,302.344,1.161,25.013,363.150,360.930,-2.918,-3.455,-0.107,0.836,-0.000,-2.179,-1.708,-1.819,-1.451,-1.459,0.951,-3.504,1.466,-0.313,-0.311,-1.688,0.000,60.609,29.944,-1.543,66.736,5.116
100735.661,302.339,1.161,25.012,363.070,360.770,-3.242,-2.006,-0.748,0.314,-0.216,-2.387,-2.029,-2.140,-0.446,-1.667,0.634,-2.442,0.628,-0.627,-0.104,-1.688,0.000,60.609,29.944,-1.543,66.573,5.106
100735.661,302.339,1.161,25.012,363.070,360.610,-3.026,-1.895,0.535,-0.000,-0.324,-2.179,-2.349,-1.819,-1.228,-1.042,0.528,-2.973,1.047,-1.045,0.208,-1.126,0.000,60.609,29.944,-1.543,66.736,5.116
100727.598,302.341,1.161,24.997,362.596,360.129,-2.918,-2.563,-0.000,1.464,-0.540,-1.972,-1.602,-2.675,-1.005,-0.938,0.951,-2.548,1.571,-0.000,-0.829,-1.351,0.000,60.609,29.944,-1.543,66.246,5.116
100739.693,302.339,1.161,24.998,362.675,360.450,-3.134,-2.341,-0.000,0.941,-0.108,-2.906,-2.136,-2.033,-1.786,-0.834,0.739,-2.655,1.152,-0.418,0.000,-1.688,0.000,60.609,29.944,-1.543,66.589,5.116
100727.598,302.338,1.161,24.996,362.596,360.129,-3.026,-2.341,-0.321,1.254,-0.000,-1.972,-2.029,-1.605,-1.116,-1.771,1.056,-2.124,0.942,-0.522,-0.207,-1.238,0.000,60.609,29.944,-1.543,66.621,5.095
100727.598,302.338,1.161,24.991,362.438,359.969,-3.567,-1.783,0.107,0.523,-0.108,-1.868,-1.922,-2.140,-0.893,-1.042,0.423,-2.655,1.361,-0.313,0.000,-1.351,0.000,60.609,29.944,-1.543,66.556,5.116
100723.567,302.338,1.161,24.986,362.280,359.969,-2.594,-2.341,-0.428,0.836,-0.540,-2.283,-1.495,-2.140,-1.563,-1.250,1.056,-2.867,1.466,-0.209,-0.311,-1.013,0.000,60.609,29.944,-1.543,66.785,5.106
100731.630,302.338,1.161,24.982,362.201,359.969,-3.783,-1.672,-0.214,0.627,-0.108,-2.802,-1.815,-2.247,-0.781,-1.250,0.951,-2.548,0.628,-0.104,-0.518,-1.688,0.000,60.609,29.944,-1.543,66.621,5.116
100731.630,302.338,1.161,24.985,362.280,359.809,-2.486,-2.006,0.642,0.732,-0.540,-2.594,-2.990,-2.461,-1.116,-1.459,0.634,-2.548,1.675,-1.149,-0.415,-1.238,0.000,60.609,29.944,-1.543,66.377,5.116
100739.693,302.344,1.161,24.976,362.043,359.489,-3.567,-2.006,0.107,1.045,-0.432,-2.698,-1.815,-2.996,-1.005,-0.938,0.634,-2.761,1.257,-0.000,-0.726,-1.576,0.000,60.609,29.944,-1.543,66.426,5.116
100735.661,302.341,1.161,24.976,362.043,359.329,-3.026,-2.898,0.107,0.732,-0.216,-2.179,-1.708,-1.819,-1.451,-1.459,0.951,-3.186,1.257,-0.209,0.311,-1.351,0.000,60.609,29.944,-1.543,66.573,5.116
100735.661,302.341,1.161,24.971,361.885,359.489,-3.026,-1.672,-1.283,0.941,-0.540,-2.491,-1.815,-2.568,-0.781,-2.188,1.268,-2.867,1.257,-0.313,-0.415,-1.238,0.000,60.609,29.944,-1.543,66.034,5.116
100735.661,302.339,1.161,24.965,361.727,359.489,-2.810,-2.341,-0.000,-0.104,0.216,-2.387,-2.029,-2.782,-0.670,-1.355,0.528,-2.867,1.257,-0.940,-0.104,-1.351,0.000,60.609,29.944,-1.543,66.393,5.106
100723.567,302.341,1.161,24.964,361.648,359.329,-3.242,-1.560,-0.000,0.523,-0.972,-2.179,-2.349,-2.033,-0.893,-1.355,0.951,-2.973,1.361,-0.209,-0.726,-0.901,0.000,60.609,29.944,-1.543,66.458,5.126
100727.598,302.347,1.161,24.964,361.648,359.329,-2.810,-2.229,-0.428,0.209,-0.108,-3.009,-1.708,-1.926,-1.116,-0.938,0.951,-2.442,1.257,-0.418,-0.311,-2.702,0.000,60.609,29.944,-1.543,66.377,5.106
100731.630,302.338,1.161,24.958,361.490,359.329,-3.242,-2.229,-0.428,0.523,-0.324,-2.283,-2.242,-1.926,-1.005,-1.876,0.634,-2.548,1.571,-0.731,-0.311,-1.238,0.000,60.609,29.944,-1.543,66.442,5.106
100723.567,302.336,1.161,24.953,361.332,359.009,-3.350,-2.452,0.428,0.418,-0.000,-2.075,-1.602,-2.354,-1.451,-1.042,0.528,-2.867,1.152,-0.522,-0.207,-1.126,0.000,60.609,29.944,-1.543,66.426,5.106
