%Atmospheric Pressure [Pa],Atmospheric Temperature [K],Atmospheric Density [kg/m^3],Airspeed [m/s],Pitot Dynamic Pressure [Pa],Aux Dynamic Pressure [Pa],Scanivalve Pressure 1 [Pa],Scanivalve Pressure 2 [Pa],Scanivalve Pressure 3 [Pa],Scanivalve Pressure 4 [Pa],Scanivalve Pressure 5 [Pa],Scanivalve Pressure 6 [Pa],Scanivalve Pressure 7 [Pa],Scanivalve Pressure 8 [Pa],Scanivalve Pressure 9 [Pa],Scanivalve Pressure 10 [Pa],Scanivalve Pressure 11 [Pa],Scanivalve Pressure 12 [Pa],Scanivalve Pressure 13 [Pa],Scanivalve Pressure 14 [Pa],Scanivalve Pressure 15 [Pa],Scanivalve Pressure 16 [Pa],Angle of Attack [deg],Sting Normal Force [N],Sting Axial Force [N],Sting Pitching Moment [Nm],ELD Probe X axis [mm],ELD Probe Y axis [mm]
100759.850,302.257,1.161,25.034,363.901,165.794,-2.810,-2.563,0.107,0.732,0.324,-2.802,-1.708,-2.568,-1.786,-1.459,0.739,-3.186,1.885,-0.104,-0.311,-1.688,0.000,60.609,29.944,-1.543,151.196,-0.022
100759.850,302.252,1.161,25.023,363.585,165.954,-3.134,-1.672,-0.641,0.836,-0.000,-2.491,-1.495,-2.033,-1.228,-1.980,0.739,-2.124,1.152,-0.627,0.000,-1.351,0.000,60.609,29.944,-1.543,151.506,-0.022
100767.913,302.249,1.161,25.027,363.743,166.114,-3.459,-2.341,0.321,0.209,-0.432,-2.387,-2.242,-2.247,-0.670,-0.834,0.317,-2.867,1.047,-0.731,-0.726,-1.463,0.000,60.609,29.944,-1.543,151.734,-0.011
100747.756,302.252,1.161,25.030,363.743,165.954,-3.567,-3.121,-0.214,1.045,-1.187,-2.283,-2.136,-2.675,-1.116,-0.938,1.162,-3.079,1.047,-0.000,-0.829,-1.351,0.000,60.609,29.944,-1.543,151.669,-0.022
100747.756,302.250,1.161,25.035,363.901,165.954,-3.026,-2.229,-0.107,0.523,-0.432,-2.594,-1.922,-2.140,-0.558,-1.667,1.162,-2.548,0.838,-0.940,0.104,-2.139,0.000,60.609,29.944,-1.543,151.522,-0.022
100747.756,302.252,1.161,25.030,363.743,165.954,-3.134,-2.229,-0.428,1.150,-0.324,-1.972,-2.242,-2.354,-1.339,-1.355,0.739,-2.655,1.152,-0.940,-0.518,-1.238,0.000,60.609,29.944,-1.543,151.718,-0.042
100767.913,302.249,1.161,25.038,364.059,166.114,-3.675,-2.675,0.321,1.045,-0.108,-2.283,-1.708,-2.033,-1.451,-0.938,0.739,-2.761,1.256,-0.627,-0.104,-1.801,0.000,60.609,29.944,-1.543,151.522,-0.042
100763.882,302.250,1.161,25.044,364.217,166.274,-2.594,-2.563,-0.214,0.941,-0.432,-2.491,-2.029,-2.247,-1.674,-1.771,1.162,-3.079,1.571,-0.209,-0.726,-1.463,0.000,60.609,29.944,-1.543,151.815,-0.042
100759.850,302.250,1.161,25.045,364.217,165.954,-2.594,-1.449,-0.748,0.732,-0.540,-3.528,-1.602,-1.819,-0.558,-1.250,0.845,-2.655,1.152,-0.418,0.000,-1.463,0.000,60.609,29.944,-1.543,151.734,-0.011
100759.850,302.250,1.161,25.045,364.217,165.954,-2.918,-2.118,-0.000,0.523,-0.864,-2.179,-2.349,-2.247,-0.781,-1.771,0.951,-2.655,1.361,-1.149,-0.311,-1.351,0.000,60.609,29.944,-1.543,151.603,-0.032
100767.913,302.250,1.161,25.046,364.296,166.114,-3.134,-2.006,-0.428,1.254,-0.864,-2.283,-1.602,-2.568,-1.116,-1.146,0.845,-2.655,1.047,-0.104,-0.726,-1.914,0.000,60.609,29.944,-1.543,151.587,-0.032
100771.944,302.254,1.161,25.038,364.059,165.954,-2.702,-2.563,-0.000,0.732,-0.000,-2.283,-2.136,-2.140,-1.897,-1.355,0.951,-3.504,1.152,-0.104,-0.207,-1.914,0.000,60.609,29.944,-1.543,151.391,-0.032
100771.944,302.252,1.161,25.043,364.217,165.794,-3.134,-1.560,-0.428,0.732,-0.324,-2.491,-1.815,-1.391,-0.781,-2.188,0.739,-2.761,1.571,-0.627,-0.207,-0.788,0.000,60.609,29.944,-1.543,151.375,-0.042
100763.882,302.246,1.161,25.036,363.980,165.474,-3.351,-1.895,-0.107,0.523,-0.000,-2.179,-1.602,-1.926,-0.558,-0.938,0.211,-2.655,1.780,-1.149,-0.311,-1.238,0.000,60.609,29.944,-1.543,151.701,-0.022
100771.944,302.250,1.161,25.043,364.217,165.474,-2.378,-2.675,0.107,0.836,-1.079,-1.868,-2.029,-2.461,-1.339,-1.563,1.056,-3.292,0.942,0.000,-0.622,-1.126,0.000,60.609,29.944,-1.543,151.440,-0.032
100767.913,302.254,1.161,25.038,364.059,165.474,-3.026,-2.006,-0.107,0.941,-0.540,-2.698,-1.388,-1.819,-1.228,-1.876,0.634,-2.230,0.628,-0.522,0.000,-2.026,0.000,60.609,29.944,-1.543,150.951,-0.032
100767.913,302.252,1.161,25.041,364.138,165.794,-2.918,-2.341,-0.000,1.254,-0.432,-1.972,-2.349,-2.354,-0.446,-2.292,0.951,-2.867,1.885,0.105,-0.207,-0.675,0.000,60.609,29.944,-1.543,151.489,-0.011
100771.944,302.250,1.161,25.046,364.296,165.794,-3.134,-1.895,0.107,0.523,-0.324,-2.075,-1.602,-2.568,-0.893,-1.459,0.634,-2.655,1.047,0.105,-0.311,-1.463,0.000,60.609,29.944,-1.543,151.342,-0.022
100780.007,302.250,1.162,25.048,364.375,165.794,-2.594,-2.898,-0.214,0.732,-0.216,-2.491,-2.136,-2.033,-1.228,-1.563,0.528,-2.867,1.257,0.000,0.519,-1.463,0.000,60.609,29.944,-1.543,151.457,-0.032
100784.039,302.244,1.162,25.041,364.217,165.794,-3.242,-2.229,-0.321,1.045,-0.324,-2.387,-1.708,-2.033,-0.446,-1.459,1.373,-2.442,0.942,-0.313,-0.311,-1.463,0.000,60.609,29.944,-1.543,151.473,-0.022
100767.913,302.292,1.161,25.040,364.054,176.238,-3.242,-3.009,-0.534,0.732,-0.648,-2.594,-1.815,-2.033,-1.116,-1.354,0.634,-3.398,1.257,-0.313,-0.518,-1.351,0.000,60.609,29.944,-1.543,126.080,0.214
100759.850,302.291,1.161,25.038,363.975,176.078,-3.026,-2.341,-0.214,0.732,-0.108,-3.217,-1.815,-1.926,-1.116,-1.563,0.634,-2.336,1.152,-0.209,0.000,-1.126,0.000,60.609,29.944,-1.543,126.080,0.214
100759.850,302.289,1.161,25.043,364.133,175.758,-2.810,-1.895,-0.534,0.418,0.216,-1.868,-2.349,-1.926,-1.005,-1.354,0.845,-3.079,1.571,-0.731,-0.726,-1.351,0.000,60.609,29.944,-1.543,126.080,0.214
100771.944,302.291,1.161,25.045,364.212,175.598,-3.566,-2.006,0.107,0.627,-0.000,-2.179,-1.602,-2.889,-0.781,-1.667,0.000,-2.761,1.152,-0.522,-0.311,-0.901,0.000,60.609,29.944,-1.543,126.064,0.235
100767.913,302.292,1.161,25.040,364.054,175.758,-2.810,-2.341,0.107,1.045,-0.216,-2.802,-1.708,-2.033,-1.786,-1.146,1.268,-3.504,1.466,-0.627,0.104,-1.688,0.000,60.609,29.944,-1.543,126.047,0.214
100771.944,302.299,1.161,25.050,364.371,175.758,-3.134,-1.783,-0.748,0.627,-0.324,-2.594,-2.029,-2.461,-0.335,-2.084,0.528,-2.655,0.628,-0.522,-0.311,-1.351,0.000,60.609,29.944,-1.543,126.064,0.214
100771.944,302.296,1.161,25.050,364.371,175.438,-3.566,-1.895,0.428,-0.000,-0.216,-2.387,-2.242,-2.461,-0.558,-1.250,0.739,-3.186,1.571,-0.836,-0.415,-0.788,0.000,60.609,29.944,-1.543,126.080,0.224
100759.850,302.294,1.161,25.057,364.529,175.278,-3.026,-2.006,0.107,1.150,-0.540,-2.387,-1.815,-2.889,-0.893,-1.563,0.845,-2.655,1.361,0.000,-0.415,-1.351,0.000,60.609,29.944,-1.543,126.064,0.224
100771.944,302.297,1.161,25.050,364.371,175.278,-3.134,-2.563,-0.000,0.941,0.324,-2.491,-1.708,-1.926,-1.897,-1.250,0.739,-2.548,1.047,-0.313,0.000,-2.364,0.000,60.609,29.944,-1.543,126.080,0.224
100771.944,302.296,1.161,25.058,364.608,174.798,-3.242,-1.449,-0.428,1.045,-0.108,-2.387,-1.602,-1.926,-0.446,-1.980,0.634,-2.548,1.047,-0.313,-0.311,-1.013,0.000,60.609,29.944,-1.543,126.080,0.204
100763.882,302.296,1.161,25.046,364.212,174.637,-3.782,-2.452,0.321,0.418,-0.324,-2.387,-1.708,-2.461,-1.116,-0.729,0.211,-2.761,1.780,-0.731,-0.104,-1.238,0.000,60.609,29.944,-1.543,126.096,0.245
100759.850,302.292,1.161,25.046,364.212,174.637,-3.026,-2.786,0.107,0.941,-0.540,-2.387,-1.708,-1.926,-0.781,-1.250,1.373,-3.398,0.942,0.000,-0.311,-1.238,0.000,60.609,29.944,-1.543,126.064,0.224
100755.819,302.294,1.161,25.058,364.529,174.317,-3.026,-2.118,-0.855,0.732,-0.000,-2.906,-2.029,-1.926,-0.781,-1.146,0.951,-2.124,0.733,-0.209,-0.518,-2.026,0.000,60.609,29.944,-1.543,126.080,0.235
100759.850,302.292,1.161,25.043,364.133,173.997,-3.242,-1.783,-0.000,0.627,-0.540,-2.179,-2.349,-1.712,-1.005,-1.459,0.845,-2.548,1.885,-0.731,0.415,-1.013,0.000,60.609,29.944,-1.543,126.080,0.224
100755.819,302.294,1.161,25.047,364.212,173.997,-3.458,-2.006,0.214,1.359,-0.324,-1.660,-1.388,-2.996,-0.670,-1.042,0.634,-2.867,1.571,0.000,-0.415,-1.013,0.000,60.609,29.944,-1.543,126.064,0.245
100780.007,302.297,1.161,25.052,364.450,173.837,-2.702,-3.678,-0.214,0.627,0.108,-2.387,-1.815,-1.926,-1.674,-1.563,0.739,-3.292,1.361,-0.418,0.104,-1.576,0.000,60.609,29.944,-1.543,126.096,0.235
100759.850,302.294,1.161,25.052,364.371,173.837,-2.918,-1.895,-0.641,1.150,-0.108,-2.698,-1.815,-2.354,-0.893,-1.771,0.739,-2.655,0.838,0.000,-0.207,-1.351,0.000,60.609,29.944,-1.543,126.080,0.224
100771.944,302.296,1.161,25.050,364.371,173.677,-2.702,-2.118,0.535,0.314,0.108,-2.698,-2.136,-1.605,-0.558,-1.250,0.317,-2.761,0.942,-0.836,-0.726,-1.126,0.000,60.609,29.944,-1.543,126.096,0.214
100763.882,302.297,1.161,25.054,364.450,173.357,-2.918,-2.341,0.642,1.254,-0.756,-2.075,-1.602,-2.354,-1.005,-1.146,1.162,-3.292,1.047,0.105,-0.518,-0.675,0.000,60.609,29.944,-1.543,126.080,0.235
100763.882,302.296,1.161,25.062,364.687,173.037,-3.026,-2.675,-0.214,0.941,0.216,-2.802,-1.815,-2.461,-1.116,-1.250,1.268,-2.655,1.257,-0.418,-0.207,-2.476,0.000,60.609,29.944,-1.543,126.112,0.214
100775.976,302.302,1.161,25.188,368.401,204.415,-3.242,-1.337,-0.748,0.836,-0.108,-2.387,-1.922,-2.675,-0.670,-1.667,0.739,-2.655,0.838,-0.209,0.104,-1.463,0.000,60.609,29.944,-1.543,127.433,0.778
100784.039,302.304,1.161,25.187,368.401,204.415,-2.702,-1.783,0.749,0.314,-0.108,-2.283,-1.815,-2.140,-0.670,-1.042,0.317,-2.867,1.361,-0.940,-0.415,-1.238,0.000,60.609,29.944,-1.543,127.466,0.798
100780.007,302.305,1.161,25.185,368.322,204.255,-2.594,-2.675,0.428,0.732,-0.540,-2.387,-1.495,-1.605,-0.670,-0.834,1.162,-2.973,1.152,-0.000,-1.036,-1.013,0.000,60.609,29.944,-1.543,127.466,0.788
100780.007,302.307,1.161,25.188,368.401,204.415,-2.810,-2.563,-0.000,0.941,-0.000,-2.594,-1.602,-2.247,-1.005,-1.146,0.845,-2.761,1.256,-0.000,0.311,-1.801,0.000,60.609,29.944,-1.543,127.482,0.788
100775.976,302.309,1.161,25.191,368.480,204.095,-3.026,-1.895,-0.107,1.045,-0.000,-2.283,-1.922,-1.926,-1.228,-2.292,0.951,-2.230,1.361,-0.104,0.104,-0.788,0.000,60.609,29.944,-1.543,127.450,0.798
100771.944,302.304,1.161,25.183,368.243,204.255,-3.351,-2.341,0.107,0.418,-0.108,-2.179,-1.602,-2.675,-1.228,-1.146,0.528,-2.867,1.152,-0.836,-0.415,-1.463,0.000,60.609,29.944,-1.543,127.482,0.809
100771.944,302.299,1.161,25.180,368.164,203.934,-2.378,-3.009,0.107,0.941,-0.108,-2.179,-1.602,-2.033,-1.339,-1.250,1.162,-3.398,1.361,-0.209,-0.207,-1.238,0.000,60.609,29.944,-1.543,127.482,0.809
100771.944,302.299,1.161,25.180,368.164,203.934,-2.918,-1.672,-0.641,0.732,-0.000,-2.698,-1.495,-1.926,-0.446,-1.563,0.739,-2.548,0.942,-0.313,-0.104,-1.238,0.000,60.609,29.944,-1.543,127.482,0.798
100780.007,302.305,1.161,25.180,368.164,204.095,-3.026,-1.672,0.749,0.836,0.108,-1.972,-2.456,-1.819,-0.670,-1.667,0.739,-2.655,1.256,-0.836,-0.207,-1.013,0.000,60.609,29.944,-1.543,127.482,0.778
100775.976,302.304,1.161,25.180,368.164,204.095,-3.567,-2.229,-0.214,0.627,-0.432,-1.764,-1.495,-3.210,-0.558,-0.834,0.845,-2.230,1.361,-0.209,-0.518,-1.914,0.000,60.609,29.944,-1.543,127.482,0.788
100780.007,302.307,1.161,25.174,368.006,204.095,-2.810,-3.009,0.107,0.941,-0.216,-2.387,-1.708,-2.568,-1.563,-1.459,0.634,-2.761,1.361,-0.418,-0.104,-1.576,0.000,60.609,29.944,-1.543,127.466,0.819
100780.007,302.305,1.161,25.182,368.243,204.095,-3.134,-2.006,-0.855,1.150,-0.432,-2.594,-2.242,-1.926,-0.781,-2.501,0.845,-2.655,1.675,-0.627,-0.311,-1.238,0.000,60.609,29.944,-1.543,127.499,0.788
100780.007,302.307,1.161,25.185,368.322,203.934,-3.134,-2.675,-0.107,-0.313,-0.324,-2.283,-1.815,-1.819,-1.116,-0.834,0.211,-2.867,1.152,-1.045,0.208,-0.788,0.000,60.609,29.944,-1.543,127.482,0.778
100784.039,302.309,1.161,25.182,368.243,203.934,-2.702,-2.898,-0.321,0.941,-1.187,-2.179,-1.815,-2.247,-1.451,-1.042,1.584,-3.292,1.257,0.209,-0.415,-0.788,0.000,60.609,29.944,-1.543,127.499,0.788
100796.133,302.304,1.162,25.175,368.085,203.774,-2.702,-2.229,-0.107,1.254,-0.000,-2.698,-1.495,-2.033,-1.005,-1.459,0.739,-2.867,1.047,-0.209,-0.415,-1.914,0.000,60.609,29.944,-1.543,127.499,0.788
100788.070,302.304,1.161,25.176,368.085,203.774,-3.351,-2.006,-0.428,0.836,0.108,-1.972,-1.815,-2.033,-0.781,-1.876,0.634,-2.548,1.361,-0.627,-0.415,-1.013,0.000,60.609,29.944,-1.543,127.499,0.798
100780.007,302.299,1.161,25.177,368.085,203.934,-3.459,-2.563,0.428,1.150,0.216,-2.387,-1.388,-2.140,-1.005,-1.146,0.528,-2.973,1.361,-0.418,-0.104,-1.013,0.000,60.609,29.944,-1.543,127.482,0.798
100780.007,302.304,1.161,25.171,367.927,203.614,-2.702,-3.009,0.107,1.045,-0.540,-2.387,-1.602,-2.033,-0.558,-1.771,1.056,-3.716,1.780,0.000,0.104,-1.238,0.000,60.609,29.944,-1.543,127.499,0.798
100775.976,302.302,1.161,25.164,367.690,204.095,-2.810,-1.226,-0.534,0.941,-0.108,-2.491,-1.602,-2.247,-0.781,-1.667,0.951,-2.230,0.942,0.000,0.000,-1.576,0.000,60.609,29.944,-1.543,127.482,0.798
100780.007,302.300,1.161,25.166,367.769,204.095,-2.918,-1.560,0.749,0.418,-0.324,-2.283,-2.242,-1.605,-0.446,-1.042,0.317,-3.079,1.361,-1.149,-0.104,-1.463,0.000,60.609,29.944,-1.543,127.515,0.788
100784.039,302.317,1.161,25.144,367.137,248.440,-2.702,-2.452,0.000,0.941,-0.324,-2.491,-1.602,-1.605,-1.228,-1.042,0.528,-2.548,1.256,-0.522,0.415,-1.576,0.000,60.609,29.944,-1.543,128.151,2.008
100784.039,302.310,1.161,25.144,367.137,248.440,-2.810,-2.229,-0.641,0.523,-0.648,-2.283,-2.563,-2.140,-0.223,-1.771,0.845,-2.655,1.571,-0.418,-0.518,-1.351,0.000,60.609,29.944,-1.543,128.167,2.018
100788.070,302.315,1.161,25.147,367.216,248.600,-3.891,-2.229,0.107,0.941,-0.000,-2.283,-1.602,-2.247,-1.116,-0.834,0.106,-2.761,0.733,-0.731,-0.518,-1.688,0.000,60.609,29.944,-1.543,128.167,1.998
100788.070,302.313,1.161,25.149,367.295,248.600,-2.918,-2.341,-0.000,1.045,-0.864,-2.075,-1.922,-1.926,-1.228,-1.146,1.162,-3.398,1.256,-0.418,-0.415,-1.576,0.000,60.609,29.944,-1.543,128.118,1.987
100775.976,302.312,1.161,25.140,366.979,248.600,-3.242,-2.118,-0.214,0.732,0.108,-3.321,-1.922,-2.033,-1.005,-0.938,0.211,-2.230,0.838,-0.522,0.208,-1.801,0.000,60.609,29.944,-1.543,128.151,1.998
100784.039,302.310,1.161,25.139,366.979,248.761,-3.134,-1.560,-0.107,0.941,-0.108,-1.972,-2.349,-1.177,-1.005,-0.834,0.423,-2.336,1.571,-1.045,-0.726,-1.463,0.000,60.609,29.944,-1.543,128.135,1.998
100796.133,302.312,1.162,25.137,366.979,248.761,-3.242,-2.006,0.107,0.941,-0.432,-3.009,-1.602,-2.782,-1.116,-1.146,0.634,-2.867,1.361,-0.522,-0.311,-0.675,0.000,60.609,29.944,-1.543,128.151,2.018
100771.944,302.310,1.161,25.143,367.058,249.081,-2.594,-3.121,-0.214,0.523,-0.432,-2.491,-2.029,-1.712,-1.228,-1.042,0.951,-3.398,1.675,-0.418,0.208,-1.463,0.000,60.609,29.944,-1.543,128.151,2.018
100784.039,302.310,1.161,25.144,367.137,249.241,-3.242,-1.672,-1.069,0.941,-0.324,-2.491,-2.136,-2.140,-0.670,-2.084,0.845,-2.548,0.838,-0.104,0.000,-1.351,0.000,60.609,29.944,-1.543,128.151,1.998
100792.102,302.309,1.161,25.146,367.216,249.401,-3.134,-2.563,0.428,0.523,-0.324,-2.491,-2.456,-2.140,-0.446,-1.250,0.739,-2.867,1.152,-0.940,0.000,-1.013,0.000,60.609,29.944,-1.543,128.151,1.998
100792.102,302.307,1.162,25.148,367.295,249.401,-2.918,-2.786,-0.107,1.150,-0.540,-2.802,-1.495,-2.782,-0.781,-1.771,0.951,-3.079,1.361,0.209,-1.244,-1.801,0.000,60.609,29.944,-1.543,128.167,1.998
100792.102,302.309,1.161,25.149,367.295,249.561,-2.918,-2.786,-0.428,0.732,0.216,-3.113,-2.136,-1.819,-1.563,-1.355,1.056,-2.655,1.152,-0.000,0.311,-2.364,0.000,60.609,29.944,-1.543,128.151,2.008
100800.165,302.313,1.162,25.145,367.216,249.241,-3.242,-1.337,-0.534,0.627,-0.324,-2.075,-2.029,-2.354,-0.893,-1.980,0.739,-2.867,1.675,-0.418,0.208,-1.126,0.000,60.609,29.944,-1.543,128.167,2.018
100784.039,302.309,1.161,25.150,367.295,249.401,-3.242,-2.229,0.214,0.418,-0.216,-2.387,-1.495,-2.461,-1.786,-0.938,0.211,-3.079,0.838,-1.045,-0.104,-1.576,0.000,60.609,29.944,-1.543,128.167,1.987
100788.070,302.310,1.161,25.144,367.137,249.241,-2.594,-3.009,0.107,0.418,-0.540,-2.594,-2.029,-1.712,-1.563,-1.250,0.739,-3.398,1.571,0.000,-0.726,-0.901,0.000,60.609,29.944,-1.543,128.167,1.998
100784.039,302.309,1.161,25.141,367.058,249.401,-2.810,-2.006,-0.214,0.209,0.541,-2.906,-2.029,-1.819,-1.116,-1.042,0.634,-2.336,1.152,-0.836,-0.415,-2.026,0.000,60.609,29.944,-1.543,128.151,2.018
100780.007,302.310,1.161,25.145,367.137,249.241,-3.026,-2.006,0.321,1.045,-0.756,-1.868,-2.242,-2.461,-0.670,-1.876,1.056,-2.973,1.675,-0.836,-0.311,-1.576,0.000,60.609,29.944,-1.543,128.135,2.008
100788.070,302.312,1.161,25.141,367.058,248.761,-4.107,-1.895,-0.321,1.254,-0.000,-2.387,-1.708,-2.675,-1.116,-0.938,0.317,-2.442,1.257,-0.627,-0.207,-1.576,0.000,60.609,29.944,-1.543,128.151,1.998
100780.007,302.309,1.161,25.145,367.137,249.081,-2.918,-2.229,-0.214,1.045,-0.540,-2.491,-1.922,-1.498,-1.563,-1.563,1.479,-3.186,1.571,0.105,-0.311,-1.238,0.000,60.609,29.944,-1.543,128.167,2.008
100784.039,302.310,1.161,25.142,367.058,249.081,-2.810,-1.672,-0.534,0.836,-0.000,-2.387,-1.922,-2.140,-0.446,-1.876,0.211,-2.442,0.733,-0.209,0.000,-1.238,0.000,60.609,29.944,-1.543,128.184,2.008
100796.133,302.307,1.162,25.226,369.587,265.250,-2.810,-2.006,-0.214,0.836,0.108,-2.906,-1.602,-1.819,-2.009,-1.042,1.162,-2.442,1.152,-0.418,-0.104,-1.801,0.000,60.609,29.944,-1.543,126.064,2.592
100784.039,302.302,1.161,25.225,369.507,265.090,-3.134,-1.560,-0.428,1.045,-0.540,-2.283,-2.242,-2.247,-0.893,-2.084,0.845,-2.761,1.256,-0.418,-0.104,-0.788,0.000,60.609,29.944,-1.543,126.096,2.602
100800.165,302.309,1.162,25.220,369.428,265.090,-3.134,-2.229,0.214,0.105,-0.432,-2.075,-1.388,-2.247,-1.228,-0.938,-0.000,-2.761,1.256,-0.418,0.104,-1.351,0.000,60.609,29.944,-1.543,126.096,2.633
100800.165,302.302,1.162,25.215,369.270,265.250,-2.594,-2.675,-0.000,1.045,-0.648,-2.179,-1.922,-1.712,-1.897,-1.146,0.845,-4.035,1.780,0.105,-0.415,-0.788,0.000,60.609,29.944,-1.543,126.080,2.602
100788.070,302.305,1.161,25.216,369.270,264.610,-2.918,-1.895,-0.855,0.836,-0.216,-2.906,-1.815,-2.461,-1.116,-1.042,0.845,-2.655,0.628,-0.104,0.000,-1.576,0.000,60.609,29.944,-1.543,126.080,2.612
100780.007,302.307,1.161,25.220,369.349,264.930,-3.134,-2.006,-0.214,0.209,-0.000,-2.179,-2.456,-2.033,-1.228,-0.938,0.634,-2.336,1.466,-1.254,-0.726,-1.463,0.000,60.609,29.944,-1.543,126.080,2.612
100792.102,302.307,1.162,25.219,369.349,264.930,-3.026,-2.006,0.214,1.359,-0.324,-2.491,-1.602,-2.461,-1.339,-1.250,0.951,-2.761,1.047,-0.209,-0.726,-1.351,0.000,60.609,29.944,-1.543,126.096,2.612
100784.039,302.307,1.161,25.222,369.428,265.090,-2.810,-2.675,-0.855,0.418,-0.540,-3.217,-1.708,-1.926,-1.897,-1.042,0.951,-2.761,1.571,-0.418,0.311,-1.576,0.000,60.609,29.944,-1.543,126.112,2.623
100796.133,302.309,1.162,25.218,369.349,265.090,-3.567,-1.783,-0.534,0.941,-0.216,-2.075,-2.029,-2.247,-0.670,-1.771,0.211,-2.867,1.466,-0.313,-0.829,-1.463,0.000,60.609,29.944,-1.543,126.064,2.612
100784.039,302.310,1.161,25.223,369.428,265.410,-2.918,-2.229,0.749,-0.000,0.108,-2.075,-1.815,-2.247,-1.339,-0.834,0.317,-2.655,1.256,-1.149,0.104,-1.688,0.000,60.609,29.944,-1.543,126.096,2.582
100788.070,302.310,1.161,25.225,369.507,265.570,-3.026,-2.675,0.107,1.150,-0.756,-1.972,-1.602,-2.461,-0.558,-1.250,1.056,-3.610,1.361,0.209,-0.726,-1.351,0.000,60.609,29.944,-1.543,126.047,2.612
100792.102,302.309,1.161,25.221,369.428,265.410,-3.134,-1.337,-0.748,0.627,-0.324,-2.594,-1.922,-2.675,-1.674,-1.667,1.690,-2.442,0.314,-0.836,-0.104,-2.251,0.000,60.609,29.944,-1.543,126.064,2.602
100780.007,302.307,1.161,25.220,369.349,265.730,-2.702,-2.229,-0.214,0.627,-0.216,-2.179,-2.349,-2.354,-0.781,-1.876,1.162,-2.655,1.466,-0.731,-0.415,-0.901,0.000,60.609,29.944,-1.543,126.047,2.612
100780.007,302.305,1.161,25.223,369.428,265.410,-3.459,-2.341,-0.214,0.314,-0.756,-2.387,-2.029,-2.782,-1.228,-0.834,0.845,-2.761,1.675,-0.522,-0.311,-1.688,0.000,60.609,29.944,-1.543,126.031,2.612
100780.007,302.312,1.161,25.223,369.428,265.570,-2.270,-3.009,0.107,0.732,-0.432,-2.491,-1.815,-1.712,-1.563,-1.355,0.634,-3.292,1.571,-0.104,-0.207,-1.801,0.000,60.609,29.944,-1.543,126.047,2.602
100775.976,302.304,1.161,25.223,369.428,265.570,-2.810,-1.672,-0.748,0.627,-0.540,-2.802,-2.349,-2.247,-0.670,-2.084,0.528,-2.442,0.419,-0.209,-0.622,-1.576,0.000,60.609,29.944,-1.543,126.031,2.602
100784.039,302.304,1.161,25.214,369.191,265.891,-3.566,-2.006,-0.000,0.209,-0.000,-2.075,-2.029,-2.247,-0.781,-1.250,0.000,-2.867,1.047,-1.254,0.104,-1.126,0.000,60.609,29.944,-1.543,126.064,2.612
100784.039,302.307,1.161,25.236,369.824,265.570,-3.566,-2.563,-0.107,0.941,-1.079,-2.075,-1.388,-2.675,-0.781,-1.563,0.739,-3.186,1.361,0.105,-0.518,-1.126,0.000,60.609,29.944,-1.543,126.047,2.612
100792.102,302.310,1.161,25.227,369.587,266.211,-3.026,-2.118,-0.214,0.836,0.433,-3.321,-1.922,-2.354,-1.116,-1.667,0.739,-2.548,0.733,-0.731,-0.104,-2.364,0.000,60.609,29.944,-1.543,126.031,2.612
100784.039,302.310,1.161,25.239,369.903,266.211,-3.134,-1.672,-0.107,0.523,-0.324,-1.660,-2.349,-2.354,-1.005,-2.084,0.951,-2.973,1.466,-1.149,-0.311,-1.238,0.000,60.609,29.944,-1.543,126.031,2.612
100792.102,302.312,1.161,25.051,364.450,281.420,-3.134,-1.895,0.428,0.000,-0.216,-2.075,-2.776,-2.033,-0.558,-0.938,0.739,-2.867,1.675,-0.836,-0.207,-0.675,0.000,60.609,29.944,-1.543,127.580,3.217
100796.133,302.317,1.162,25.051,364.450,281.259,-3.566,-2.675,-0.107,1.464,0.108,-2.075,-1.708,-2.033,-0.447,-1.146,0.634,-2.548,1.361,-0.522,0.104,-1.576,0.000,60.609,29.944,-1.543,127.564,3.197
100800.165,302.318,1.162,25.053,364.529,281.580,-3.026,-3.232,-0.214,0.941,-0.756,-2.698,-2.136,-1.712,-1.786,-1.042,1.268,-2.442,1.361,-0.209,-0.207,-1.351,0.000,60.609,29.944,-1.543,127.597,3.207
100788.070,302.317,1.161,25.055,364.529,281.420,-2.810,-1.783,-0.855,0.941,0.108,-2.594,-2.029,-2.247,-1.116,-1.771,0.951,-2.867,0.524,-1.254,-0.415,-1.013,0.000,60.609,29.944,-1.543,127.613,3.197
100808.228,302.315,1.162,25.057,364.687,281.259,-3.458,-2.118,0.749,0.314,-0.108,-2.283,-2.242,-2.033,-0.781,-1.042,1.056,-2.336,1.047,-1.045,0.208,-1.126,0.000,60.609,29.944,-1.543,127.597,3.207
100800.165,302.318,1.162,25.053,364.529,281.099,-2.918,-2.675,0.321,1.359,-0.648,-2.075,-1.922,-2.461,-0.781,-1.250,0.951,-3.292,1.152,0.105,-0.829,-1.463,0.000,60.609,29.944,-1.543,127.597,3.217
100808.228,302.315,1.162,25.049,364.450,280.939,-3.242,-2.006,-0.534,0.314,-0.432,-2.802,-1.708,-2.033,-1.451,-1.042,0.423,-3.186,1.152,-0.418,-0.104,-2.251,0.000,60.609,29.944,-1.543,127.597,3.217
100808.228,302.313,1.162,25.052,364.529,280.779,-3.026,-1.895,-0.748,0.732,-0.108,-2.283,-2.349,-1.712,-0.781,-1.771,0.951,-2.655,1.257,-0.418,-0.415,-0.788,0.000,60.609,29.944,-1.543,127.613,3.197
100804.196,302.315,1.162,25.047,364.371,280.459,-3.998,-2.341,-0.534,0.627,0.216,-1.972,-1.602,-2.247,-0.781,-1.146,0.106,-2.548,1.152,-0.313,-0.207,-1.351,0.000,60.609,29.944,-1.543,127.662,3.217
100804.196,302.313,1.162,25.039,364.133,280.459,-2.377,-2.898,-0.428,0.314,-0.648,-1.972,-1.495,-1.926,-1.563,-1.667,1.056,-2.973,1.466,-0.104,-0.518,-1.576,0.000,60.609,29.944,-1.543,127.629,3.207
100788.070,302.310,1.161,25.049,364.371,280.459,-3.242,-1.449,-0.214,1.045,-0.432,-2.698,-1.602,-1.819,-0.781,-1.459,0.951,-2.124,1.047,-0.522,-0.415,-1.576,0.000,60.609,29.944,-1.543,127.613,3.217
100796.133,302.313,1.162,25.045,364.292,280.459,-3.026,-2.341,0.214,0.836,-0.540,-2.594,-2.242,-1.605,-1.005,-0.834,0.951,-2.336,2.094,-0.627,-0.518,-1.126,0.000,60.609,29.944,-1.543,127.645,3.227
100812.259,302.312,1.162,25.049,364.450,280.459,-3.458,-2.786,-0.000,1.464,-0.108,-2.283,-1.602,-2.782,-1.451,-1.250,0.317,-2.973,1.361,0.105,-0.518,-1.013,0.000,60.609,29.944,-1.543,127.629,3.186
100804.196,302.317,1.162,25.047,364.371,280.619,-3.134,-2.898,-0.428,0.941,-0.108,-2.387,-1.922,-1.819,-2.121,-0.938,0.739,-3.079,1.361,-0.104,0.415,-1.688,0.000,60.609,29.944,-1.543,127.613,3.217
100804.196,302.317,1.162,25.053,364.529,280.299,-3.566,-1.895,-1.069,0.941,-0.432,-2.387,-1.708,-1.819,-1.005,-1.876,0.845,-2.973,0.524,0.105,-0.415,-1.238,0.000,60.609,29.944,-1.543,127.645,3.197
100804.196,302.310,1.162,25.047,364.371,280.139,-3.134,-2.118,-0.000,0.209,-0.108,-2.283,-2.242,-2.140,-0.781,-1.042,0.317,-2.761,1.780,-1.149,-0.311,-1.463,0.000,60.609,29.944,-1.543,127.645,3.207
100804.196,302.313,1.162,25.055,364.608,280.619,-3.242,-2.006,-0.107,1.045,-0.864,-2.906,-1.815,-2.461,-0.893,-1.667,1.373,-2.761,0.838,-0.313,-1.036,-1.126,0.000,60.609,29.944,-1.543,127.662,3.207
100800.165,302.313,1.162,25.050,364.450,280.139,-2.918,-1.783,-0.107,0.314,-0.000,-2.802,-1.922,-1.819,-1.228,-0.834,0.951,-2.761,1.571,-0.836,-0.104,-2.026,0.000,60.609,29.944,-1.543,127.662,3.207
100804.196,302.313,1.162,25.050,364.450,279.979,-3.026,-2.118,0.535,1.045,0.108,-2.179,-2.349,-2.033,-0.670,-2.084,0.106,-2.442,1.675,-0.836,-0.518,-1.576,0.000,60.609,29.944,-1.543,127.662,3.207
100800.165,302.313,1.162,25.047,364.371,279.819,-3.458,-2.118,0.428,0.836,-0.324,-1.972,-1.175,-2.782,-1.339,-1.355,0.739,-2.230,0.942,-0.522,-0.622,-1.238,0.000,60.609,29.944,-1.543,127.645,3.197
100792.102,302.320,1.161,25.084,365.398,297.589,-3.242,-2.229,0.642,0.523,-0.108,-2.283,-2.136,-2.140,-0.893,-1.459,0.423,-2.973,1.571,-1.254,0.311,-1.688,0.000,60.609,29.944,-1.543,126.471,3.812
100796.133,302.318,1.162,25.083,365.398,297.429,-2.594,-2.563,0.428,1.150,-0.756,-2.179,-1.815,-2.461,-0.893,-0.938,1.690,-2.761,1.152,-0.313,-0.622,-1.576,0.000,60.609,29.944,-1.543,126.488,3.812
100788.070,302.318,1.161,25.084,365.398,297.429,-3.242,-1.672,-0.000,1.045,0.108,-2.594,-2.242,-2.247,-2.233,-1.667,0.634,-2.442,1.571,-0.731,-0.311,-2.364,0.000,60.609,29.944,-1.543,126.471,3.812
100784.039,302.315,1.161,25.088,365.477,297.749,-2.918,-1.783,-0.107,1.045,-0.540,-1.764,-2.029,-2.247,-0.558,-2.084,0.845,-2.548,1.361,-0.836,-0.207,-1.126,0.000,60.609,29.944,-1.543,126.504,3.812
100784.039,302.313,1.161,25.093,365.635,297.589,-4.107,-2.341,0.428,0.836,-0.216,-2.075,-1.815,-2.461,-1.116,-1.354,0.211,-2.442,1.466,-0.418,0.104,-1.238,0.000,60.609,29.944,-1.543,126.520,3.822
100792.102,302.317,1.161,25.089,365.556,297.269,-2.702,-2.898,-0.214,1.045,-0.216,-2.594,-1.708,-2.033,-1.340,-1.563,0.951,-3.292,1.152,-0.209,-0.104,-1.351,0.000,60.609,29.944,-1.543,126.504,3.801
100775.976,302.318,1.161,25.089,365.477,297.269,-3.026,-1.672,-0.534,0.627,0.108,-2.906,-1.708,-2.354,-0.335,-1.771,0.951,-2.336,0.942,-0.209,-0.518,-2.139,0.000,60.609,29.944,-1.543,126.504,3.801
100792.102,302.320,1.161,25.098,365.793,297.749,-2.810,-1.672,0.535,0.627,-0.108,-1.764,-2.456,-2.782,-1.005,-1.563,0.845,-2.548,1.571,-0.522,-0.207,-0.675,0.000,60.609,29.944,-1.543,126.520,3.812
100792.102,302.321,1.161,25.089,365.556,297.749,-3.242,-2.341,0.321,1.359,-0.216,-2.698,-1.495,-2.889,-0.670,-1.250,0.845,-2.867,1.152,-0.209,-0.622,-1.801,0.000,60.609,29.944,-1.543,126.504,3.812
100784.039,302.320,1.161,25.090,365.556,297.749,-2.486,-2.898,-0.321,0.732,-0.000,-2.491,-1.815,-1.605,-1.897,-1.250,0.845,-3.292,1.257,-0.104,-0.311,-1.238,0.000,60.609,29.944,-1.543,126.520,3.812
100775.976,302.320,1.161,25.091,365.556,297.749,-3.350,-1.672,-0.214,0.523,-0.000,-2.283,-1.922,-1.819,-0.446,-1.876,0.634,-2.973,0.733,-0.522,-0.622,-1.238,0.000,60.609,29.944,-1.543,126.504,3.812
100796.133,302.317,1.162,25.089,365.556,297.589,-3.134,-2.006,-0.321,-0.418,-0.216,-2.075,-1.922,-2.568,-0.446,-0.729,0.211,-3.079,1.047,-1.358,0.104,-1.351,0.000,60.609,29.944,-1.543,126.504,3.801
100767.913,302.315,1.161,25.081,365.240,297.589,-3.458,-2.118,0.107,1.254,-0.756,-2.698,-2.029,-2.247,-1.116,-0.834,0.951,-2.867,1.571,0.314,-0.518,-1.351,0.000,60.609,29.944,-1.543,126.504,3.822
100780.007,302.315,1.161,25.088,365.477,297.589,-2.810,-2.452,0.535,0.418,-0.432,-3.009,-1.815,-2.461,-1.451,-1.667,1.056,-2.442,0.838,-0.627,-0.415,-2.026,0.000,60.609,29.944,-1.543,126.553,3.801
100775.976,302.312,1.161,25.088,365.477,297.749,-3.026,-1.783,-0.214,0.627,-0.324,-1.453,-1.922,-2.247,-0.446,-2.188,0.634,-3.079,1.466,-0.104,-0.311,-1.013,0.000,60.609,29.944,-1.543,126.520,3.822
100780.007,302.312,1.161,25.091,365.556,297.909,-3.242,-2.229,0.214,0.732,-0.108,-2.387,-1.495,-2.461,-0.670,-1.042,-0.211,-2.761,1.152,-0.209,0.311,-1.351,0.000,60.609,29.944,-1.543,126.553,3.812
100784.039,302.315,1.161,25.088,365.477,298.069,-2.810,-2.452,0.214,0.836,-0.648,-2.802,-1.602,-1.712,-1.339,-1.042,1.056,-3.504,1.047,0.000,-0.415,-1.238,0.000,60.609,29.944,-1.543,126.569,3.801
100775.976,302.318,1.161,25.100,365.793,298.229,-2.702,-1.895,-0.214,1.150,-0.324,-2.906,-1.922,-2.140,-0.893,-1.563,1.162,-2.548,0.628,-0.627,0.311,-1.576,0.000,60.609,29.944,-1.543,126.553,3.812
100775.976,302.315,1.161,25.094,365.635,298.389,-2.810,-1.895,0.107,0.732,-0.432,-2.075,-2.883,-2.033,-0.781,-1.042,0.845,-2.336,1.466,-1.254,0.000,-1.463,0.000,60.609,29.944,-1.543,126.569,3.822
100780.007,302.313,1.161,25.093,365.635,298.550,-3.674,-1.895,-0.214,1.359,-0.432,-2.802,-1.815,-2.996,-0.893,-1.250,0.951,-2.336,1.152,-0.209,-0.415,-1.576,0.000,60.609,29.944,-1.543,126.569,3.801
100780.007,302.318,1.161,25.026,363.659,314.559,-2.810,-1.895,0.214,0.941,-0.972,-2.387,-1.922,-3.103,-0.558,-0.938,0.951,-2.761,1.257,-0.313,-0.933,-1.351,0.000,60.609,29.944,-1.543,126.520,4.406
100792.102,302.317,1.161,25.019,363.501,314.559,-2.594,-2.118,-0.321,0.941,-0.000,-2.906,-1.815,-1.819,-1.451,-1.042,0.951,-2.442,0.942,-0.522,0.104,-2.139,0.000,60.609,29.944,-1.543,126.536,4.396
100771.944,302.318,1.161,25.027,363.659,314.559,-3.350,-2.118,-0.641,1.045,-0.648,-2.179,-1.922,-2.568,-0.558,-2.396,0.528,-3.079,0.838,-0.313,-0.207,-0.901,0.000,60.609,29.944,-1.543,126.520,4.406
100784.039,302.313,1.161,25.028,363.738,314.719,-3.566,-2.229,-0.000,0.105,-0.108,-2.283,-1.602,-2.247,-1.228,-1.042,0.106,-2.442,1.361,-0.522,-0.311,-1.914,0.000,60.609,29.944,-1.543,126.504,4.406
100784.039,302.313,1.161,25.030,363.817,314.559,-2.810,-3.232,-0.321,0.627,-0.216,-2.594,-1.388,-2.354,-1.116,-1.459,0.739,-3.610,1.047,-0.209,-0.622,-1.126,0.000,60.609,29.944,-1.543,126.504,4.406
100784.039,302.323,1.161,25.025,363.659,315.199,-2.810,-1.895,-0.107,0.836,-0.432,-2.387,-1.495,-2.461,-0.781,-1.563,0.739,-2.442,1.047,-0.313,0.104,-2.139,0.000,60.609,29.944,-1.543,126.504,4.406
100775.976,302.318,1.161,25.037,363.975,314.879,-3.458,-2.118,0.107,0.523,-0.108,-2.283,-2.563,-2.354,-0.781,-1.459,1.056,-2.655,1.466,-1.045,-0.415,-1.351,0.000,60.609,29.944,-1.543,126.504,4.406
100784.039,302.321,1.161,25.036,363.975,314.879,-3.674,-2.452,-0.107,0.836,-0.540,-2.179,-1.815,-2.354,-1.228,-1.042,0.739,-2.124,1.152,0.209,-0.518,-1.801,0.000,60.609,29.944,-1.543,126.488,4.406
100775.976,302.321,1.161,25.040,364.054,315.039,-3.026,-2.898,0.107,0.836,-0.324,-2.698,-1.708,-1.605,-1.116,-1.354,0.951,-3.398,1.466,-0.104,0.000,-1.463,0.000,60.609,29.944,-1.543,126.520,4.416
100804.196,302.317,1.162,25.033,363.975,314.879,-2.594,-1.895,-0.855,0.732,-0.756,-2.179,-1.708,-2.033,-0.670,-2.292,0.528,-2.973,1.047,-0.418,-0.622,-0.450,0.000,60.609,29.944,-1.543,126.488,4.406
100788.070,302.323,1.161,25.041,364.133,314.719,-3.026,-1.783,0.428,0.314,-0.432,-2.491,-1.815,-2.140,-0.670,-1.146,0.317,-3.079,1.257,-0.836,-0.622,-1.688,0.000,60.609,29.944,-1.543,126.488,4.396
100784.039,302.315,1.161,25.030,363.817,314.719,-2.810,-2.341,-0.428,0.941,-0.864,-2.491,-2.029,-2.568,-0.893,-1.146,0.845,-2.761,1.257,0.105,-0.726,-1.351,0.000,60.609,29.944,-1.543,126.488,4.406
100780.007,302.318,1.161,25.039,364.054,314.719,-2.702,-2.118,-0.641,0.732,0.433,-2.906,-2.136,-2.247,-1.674,-1.146,0.951,-2.761,1.152,-0.418,0.208,-2.026,0.000,60.609,29.944,-1.543,126.455,4.406
100780.007,302.317,1.161,25.045,364.212,314.719,-3.350,-2.006,-0.641,0.941,-0.216,-2.179,-1.708,-2.461,-1.005,-2.084,0.951,-3.079,0.524,-0.313,0.104,-1.013,0.000,60.609,29.944,-1.543,126.504,4.416
100788.070,302.317,1.161,25.038,364.054,314.719,-3.674,-2.229,-0.000,0.418,0.108,-2.491,-2.029,-1.819,-0.893,-1.042,0.528,-2.442,1.675,-0.627,0.000,-1.238,0.000,60.609,29.944,-1.543,126.488,4.396
100796.133,302.317,1.162,25.045,364.292,314.399,-2.810,-2.006,-0.000,1.150,-0.540,-2.387,-1.922,-2.247,-1.339,-1.563,0.739,-3.504,1.256,-0.209,-0.829,-1.801,0.000,60.609,29.944,-1.543,126.471,4.427
100775.976,302.317,1.161,25.053,364.450,315.039,-3.459,-2.006,-0.214,1.150,-0.000,-2.906,-1.388,-2.461,-0.893,-1.771,0.634,-2.548,0.942,-0.313,-0.311,-1.801,0.000,60.609,29.944,-1.543,126.471,4.406
100788.070,302.317,1.161,25.049,364.371,314.719,-3.026,-2.006,-0.214,0.627,-0.432,-2.075,-2.563,-2.140,-1.339,-1.667,0.845,-2.973,1.256,-0.731,-0.104,-1.576,0.000,60.609,29.944,-1.543,126.471,4.416
100784.039,302.321,1.161,25.055,364.529,314.559,-3.675,-2.229,0.214,0.732,-0.540,-2.491,-1.602,-2.354,-1.116,-1.250,0.634,-2.973,1.571,-0.731,-0.207,-1.801,0.000,60.609,29.944,-1.543,126.488,4.396
100788.070,302.320,1.161,25.049,364.371,314.239,-2.702,-3.567,-0.214,1.150,-0.648,-2.387,-1.922,-1.819,-1.116,-1.667,1.056,-3.079,1.256,-0.731,0.104,-1.463,0.000,60.609,29.944,-1.543,126.455,4.416
100796.133,302.325,1.161,24.896,359.945,323.684,-3.782,-2.118,-0.214,1.150,-0.756,-2.075,-2.242,-2.996,-1.005,-0.833,0.634,-2.761,1.361,0.000,-0.933,-1.688,0.000,60.609,29.944,-1.543,126.683,5.011
100784.039,302.325,1.161,24.897,359.945,323.524,-2.918,-3.121,0.107,0.836,-0.000,-2.283,-1.815,-1.712,-2.121,-1.771,1.373,-3.186,1.257,-0.313,-0.311,-1.351,0.000,60.609,29.944,-1.543,126.683,5.021
100771.944,302.321,1.161,24.896,359.866,323.684,-3.026,-2.006,-0.534,0.941,-0.108,-2.179,-1.602,-1.605,-0.558,-2.084,1.162,-2.442,1.571,-0.731,-0.415,-1.463,0.000,60.609,29.944,-1.543,126.667,5.011
100780.007,302.323,1.161,24.892,359.787,323.364,-2.918,-2.006,0.214,0.418,-0.108,-1.972,-1.922,-2.033,-0.781,-0.729,0.634,-2.761,1.780,-1.045,0.208,-0.788,0.000,60.609,29.944,-1.543,126.683,5.000
100784.039,302.317,1.161,24.892,359.787,323.524,-2.702,-2.675,-0.000,1.254,-0.540,-2.283,-1.815,-2.247,-1.005,-1.667,1.056,-2.867,1.257,-0.313,-1.036,-1.013,0.000,60.609,29.944,-1.543,126.667,5.031
100788.070,302.325,1.161,24.894,359.866,323.524,-3.026,-1.895,-0.321,1.045,-0.108,-3.321,-1.708,-2.354,-1.451,-1.354,0.845,-2.336,1.361,-0.418,-0.415,-2.139,0.000,60.609,29.944,-1.543,126.667,5.011
100784.039,302.321,1.161,24.900,360.024,323.684,-2.269,-1.672,-0.107,0.836,-0.000,-2.075,-1.815,-2.140,-0.447,-2.292,0.634,-2.867,1.152,-0.836,-0.415,-1.238,0.000,60.609,29.944,-1.543,126.651,5.031
100792.102,302.323,1.161,24.899,360.024,323.684,-3.458,-2.229,-0.321,0.523,-0.216,-2.075,-1.495,-2.354,-1.451,-1.354,0.317,-3.186,1.780,-0.940,0.000,-1.351,0.000,60.609,29.944,-1.543,126.651,5.000
100796.133,302.325,1.161,24.899,360.024,324.004,-3.134,-2.675,0.321,1.045,-0.216,-2.075,-1.175,-2.033,-1.228,-1.354,1.056,-3.186,1.257,-0.209,-0.415,-1.576,0.000,60.609,29.944,-1.543,126.667,5.031
100792.102,302.326,1.161,24.899,360.024,323.844,-2.810,-1.895,-0.641,0.523,-0.432,-3.009,-1.708,-2.247,-0.781,-1.667,0.739,-2.548,1.152,-0.313,-0.726,-1.463,0.000,60.609,29.944,-1.543,126.618,5.031
100792.102,302.326,1.161,24.899,360.024,324.164,-3.242,-2.675,-0.107,0.209,-0.324,-1.972,-2.669,-1.926,-1.116,-1.563,1.056,-2.655,1.257,-0.836,0.000,-0.675,0.000,60.609,29.944,-1.543,126.634,5.011
100792.102,302.325,1.161,24.896,359.945,324.004,-3.350,-2.563,-0.321,0.941,-0.000,-2.075,-1.922,-3.317,-1.116,-0.938,0.211,-2.761,1.361,-0.313,-0.622,-1.688,0.000,60.609,29.944,-1.543,126.618,5.031
100796.133,302.321,1.161,24.898,360.024,324.325,-3.026,-2.786,-0.000,0.941,-0.216,-2.698,-1.708,-1.819,-1.786,-0.938,0.845,-3.398,1.361,-0.104,-0.104,-1.801,0.000,60.609,29.944,-1.543,126.634,5.031
100788.070,302.326,1.161,24.902,360.103,324.164,-3.026,-2.341,-0.641,0.314,-0.324,-2.906,-1.495,-1.819,-0.670,-2.084,0.211,-2.442,0.628,0.000,-0.518,-1.351,0.000,60.609,29.944,-1.543,126.618,5.000
100784.039,302.325,1.161,24.900,360.024,324.164,-3.026,-2.452,-0.107,-0.104,-0.216,-2.387,-2.136,-1.712,-1.563,-1.042,0.211,-2.548,1.361,-0.940,0.000,-1.126,0.000,60.609,29.944,-1.543,126.618,5.011
100796.133,302.325,1.161,24.901,360.103,324.325,-3.134,-2.563,-0.000,0.836,-0.432,-2.283,-1.815,-3.103,-1.005,-1.250,1.056,-3.186,1.047,-0.209,-0.622,-1.126,0.000,60.609,29.944,-1.543,126.634,5.000
100800.165,302.320,1.162,24.892,359.866,324.325,-2.810,-2.006,-0.428,1.254,0.324,-2.906,-1.815,-2.461,-1.674,-1.771,0.211,-2.336,1.152,-0.209,-0.207,-1.801,0.000,60.609,29.944,-1.543,126.618,5.031
100796.133,302.326,1.161,24.890,359.787,324.485,-2.810,-2.341,-0.321,0.941,-0.432,-2.179,-2.349,-2.033,-0.893,-2.813,0.739,-2.867,1.466,-0.627,0.208,-1.013,0.000,60.609,29.944,-1.543,126.634,5.011
100792.102,302.325,1.161,24.905,360.182,325.125,-3.459,-1.672,0.535,0.836,-0.540,-2.179,-1.495,-2.033,-0.558,-0.834,0.317,-2.761,1.466,-0.836,-0.207,-1.801,0.000,60.609,29.944,-1.543,126.602,5.011
100800.165,302.326,1.162,24.895,359.945,324.965,-3.134,-2.675,-0.214,1.045,-0.540,-2.594,-2.136,-2.033,-1.339,-1.146,0.951,-3.716,0.942,-0.731,-0.518,-1.238,0.000,60.609,29.944,-1.543,126.602,5.011
100796.133,302.323,1.161,24.920,360.656,337.292,-2.810,-1.895,0.214,0.732,-0.000,-2.802,-1.815,-2.247,-1.228,-1.250,0.528,-2.548,0.942,-0.836,-0.415,-1.801,0.000,60.609,29.944,-1.543,129.032,5.574
100792.102,302.320,1.161,24.918,360.577,337.292,-2.702,-1.783,0.428,0.523,-0.432,-1.972,-2.136,-1.926,-0.893,-1.459,0.845,-2.442,1.361,-0.940,-0.207,-0.788,0.000,60.609,29.944,-1.543,129.032,5.605
100792.102,302.323,1.161,24.921,360.656,337.452,-3.783,-2.675,0.642,0.836,-0.216,-2.283,-1.281,-2.675,-0.893,-1.042,0.317,-3.292,0.942,-0.000,-0.311,-1.463,0.000,60.609,29.944,-1.543,129.032,5.595
100792.102,302.315,1.161,24.923,360.735,337.292,-3.134,-2.675,0.321,0.732,-0.108,-2.283,-1.815,-1.605,-1.674,-1.563,0.739,-2.655,1.152,-0.104,0.000,-1.351,0.000,60.609,29.944,-1.543,129.032,5.574
100796.133,302.323,1.161,24.929,360.893,337.132,-2.702,-1.783,-0.962,0.627,-0.108,-2.698,-2.136,-2.461,-0.558,-1.771,0.528,-2.655,0.628,-0.836,0.415,-1.238,0.000,60.609,29.944,-1.543,128.983,5.585
100804.196,302.325,1.162,24.919,360.656,337.452,-3.242,-2.341,0.107,0.105,-0.324,-2.594,-2.456,-2.354,-1.563,-0.938,0.634,-2.761,1.361,-0.940,-0.207,-1.688,0.000,60.609,29.944,-1.543,128.983,5.574
100804.196,302.323,1.162,24.919,360.656,337.612,-3.026,-2.341,-0.000,1.254,-1.079,-2.075,-1.708,-2.461,-1.116,-1.459,1.162,-2.761,0.942,-0.209,-0.726,-1.463,0.000,60.609,29.944,-1.543,128.983,5.585
100804.196,302.325,1.162,24.925,360.814,337.612,-2.810,-2.229,0.428,0.732,0.324,-3.528,-1.815,-1.926,-1.005,-0.834,0.739,-2.336,1.256,-0.104,0.000,-1.914,0.000,60.609,29.944,-1.543,128.999,5.605
100800.165,302.325,1.162,24.931,360.972,337.612,-3.134,-1.783,-0.000,1.045,-0.108,-2.075,-2.242,-1.926,-0.781,-1.667,1.373,-2.867,1.361,-0.522,-0.311,-1.351,0.000,60.609,29.944,-1.543,128.983,5.595
100808.228,302.325,1.162,24.927,360.893,337.772,-3.351,-2.118,-0.428,0.732,-0.000,-2.075,-1.708,-2.675,-1.563,-1.042,0.634,-2.973,1.256,-0.627,-0.104,-1.126,0.000,60.609,29.944,-1.543,128.967,5.585
100804.196,302.321,1.162,24.927,360.893,337.612,-2.486,-2.898,-0.428,0.836,-0.324,-2.075,-2.029,-2.033,-1.339,-1.459,0.739,-3.292,1.256,0.209,-0.518,-1.238,0.000,60.609,29.944,-1.543,128.950,5.595
100800.165,302.325,1.162,24.923,360.735,337.932,-2.810,-1.449,-0.428,0.732,-0.108,-2.802,-1.922,-2.033,-0.670,-1.355,0.211,-2.230,1.047,-0.731,-0.104,-1.688,0.000,60.609,29.944,-1.543,128.918,5.595
100800.165,302.323,1.162,24.923,360.735,337.612,-2.702,-1.783,0.107,0.209,-0.432,-2.594,-2.242,-1.819,-1.005,-1.042,0.739,-2.548,1.571,-0.731,-0.207,-0.901,0.000,60.609,29.944,-1.543,128.967,5.595
100796.133,302.325,1.161,24.929,360.893,337.772,-3.459,-1.672,0.107,0.836,-0.540,-2.075,-1.495,-2.782,-1.339,-1.042,1.056,-3.186,1.361,-0.313,-0.829,-1.463,0.000,60.609,29.944,-1.543,128.950,5.574
100800.165,302.323,1.162,24.928,360.893,337.772,-3.134,-2.452,-0.214,1.045,-0.216,-2.283,-1.815,-2.247,-1.228,-1.876,1.268,-3.292,1.152,-0.731,-0.311,-1.914,0.000,60.609,29.944,-1.543,128.950,5.574
100792.102,302.320,1.161,24.921,360.656,338.093,-3.459,-2.341,-0.321,0.732,-0.216,-2.283,-1.815,-2.354,-0.893,-2.292,0.845,-2.548,1.466,-0.627,-0.311,-1.126,0.000,60.609,29.944,-1.543,128.967,5.585
100800.165,302.321,1.162,24.939,361.209,338.253,-3.458,-2.229,-0.000,0.314,0.108,-2.179,-2.136,-1.605,-1.005,-0.938,0.423,-2.548,1.466,-0.522,0.104,-1.351,0.000,60.609,29.944,-1.543,128.918,5.605
100788.070,302.323,1.161,24.932,360.972,338.253,-2.702,-2.341,0.107,0.941,-1.079,-2.179,-1.602,-2.354,-1.005,-1.042,1.268,-3.292,1.361,-0.104,-0.933,-1.576,0.000,60.609,29.944,-1.543,128.934,5.574
100808.228,302.326,1.162,24.944,361.367,338.253,-3.134,-2.006,-0.428,0.941,-0.108,-2.802,-2.136,-1.926,-1.116,-1.250,1.056,-2.442,1.152,0.000,-0.311,-1.576,0.000,60.609,29.944,-1.543,128.918,5.574
100800.165,302.325,1.162,24.934,361.051,338.413,-2.702,-1.337,0.214,0.523,-0.216,-1.557,-2.242,-2.247,-0.558,-1.355,0.739,-2.124,1.466,-0.940,-0.104,-1.126,0.000,60.609,29.944,-1.543,128.918,5.574
100792.102,302.328,1.161,24.951,361.525,347.058,-3.783,-1.895,0.428,0.941,0.000,-2.179,-1.602,-2.247,-1.451,-1.459,0.423,-2.761,1.361,-0.104,-0.311,-0.901,0.000,60.609,29.944,-1.543,128.428,6.189
100800.165,302.325,1.162,24.944,361.367,347.218,-2.594,-3.455,0.321,1.254,-0.324,-1.868,-1.708,-1.391,-1.563,-1.042,1.057,-3.610,1.361,0.209,-0.104,-1.126,0.000,60.609,29.944,-1.543,128.396,6.179
100788.070,302.328,1.161,24.952,361.525,347.218,-2.810,-1.672,-0.214,0.209,-0.108,-2.491,-1.815,-2.140,-0.670,-1.771,0.634,-2.761,0.524,-0.104,-0.518,-0.788,0.000,60.609,29.944,-1.543,128.412,6.179
100804.196,302.325,1.162,24.947,361.446,347.218,-2.918,-1.560,0.535,0.836,0.108,-2.179,-2.242,-1.605,-1.228,-1.667,0.740,-2.973,1.780,-1.045,-0.311,-1.463,0.000,60.609,29.944,-1.543,128.396,6.189
100808.228,302.328,1.162,24.952,361.604,347.378,-3.351,-2.229,0.214,0.836,-0.216,-2.594,-1.495,-2.568,-1.228,-1.250,1.057,-2.336,1.152,0.209,-1.036,-1.238,0.000,60.609,29.944,-1.543,128.379,6.189
100796.133,302.334,1.161,24.951,361.525,347.538,-2.486,-2.563,-0.428,1.045,-0.000,-2.387,-1.495,-1.926,-1.675,-1.355,0.740,-2.867,0.942,-0.313,-0.104,-1.126,0.000,60.609,29.944,-1.543,128.396,6.179
100804.196,302.333,1.162,24.950,361.525,347.698,-3.675,-1.895,-0.428,0.836,-0.216,-2.387,-1.815,-1.712,-1.005,-2.188,1.057,-2.442,1.047,-0.627,-0.311,-0.675,0.000,60.609,29.944,-1.543,128.396,6.189
100800.165,302.326,1.162,24.942,361.288,347.698,-3.675,-2.341,-0.107,0.523,-0.000,-1.972,-1.708,-1.712,-1.116,-0.834,0.317,-2.761,1.257,-0.313,0.104,-1.463,0.000,60.609,29.944,-1.543,128.379,6.169
100800.165,302.328,1.162,24.950,361.525,347.538,-3.242,-2.563,-0.107,1.150,-0.540,-2.387,-2.136,-2.461,-0.893,-1.459,1.373,-3.398,1.047,-0.209,-0.207,-1.126,0.000,60.609,29.944,-1.543,128.396,6.189
100796.133,302.329,1.161,24.940,361.209,347.378,-3.026,-2.006,-0.428,0.941,-0.000,-3.321,-1.815,-2.354,-1.005,-1.876,0.634,-2.548,1.152,-0.418,-0.518,-1.576,0.000,60.609,29.944,-1.543,128.379,6.169
100804.196,302.326,1.162,24.939,361.209,347.378,-3.134,-1.895,0.107,0.627,-0.648,-2.075,-2.776,-2.568,-1.005,-1.563,0.528,-2.867,1.675,-0.940,-0.415,-1.126,0.000,60.609,29.944,-1.543,128.379,6.179
100792.102,302.325,1.161,24.937,361.130,347.218,-3.567,-2.006,-0.107,0.209,0.216,-2.179,-1.281,-2.996,-0.781,-1.459,0.739,-2.655,1.466,-0.418,-0.104,-1.238,0.000,60.609,29.944,-1.543,128.363,6.179
100792.102,302.328,1.161,24.948,361.446,347.218,-2.918,-3.009,-0.321,0.627,-0.540,-2.698,-1.922,-2.033,-1.451,-1.250,1.056,-3.186,1.152,-0.313,-0.518,-1.688,0.000,60.609,29.944,-1.543,128.363,6.179
100784.039,302.328,1.161,24.947,361.367,347.378,-3.351,-1.672,-0.855,0.941,-0.216,-2.491,-1.708,-2.461,-0.781,-1.876,0.845,-2.761,0.838,-0.104,-0.518,-0.788,0.000,60.609,29.944,-1.543,128.379,6.179
100788.070,302.326,1.161,24.941,361.209,347.378,-3.026,-2.563,-0.107,0.418,-0.432,-2.179,-2.136,-2.140,-0.670,-0.938,0.845,-3.079,1.047,-0.940,-0.207,-1.126,0.000,60.609,29.944,-1.543,128.379,6.169
100804.196,302.325,1.162,24.939,361.209,347.218,-3.459,-2.675,0.107,1.150,-1.187,-2.283,-1.922,-2.354,-1.116,-1.250,1.056,-2.973,1.466,0.000,-0.933,-1.801,0.000,60.609,29.944,-1.543,128.347,6.189
100796.133,302.326,1.161,24.942,361.288,347.378,-2.270,-2.341,-0.321,0.627,-0.000,-2.906,-1.815,-1.926,-1.786,-1.042,1.056,-2.230,1.152,-0.209,0.519,-2.139,0.000,60.609,29.944,-1.543,128.363,6.189
100800.165,302.328,1.162,24.942,361.288,347.058,-2.918,-2.006,-0.534,0.732,-0.000,-1.972,-1.922,-2.568,-0.670,-1.876,0.845,-2.230,1.361,-0.313,-0.829,-1.576,0.000,60.609,29.944,-1.543,128.379,6.200
100808.228,302.325,1.162,24.941,361.288,347.218,-3.783,-2.006,0.107,0.314,-0.216,-2.906,-1.281,-2.247,-1.005,-0.834,-0.000,-2.655,1.152,-0.627,-0.726,-1.351,0.000,60.609,29.944,-1.543,128.363,6.189
100804.196,302.326,1.162,24.952,361.604,346.898,-2.594,-2.786,-0.214,0.941,-0.216,-2.075,-1.922,-2.247,-0.781,-1.250,1.268,-3.079,1.047,-0.209,-0.415,-1.238,0.000,60.609,29.944,-1.543,128.330,6.189
100792.102,302.310,1.161,24.964,361.921,354.902,-3.242,-1.895,-0.428,0.941,0.541,-3.113,-2.029,-1.819,-0.781,-1.771,0.106,-3.079,0.942,-0.836,-0.311,-1.351,0.000,60.609,29.944,-1.543,127.955,6.784
100804.196,302.313,1.162,24.965,362.000,354.742,-2.810,-2.006,0.535,0.105,-0.540,-2.491,-1.708,-2.033,-1.339,-1.146,0.317,-2.867,1.152,-1.358,-0.311,-1.576,0.000,60.609,29.944,-1.543,127.939,6.794
100800.165,302.315,1.162,24.963,361.921,355.062,-2.810,-1.783,-0.428,0.732,-1.187,-2.387,-1.708,-2.568,-1.228,-1.355,0.423,-2.867,1.780,-0.000,-0.829,-1.238,0.000,60.609,29.944,-1.543,127.972,6.794
100804.196,302.317,1.162,24.971,362.158,354.902,-3.026,-2.118,0.214,0.836,-0.000,-2.594,-2.242,-1.819,-1.563,-1.355,0.528,-2.973,1.152,-0.313,0.208,-1.688,0.000,60.609,29.944,-1.543,127.955,6.774
100800.165,302.315,1.162,24.966,362.000,354.582,-3.026,-1.672,-0.000,0.523,-0.432,-2.179,-1.922,-2.354,-1.005,-2.501,0.739,-2.761,1.047,-0.000,-0.207,-0.901,0.000,60.609,29.944,-1.543,127.972,6.784
100804.196,302.317,1.162,24.963,361.921,354.902,-3.351,-2.341,-0.107,0.627,-0.216,-2.283,-1.922,-2.247,-1.228,-1.876,-0.000,-2.761,1.571,-0.104,-0.415,-0.788,0.000,60.609,29.944,-1.543,127.972,6.763
100796.133,302.318,1.162,24.964,361.921,354.262,-3.026,-2.786,0.214,0.836,-0.756,-2.283,-1.602,-1.926,-0.781,-1.771,1.056,-3.079,1.675,-0.627,-0.415,-1.351,0.000,60.609,29.944,-1.543,127.988,6.794
100808.228,302.315,1.162,24.957,361.763,354.102,-3.134,-1.895,-0.214,1.150,-0.000,-3.113,-1.922,-1.819,-0.446,-1.250,0.845,-2.230,0.524,-0.209,-0.311,-1.688,0.000,60.609,29.944,-1.543,127.988,6.794
100800.165,302.315,1.162,24.955,361.684,354.262,-2.918,-1.783,0.428,0.523,-0.432,-2.387,-2.456,-1.605,-0.781,-1.146,0.739,-3.186,2.094,-0.627,-0.311,-1.463,0.000,60.609,29.944,-1.543,127.972,6.804
100796.133,302.310,1.162,24.944,361.367,354.262,-3.134,-2.229,-0.321,1.150,0.216,-2.491,-1.281,-2.782,-1.005,-1.146,1.056,-2.761,1.047,-0.209,-0.415,-1.238,0.000,60.609,29.944,-1.543,127.972,6.794
100800.165,302.312,1.162,24.952,361.604,354.262,-2.594,-3.009,0.321,1.150,-0.000,-1.868,-1.495,-2.033,-1.786,-1.250,0.845,-2.548,1.571,-0.313,0.000,-2.139,0.000,60.609,29.944,-1.543,127.972,6.794
100800.165,302.310,1.162,24.955,361.684,354.102,-3.459,-2.006,-0.534,1.045,-0.216,-2.491,-1.602,-2.354,-0.781,-1.980,1.056,-2.655,1.047,-0.522,-0.311,-1.238,0.000,60.609,29.944,-1.543,127.972,6.774
100804.196,302.315,1.162,24.954,361.684,354.102,-3.026,-2.006,-0.000,0.418,-0.000,-2.283,-1.815,-2.140,-0.670,-0.834,0.528,-2.973,1.466,-0.836,-0.311,-1.238,0.000,60.609,29.944,-1.543,127.972,6.784
100808.228,302.315,1.162,24.949,361.525,353.942,-2.162,-2.452,-0.000,1.254,-0.756,-1.972,-1.495,-2.033,-1.005,-1.459,0.739,-3.716,1.257,0.000,-0.622,-1.126,0.000,60.609,29.944,-1.543,127.972,6.784
100804.196,302.313,1.162,24.946,361.446,354.102,-3.134,-2.229,-0.428,0.732,-0.432,-2.802,-1.602,-2.140,-1.116,-1.146,0.739,-2.230,1.257,0.000,-0.104,-2.364,0.000,60.609,29.944,-1.543,127.988,6.784
100804.196,302.320,1.162,24.947,361.446,354.102,-2.918,-1.672,0.428,0.732,-0.648,-1.972,-2.349,-1.819,-0.781,-1.563,0.634,-2.336,1.257,-0.836,-0.518,-0.901,0.000,60.609,29.944,-1.543,127.972,6.794
100808.228,302.315,1.162,24.949,361.525,353.942,-3.675,-2.006,0.214,0.732,0.324,-2.387,-1.281,-2.354,-0.893,-1.355,0.423,-2.442,0.942,-0.104,-0.207,-1.238,0.000,60.609,29.944,-1.543,127.972,6.804
100800.165,302.320,1.162,24.944,361.367,353.782,-2.378,-2.898,-0.000,0.523,-0.324,-1.972,-1.815,-1.391,-1.563,-1.250,0.951,-3.079,1.675,-0.418,-0.415,-1.576,0.000,60.609,29.944,-1.543,127.972,6.784
100804.196,302.313,1.162,24.938,361.209,353.622,-3.242,-2.006,-0.641,0.627,-0.216,-2.387,-2.029,-2.140,-1.005,-1.667,0.845,-2.655,0.942,-0.731,0.000,-1.463,0.000,60.609,29.944,-1.543,128.004,6.794
100808.228,302.315,1.162,24.940,361.288,353.622,-2.918,-2.229,0.856,0.209,-0.216,-2.594,-2.242,-2.247,-0.893,-1.250,0.423,-2.867,1.257,-1.045,-0.207,-1.351,0.000,60.609,29.944,-1.543,128.021,6.794
100808.228,302.307,1.162,25.005,363.185,359.865,-2.702,-2.006,-0.321,0.941,0.216,-2.698,-1.602,-2.354,-1.228,-1.667,0.845,-2.761,0.942,-0.522,-0.104,-1.126,0.000,60.609,29.944,-1.543,129.929,7.378
100800.165,302.305,1.162,25.001,363.027,359.705,-3.351,-1.895,0.428,0.418,-0.432,-2.491,-1.922,-1.712,-1.005,-1.146,0.951,-3.079,1.466,-1.149,-0.207,-1.238,0.000,60.609,29.944,-1.543,129.929,7.399
100804.196,302.310,1.162,25.001,363.027,360.185,-2.378,-2.452,0.214,0.732,-1.079,-2.698,-1.495,-2.140,-1.116,-1.771,1.162,-2.867,1.152,0.209,-0.933,-1.688,0.000,60.609,29.944,-1.543,129.929,7.378
100804.196,302.310,1.162,25.003,363.106,359.865,-2.378,-2.675,-0.107,0.627,0.108,-2.387,-2.029,-2.033,-1.786,-1.355,0.845,-2.973,1.466,-0.522,-0.104,-2.589,0.000,60.609,29.944,-1.543,129.929,7.399
100804.196,302.310,1.162,25.006,363.185,359.865,-3.134,-1.895,-0.321,1.045,-0.540,-2.179,-1.708,-2.247,-0.781,-2.084,1.056,-2.442,1.466,-0.313,0.104,-1.238,0.000,60.609,29.944,-1.543,129.912,7.378
100804.196,302.310,1.162,25.003,363.106,359.705,-3.026,-2.118,-0.214,0.523,-0.000,-2.387,-1.708,-2.247,-0.781,-1.355,-0.316,-2.761,1.571,-0.627,-0.415,-1.126,0.000,60.609,29.944,-1.543,129.896,7.378
100816.290,302.310,1.162,25.002,363.106,359.705,-2.594,-2.898,0.107,1.045,-1.187,-2.387,-1.815,-2.247,-1.451,-1.146,1.056,-2.761,1.571,-0.000,-0.311,-1.688,0.000,60.609,29.944,-1.543,129.880,7.409
100808.228,302.315,1.162,25.003,363.106,359.385,-2.486,-1.783,-0.214,1.045,-0.000,-2.906,-1.922,-1.926,-0.893,-0.938,1.056,-2.548,0.942,-0.313,-0.207,-2.026,0.000,60.609,29.944,-1.543,129.880,7.388
100800.165,302.309,1.162,24.993,362.790,359.545,-2.810,-1.783,-0.321,0.941,0.324,-2.594,-2.029,-2.782,-1.005,-1.355,0.739,-2.442,1.675,-1.045,-0.829,-1.351,0.000,60.609,29.944,-1.543,129.847,7.388
100796.133,302.309,1.162,24.991,362.711,359.385,-3.351,-2.118,0.428,1.045,-0.324,-2.283,-1.388,-2.996,-1.451,-1.459,0.739,-2.442,1.361,-0.209,-0.622,-1.238,0.000,60.609,29.944,-1.543,129.831,7.388
100796.133,302.302,1.162,24.988,362.632,359.225,-2.918,-2.452,-0.107,0.836,0.108,-2.491,-1.708,-1.498,-1.563,-1.667,0.845,-3.292,1.675,-0.627,-0.311,-1.688,0.000,60.609,29.944,-1.543,129.798,7.388
100796.133,302.310,1.162,24.999,362.948,359.385,-2.918,-1.337,-0.534,0.836,-0.324,-2.491,-1.815,-2.033,-0.446,-1.980,0.634,-2.548,0.733,-0.522,-0.415,-1.576,0.000,60.609,29.944,-1.543,129.831,7.388
100796.133,302.307,1.162,24.985,362.553,359.545,-3.026,-2.118,0.321,0.105,-0.324,-2.491,-1.922,-2.247,-0.781,-1.250,0.951,-2.336,1.466,-1.254,0.104,-1.013,0.000,60.609,29.944,-1.543,129.815,7.378
100812.259,302.309,1.162,24.980,362.474,359.545,-2.486,-2.675,0.214,1.359,-0.432,-2.387,-2.349,-2.461,-0.781,-1.042,1.162,-3.186,1.152,-0.209,-1.140,-1.463,0.000,60.609,29.944,-1.543,129.815,7.399
100792.102,302.310,1.161,24.988,362.632,359.385,-3.351,-2.229,-0.107,1.045,-0.540,-2.906,-1.708,-2.140,-1.674,-1.250,0.951,-2.548,0.942,-0.104,-0.415,-2.364,0.000,60.609,29.944,-1.543,129.782,7.388
100796.133,302.307,1.162,24.988,362.632,359.705,-3.242,-2.563,-0.534,0.418,-0.432,-2.283,-1.922,-2.354,-0.781,-2.292,1.479,-2.655,1.361,-0.313,-0.622,-1.238,0.000,60.609,29.944,-1.543,129.798,7.409
100804.196,302.310,1.162,24.990,362.711,359.385,-3.783,-2.229,-0.000,0.418,0.324,-2.491,-1.922,-2.247,-1.005,-0.313,0.211,-2.761,1.361,-0.731,0.311,-1.688,0.000,60.609,29.944,-1.543,129.815,7.409
100800.165,302.309,1.162,24.985,362.553,359.705,-2.810,-2.898,-0.214,0.836,-0.972,-3.009,-2.242,-2.140,-1.116,-1.563,0.845,-3.292,1.257,0.105,0.000,-1.801,0.000,60.609,29.944,-1.543,129.798,7.399
100796.133,302.309,1.162,24.996,362.869,359.225,-3.242,-1.783,-0.321,1.254,-0.324,-2.906,-1.815,-1.819,-0.558,-0.834,1.162,-2.336,1.047,0.105,0.104,-2.026,0.000,60.609,29.944,-1.543,129.782,7.378
100792.102,302.305,1.162,24.975,362.237,359.545,-2.810,-1.783,0.428,0.941,-0.216,-2.387,-2.776,-2.247,-0.893,-1.146,1.162,-2.973,1.466,-1.149,-0.207,-1.463,0.000,60.609,29.944,-1.543,129.749,7.378
100792.102,302.292,1.162,25.086,365.477,367.069,-3.242,-1.783,0.321,0.627,0.108,-2.075,-2.456,-1.926,-1.005,-1.771,1.162,-2.973,1.466,-1.045,0.000,-1.351,0.000,60.609,29.944,-1.543,126.634,8.003
100788.070,302.294,1.162,25.089,365.556,366.589,-3.242,-2.118,0.214,0.941,-0.324,-2.179,-1.281,-2.996,-0.781,-1.355,0.423,-2.655,0.733,-0.836,-0.518,-1.688,0.000,60.609,29.944,-1.543,126.667,8.003
100788.070,302.291,1.162,25.094,365.714,366.749,-2.594,-3.009,-0.000,1.150,-0.756,-2.698,-1.922,-2.247,-1.674,-1.146,0.317,-3.823,1.152,-0.000,-0.104,-2.026,0.000,60.609,29.944,-1.543,126.634,8.024
100788.070,302.296,1.162,25.100,365.872,366.589,-3.351,-1.560,-0.534,1.568,-0.432,-2.075,-1.708,-1.819,-0.112,-1.667,0.528,-2.655,1.047,-0.209,-0.311,-1.463,0.000,60.609,29.944,-1.543,126.667,8.024
100788.070,302.296,1.162,25.102,365.951,367.230,-3.351,-2.006,0.428,0.523,0.541,-2.075,-2.029,-1.926,-0.893,-0.729,0.423,-3.610,1.256,-1.567,0.208,-1.351,0.000,60.609,29.944,-1.543,126.634,8.014
100796.133,302.299,1.162,25.104,366.030,367.390,-2.918,-2.786,-0.214,1.150,-0.648,-2.387,-1.602,-2.461,-1.116,-0.729,1.373,-2.973,0.733,-0.209,-0.518,-1.463,0.000,60.609,29.944,-1.543,126.634,8.014
100796.133,302.299,1.162,25.115,366.346,367.390,-3.242,-2.229,-0.428,0.941,-0.000,-3.113,-1.922,-2.140,-1.228,-0.938,0.845,-3.186,1.047,-0.627,0.104,-1.914,0.000,60.609,29.944,-1.543,126.634,8.014
100796.133,302.297,1.162,25.102,365.951,367.390,-3.459,-1.895,-0.107,0.523,-0.432,-2.283,-2.029,-2.033,-1.116,-1.876,0.845,-3.079,1.256,-0.313,-0.415,-1.013,0.000,60.609,29.944,-1.543,126.667,8.014
100784.039,302.299,1.161,25.106,366.030,366.909,-3.675,-2.229,-0.641,0.523,-0.648,-2.387,-1.175,-1.712,-1.228,-1.355,-0.105,-2.548,1.361,-0.418,-0.518,-1.013,0.000,60.609,29.944,-1.543,126.618,8.014
100788.070,302.299,1.161,25.113,366.267,367.069,-2.594,-2.341,-0.107,0.941,-0.648,-2.387,-1.388,-2.140,-1.005,-1.146,0.951,-3.398,1.571,-0.731,-0.415,-1.688,0.000,60.609,29.944,-1.543,126.651,7.993
100800.165,302.299,1.162,25.104,366.030,366.749,-3.026,-2.118,-0.214,0.836,-0.108,-3.009,-1.815,-2.033,-0.893,-1.459,1.056,-2.230,1.047,-0.418,-0.311,-1.238,0.000,60.609,29.944,-1.543,126.667,8.003
100788.070,302.294,1.162,25.102,365.951,366.749,-3.567,-1.560,0.214,0.627,-0.324,-2.387,-2.776,-1.819,-1.116,-1.250,0.528,-2.867,1.989,-0.940,-0.104,-2.139,0.000,60.609,29.944,-1.543,126.667,8.003
100796.133,302.294,1.162,25.104,366.030,366.749,-3.351,-2.341,-0.107,1.150,-0.108,-2.387,-1.815,-2.782,-1.339,-0.834,0.845,-2.761,1.361,0.209,-0.622,-1.351,0.000,60.609,29.944,-1.543,126.651,8.014
100792.102,302.294,1.162,25.113,366.267,366.429,-2.162,-2.786,0.214,1.045,0.216,-2.491,-1.815,-1.605,-1.563,-1.250,0.845,-3.079,1.466,-0.418,-0.104,-1.801,0.000,60.609,29.944,-1.543,126.651,7.983
100792.102,302.296,1.162,25.107,366.109,366.749,-3.351,-1.895,-0.748,0.418,-0.324,-2.594,-1.495,-2.140,-1.005,-1.667,1.056,-2.124,1.257,-0.209,-0.104,-1.351,0.000,60.609,29.944,-1.543,126.667,8.024
100808.228,302.296,1.162,25.100,365.951,367.069,-2.810,-2.452,0.428,0.314,0.216,-1.972,-1.708,-2.247,-1.339,-1.563,0.528,-2.761,1.466,-0.731,0.000,-1.238,0.000,60.609,29.944,-1.543,126.618,8.024
100796.133,302.300,1.162,25.104,366.030,366.909,-3.134,-2.341,-0.107,1.045,-0.648,-1.868,-1.922,-2.354,-1.116,-1.146,1.056,-2.548,1.257,0.314,-0.726,-1.463,0.000,60.609,29.944,-1.543,126.634,8.014
100796.133,302.299,1.162,25.110,366.188,366.909,-2.918,-2.341,-0.214,1.359,-0.324,-3.009,-1.922,-2.354,-1.339,-1.563,1.162,-2.442,1.047,-0.522,-0.104,-2.364,0.000,60.609,29.944,-1.543,126.667,8.014
100808.228,302.292,1.162,25.105,366.109,366.749,-2.918,-1.783,-0.534,0.941,-0.108,-1.972,-2.349,-1.819,-0.670,-1.876,0.951,-2.336,1.466,-0.313,-0.311,-0.901,0.000,60.609,29.944,-1.543,126.618,8.014
100804.196,302.296,1.162,25.106,366.109,367.069,-4.215,-1.895,-0.107,0.418,-0.216,-2.387,-1.708,-2.675,-1.005,-1.042,0.211,-2.442,1.152,-0.418,-0.518,-1.688,0.000,60.609,29.944,-1.543,126.634,8.024
100796.133,302.294,1.162,25.139,367.058,369.151,-3.134,-2.229,-0.214,1.045,-0.756,-2.179,-1.495,-2.140,-1.116,-1.667,1.162,-3.186,1.466,-0.104,-0.311,-1.238,0.000,60.609,29.944,-1.543,127.613,8.588
100792.102,302.291,1.162,25.142,367.137,369.311,-2.918,-2.118,-0.214,0.836,0.108,-3.009,-2.029,-1.819,-1.228,-1.771,0.528,-2.548,0.838,-0.313,-0.207,-2.476,0.000,60.609,29.944,-1.543,127.645,8.588
100796.133,302.294,1.162,25.142,367.137,369.631,-2.918,-2.229,-0.000,0.732,0.108,-1.660,-2.136,-2.461,-1.116,-1.042,1.162,-2.548,1.990,-0.522,-0.311,-1.351,0.000,60.609,29.944,-1.543,127.613,8.588
100792.102,302.292,1.162,25.137,366.979,369.471,-3.566,-2.898,0.321,1.045,-0.324,-2.075,-1.602,-2.889,-1.340,-1.146,0.739,-2.867,1.571,0.000,-0.415,-1.801,0.000,60.609,29.944,-1.543,127.613,8.588
100792.102,302.297,1.162,25.140,367.058,369.311,-2.810,-2.786,-0.107,0.627,-0.432,-2.491,-1.815,-1.712,-1.340,-1.250,0.951,-2.973,1.152,-0.313,0.208,-1.351,0.000,60.609,29.944,-1.543,127.629,8.577
100796.133,302.296,1.162,25.139,367.058,368.991,-2.918,-1.560,-0.641,0.941,-0.216,-2.594,-2.029,-2.033,-0.670,-2.084,0.845,-2.655,0.838,-0.104,0.208,-1.351,0.000,60.609,29.944,-1.543,127.597,8.598
100788.070,302.296,1.162,25.135,366.899,369.151,-3.458,-2.118,-0.214,0.418,-0.108,-1.972,-2.136,-1.712,-0.893,-1.042,0.739,-2.442,1.257,-0.731,-0.207,-1.351,0.000,60.609,29.944,-1.543,127.629,8.598
100788.070,302.289,1.162,25.140,367.058,368.830,-3.026,-2.452,-0.428,0.732,-1.187,-2.179,-2.136,-2.033,-1.116,-1.459,0.951,-2.761,1.047,-0.104,-0.933,-1.238,0.000,60.609,29.944,-1.543,127.629,8.588
100792.102,302.292,1.162,25.134,366.899,369.311,-3.026,-2.675,-0.534,0.627,0.108,-3.113,-2.029,-2.140,-1.786,-1.146,0.845,-2.548,1.047,-0.209,0.208,-1.576,0.000,60.609,29.944,-1.543,127.629,8.577
100792.102,302.291,1.162,25.134,366.899,369.151,-2.702,-1.449,-0.428,1.254,-0.432,-1.972,-1.922,-2.247,-0.781,-1.771,0.951,-2.548,1.571,-0.627,-0.415,-1.351,0.000,60.609,29.944,-1.543,127.629,8.598
100800.165,302.294,1.162,25.142,367.137,369.311,-4.107,-2.118,-0.107,0.941,0.108,-2.387,-1.388,-2.354,-1.005,-0.834,0.634,-2.548,1.257,-0.209,-0.415,-1.351,0.000,60.609,29.944,-1.543,127.629,8.588
100796.133,302.294,1.162,25.137,366.979,369.151,-2.377,-3.009,-0.214,1.359,-0.324,-2.075,-1.708,-2.033,-1.339,-1.042,1.056,-3.716,1.047,-1.045,0.000,-0.901,0.000,60.609,29.944,-1.543,127.645,8.598
100800.165,302.299,1.162,25.144,367.216,369.311,-3.242,-2.118,-0.321,0.836,-0.108,-2.906,-2.029,-2.140,-0.781,-1.876,0.634,-2.761,0.942,-0.209,-0.207,-2.139,0.000,60.609,29.944,-1.543,127.629,8.608
100800.165,302.294,1.162,25.144,367.216,369.151,-3.350,-2.118,-0.428,0.523,-0.432,-1.972,-2.669,-2.140,-1.005,-1.042,1.268,-2.761,1.989,-1.045,-0.311,-1.463,0.000,60.609,29.944,-1.543,127.597,8.577
100800.165,302.296,1.162,25.144,367.216,369.311,-2.810,-1.783,0.107,1.150,-0.432,-2.075,-1.602,-2.889,-1.228,-0.938,1.479,-2.867,1.571,-0.104,-0.622,-1.238,0.000,60.609,29.944,-1.543,127.597,8.588
100804.196,302.289,1.162,25.141,367.137,369.311,-2.594,-2.675,-0.428,1.045,-0.216,-2.387,-1.708,-1.391,-1.898,-1.042,0.951,-2.867,1.571,-0.313,0.104,-1.914,0.000,60.609,29.944,-1.543,127.613,8.567
100800.165,302.294,1.162,25.142,367.137,368.830,-3.242,-1.560,-0.641,1.045,-0.540,-2.387,-1.708,-1.819,-1.005,-1.876,0.951,-2.442,1.256,-0.522,-0.104,-0.788,0.000,60.609,29.944,-1.543,127.597,8.588
100800.165,302.291,1.162,25.136,366.979,368.991,-3.459,-2.675,0.107,0.418,-0.540,-2.179,-2.029,-2.140,-1.228,-0.834,0.106,-2.761,1.047,-0.627,-0.415,-1.463,0.000,60.609,29.944,-1.543,127.597,8.608
100812.259,302.289,1.162,25.132,366.899,368.991,-2.594,-2.898,-0.107,0.627,-0.972,-2.075,-1.388,-2.033,-1.005,-1.250,1.056,-3.292,1.571,0.314,-0.518,-1.238,0.000,60.609,29.944,-1.543,127.613,8.588
100796.133,302.294,1.162,25.137,366.979,369.151,-2.918,-2.006,-0.214,1.150,-0.108,-3.424,-1.815,-2.033,-1.339,-1.355,0.528,-2.336,0.733,-0.104,-0.207,-1.801,0.000,60.609,29.944,-1.543,127.597,8.598
