%Time(s)	Speed(rpm)		
	%3/18/20153:31 PM
0.010	105.100
0.020	105.000
0.030	104.700
0.040	104.400
0.050	103.900
0.060	103.800
0.070	103.900
0.080	103.600
0.090	103.600
0.100	103.300
0.110	103.200
0.120	102.900
0.130	103.100
0.140	102.500
0.150	102.200
0.160	102.100
0.170	101.700
0.180	101.500
0.190	101.300
0.200	100.900
0.210	101.000
0.220	101.300
0.230	101.200
0.240	101.500
0.250	102.300
0.260	102.900
0.270	103.400
0.280	104.200
0.290	104.700
0.300	105.000
0.310	105.000
0.320	105.100
0.330	105.200
0.340	105.000
0.350	105.100
0.360	105.100
0.370	105.100
0.380	105.000
0.390	104.900
0.400	104.500
0.410	104.400
0.420	104.100
0.430	104.000
0.440	103.800
0.450	103.600
0.460	103.400
0.470	103.100
0.480	102.700
0.490	102.000
0.500	101.600
0.510	101.000
0.520	100.900
0.530	100.600
0.540	100.300
0.550	100.300
0.560	100.000
0.570	99.800
0.580	99.600
0.590	99.700
0.600	99.100
0.610	98.900
0.620	98.900
0.630	99.200
0.640	99.800
0.650	100.000
0.660	102.200
0.670	102.600
0.680	103.100
0.690	103.300
0.700	103.800
0.710	103.900
0.720	103.900
0.730	103.800
0.740	103.700
0.750	103.800
0.760	104.100
0.770	104.000
0.780	103.800
0.790	105.000
0.800	104.300
0.810	104.400
0.820	104.700
0.830	104.800
0.840	104.800
0.850	104.700
0.860	104.700
0.870	104.700
0.880	104.500
0.890	104.300
0.900	104.000
0.910	104.800
0.920	103.800
0.930	103.700
0.940	103.500
0.950	103.300
0.960	103.000
0.970	102.800
0.980	102.700
0.990	102.600
1.000	102.400
1.010	102.400
1.020	102.400
1.030	102.200
1.040	102.200
1.050	102.600
1.060	103.000
1.070	103.500
1.080	104.300
1.090	104.600
1.100	104.800
1.110	104.600
1.120	104.700
1.130	104.700
1.140	104.600
1.150	104.600
1.160	104.600
1.170	104.100
1.180	104.000
1.190	103.700
1.200	103.600
1.210	103.500
1.220	103.400
1.230	103.200
1.240	103.200
1.250	103.000
1.260	102.800
1.270	102.800
1.280	102.900
1.290	102.800
1.300	102.800
1.310	102.700
1.320	103.100
1.330	103.300
1.340	103.600
1.350	104.000
1.360	104.400
1.370	104.800
1.380	105.100
1.390	105.200
1.400	105.300
1.410	105.000
1.420	104.800
1.430	105.200
1.440	104.600
1.450	104.600
1.460	104.400
1.470	104.200
1.480	104.200
1.490	104.100
1.500	103.800
1.510	103.300
1.520	103.000
1.530	102.900
1.540	102.700
1.550	102.500
1.560	102.000
1.570	101.700
1.580	102.100
1.590	101.800
1.600	101.700
1.610	101.700
1.620	101.800
1.630	101.200
1.640	101.100
1.650	101.200
1.660	100.900
1.670	101.300
1.680	101.400
1.690	102.000
1.700	102.900
1.710	103.700
1.720	104.700
1.730	105.100
1.740	105.300
1.750	105.300
1.760	105.100
1.770	105.100
1.780	105.100
1.790	105.000
1.800	104.400
1.810	104.200
1.820	104.000
1.830	103.900
1.840	103.800
1.850	103.600
1.860	103.200
1.870	102.900
1.880	103.000
1.890	102.700
1.900	102.300
1.910	101.900
1.920	101.900
1.930	101.500
1.940	101.200
1.950	101.300
1.960	100.900
1.970	100.400
1.980	100.100
1.990	99.800
2.000	99.600
2.010	99.400
2.020	99.100
2.030	99.600
2.040	100.600
2.050	101.600
2.060	102.800
2.070	103.600
2.080	103.900
2.090	104.200
2.100	103.800
2.110	103.700
2.120	103.800
2.130	103.800
2.140	103.900
2.150	103.800
2.160	103.900
2.170	104.000
2.180	104.200
2.190	104.800
2.200	104.500
2.210	104.900
2.220	104.800
2.230	104.800
2.240	105.100
2.250	104.600
2.260	104.600
2.270	104.100
2.280	104.000
2.290	103.700
2.300	103.600
2.310	103.200
2.320	102.900
2.330	103.100
2.340	102.800
2.350	102.700
2.360	102.700
2.370	102.500
2.380	102.300
2.390	102.000
2.400	101.400
2.410	101.800
2.420	101.200
2.430	101.200
2.440	101.300
2.450	101.700
2.460	101.900
2.470	103.000
2.480	103.600
2.490	104.500
2.500	104.300
2.510	104.900
2.520	104.400
2.530	104.300
2.540	104.200
2.550	104.100
2.560	104.100
2.570	104.100
2.580	104.200
2.590	104.100
2.600	104.200
2.610	104.100
2.620	104.200
2.630	104.300
2.640	104.200
2.650	104.100
2.660	104.100
2.670	104.400
2.680	104.500
2.690	104.300
2.700	104.300
2.710	104.400
2.720	104.600
2.730	104.800
2.740	105.000
2.750	105.100
2.760	104.600
2.770	104.800
2.780	104.700
2.790	104.500
2.800	104.300
2.810	104.500
2.820	104.000
2.830	103.700
2.840	103.900
2.850	103.400
2.860	102.900
2.870	102.700
2.880	102.600
2.890	102.300
2.900	102.000
2.910	101.500
2.920	101.600
2.930	101.600
2.940	101.500
2.950	101.500
2.960	101.300
2.970	101.400
2.980	101.800
2.990	102.200
3.000	102.800
3.010	103.600
3.020	103.400
3.030	103.500
3.040	103.200
3.050	102.700
3.060	101.300
3.070	99.700
3.080	98.000
3.090	95.600
3.100	93.200
3.110	90.300
3.120	87.300
3.130	83.900
3.140	80.300
3.150	76.000
3.160	72.700
3.170	67.800
3.180	63.800
3.190	59.500
3.200	55.100
3.210	51.200
3.220	47.000
3.230	43.400
3.240	39.600
3.250	35.100
3.260	31.300
3.270	28.600
3.280	24.300
3.290	22.700
3.300	18.900
3.310	16.800
3.320	14.400
3.330	14.400
3.340	11.700
3.350	11.700
3.360	11.700
3.370	11.700
3.380	8.800
3.390	8.800
3.400	8.800
3.410	8.800
3.420	8.800
3.430	6.200
3.440	6.200
3.450	6.200
3.460	6.200
3.470	6.200
3.480	6.200
3.490	6.200
3.500	4.100
3.510	4.100
3.520	4.100
3.530	4.100
3.540	4.100
3.550	4.100
3.560	4.100
3.570	4.100
3.580	2.500
3.590	2.500
3.600	2.500
3.610	2.500
3.620	2.500
3.630	2.500
3.640	2.500
3.650	2.500
3.660	2.500
3.670	2.500
3.680	2.500
3.690	2.500
3.700	2.500
3.710	2.500
3.720	2.500
3.730	2.500
3.740	1.500
3.750	1.500
3.760	1.500
3.770	1.500
3.780	1.500
3.790	1.500
3.800	1.500
3.810	1.500
3.820	1.500
3.830	1.500
3.840	1.500
3.850	1.500
3.860	1.500
3.870	1.500
3.880	1.500
3.890	1.500
3.900	0.000
3.910	0.000
3.920	0.000
3.930	0.000
3.940	0.000
3.950	0.000
3.960	0.000
3.970	0.000
3.980	0.000
3.990	0.000
4.000	0.000
4.010	0.000
4.020	0.000
4.030	0.000
4.040	0.000
4.050	0.000
4.060	0.000
4.070	0.000
4.080	0.000
4.090	0.000
4.100	0.000
4.110	0.000
4.120	0.000
4.130	0.000
4.140	0.000
4.150	0.000
4.160	0.000
4.170	0.000
4.180	0.000
4.190	0.000
4.200	0.000
4.210	0.000
4.220	0.000
4.230	0.000
4.240	0.000
4.250	0.000
4.260	0.000
4.270	0.000
4.280	0.000
4.290	0.000
4.300	0.000
4.310	0.000
4.320	0.000
4.330	0.000
4.340	0.000
4.350	0.000
4.360	0.000
4.370	0.000
4.380	0.000
4.390	0.000
4.400	0.000
4.410	0.000
4.420	0.000
4.430	0.000
4.440	0.000
4.450	0.000
4.460	0.000
4.470	0.000
4.480	0.000
4.490	0.000
4.500	0.000
4.510	0.000
4.520	0.000
4.530	0.000
4.540	0.000
4.550	0.000
4.560	0.000
4.570	0.000
4.580	0.000
4.590	0.000
4.600	0.000
4.610	0.000
4.620	0.000
4.630	0.000
4.640	0.000
4.650	0.000
4.660	0.000
4.670	0.000
4.680	0.000
4.690	0.000
4.700	0.000
4.710	0.000
4.720	0.000
4.730	0.000
4.740	0.000
4.750	0.000
4.760	0.000
4.770	0.000
4.780	0.000
4.790	0.000
4.800	0.000
4.810	0.000
4.820	0.000
4.830	0.000
4.840	0.000
4.850	0.000
4.860	0.000
4.870	0.000
4.880	0.000
4.890	0.000
4.900	0.000
4.910	0.000
4.920	0.000
4.930	0.000
4.940	0.000
4.950	0.000
4.960	0.000
4.970	0.000
4.980	0.000
4.990	0.000
5.000	0.000
5.010	0.000
5.020	0.000
5.030	0.000
5.040	0.000
5.050	0.000
5.060	0.000
5.070	0.000
5.080	0.000
5.090	0.000
5.100	0.000
5.110	0.000
5.120	0.000
5.130	0.000
5.140	0.000
5.150	0.000
5.160	0.000
5.170	0.000
5.180	0.000
5.190	0.000
5.200	0.000
5.210	0.000
5.220	0.000
5.230	0.000
5.240	0.000
5.250	0.000
5.260	0.000
5.270	0.000
5.280	0.000
5.290	0.000
5.300	0.000
5.310	0.000
5.320	0.000
5.330	0.000
5.340	0.000
5.350	0.000
5.360	0.000
5.370	0.000
5.380	0.000
5.390	0.000
5.400	0.000
5.410	0.000
5.420	0.000
5.430	0.000
5.440	0.000
5.450	0.000
5.460	0.000
5.470	0.000
5.480	0.000
5.490	0.000
5.500	0.000
5.510	0.000
5.520	0.000
5.530	0.000
5.540	0.000
5.550	0.000
5.560	0.000
5.570	0.000
5.580	0.000
5.590	0.000
5.600	0.000
5.610	0.000
5.620	0.000
5.630	0.000
5.640	0.000
5.650	0.000
5.660	0.000
5.670	0.000
5.680	0.000
5.690	0.000
5.700	0.000
5.710	0.000
5.720	0.000
5.730	0.000
5.740	0.000
5.750	0.000
5.760	0.000
5.770	0.000
5.780	0.000
5.790	0.000
5.800	0.000
5.810	0.000
5.820	0.000
5.830	0.000
5.840	0.000
5.850	0.000
5.860	0.000
5.870	0.000
5.880	0.000
5.890	0.000
5.900	0.000
5.910	0.000
5.920	0.000
5.930	0.000
5.940	0.000
5.950	0.000
5.960	0.000
5.970	0.000
5.980	0.000
5.990	0.000
6.000	0.000
6.010	0.000
6.020	0.000
6.030	0.000
6.040	0.000
6.050	0.000
6.060	0.000
6.070	0.000
6.080	0.000
6.090	0.000
6.100	0.000
6.110	0.000
6.120	0.000
6.130	0.000
6.140	0.000
6.150	0.000
6.160	0.000
6.170	0.000
6.180	0.000
6.190	0.000
6.200	0.000
6.210	0.000
6.220	0.000
6.230	0.000
6.240	0.000
6.250	0.000
6.260	0.000
6.270	0.000
6.280	0.000
6.290	0.000
6.300	0.000
6.310	0.000
6.320	0.000
6.330	0.000
6.340	0.000
6.350	0.000
6.360	0.000
6.370	0.000
6.380	0.000
6.390	0.000
6.400	0.000
6.410	0.000
6.420	0.000
6.430	0.000
6.440	0.000
6.450	0.000
6.460	0.000
6.470	0.000
6.480	0.000
6.490	0.000
6.500	0.000
6.510	0.000
6.520	0.000
6.530	0.000
6.540	0.000
6.550	0.000
6.560	0.000
6.570	0.000
6.580	0.000
6.590	0.000
6.600	0.000
6.610	0.000
6.620	0.000
6.630	0.000
6.640	0.000
6.650	0.000
6.660	0.000
6.670	0.000
6.680	0.000
6.690	0.000
6.700	0.000
6.710	0.000
6.720	0.000
6.730	0.000
6.740	0.000
6.750	0.000
6.760	0.000
6.770	0.000
6.780	0.000
6.790	0.000
6.800	0.000
6.810	0.000
6.820	0.000
6.830	0.000
6.840	0.000
6.850	0.000
6.860	0.000
6.870	0.000
6.880	0.000
6.890	0.000
6.900	0.000
6.910	0.000
6.920	0.000
6.930	0.000
6.940	0.000
6.950	0.000
6.960	0.000
6.970	0.000
6.980	0.000
6.990	0.000
7.000	0.000
7.010	0.000
7.020	0.000
7.030	0.000
7.040	0.000
7.050	0.000
7.060	0.000
7.070	0.000
7.080	0.000
7.090	0.000
7.100	0.000
7.110	0.000
7.120	0.000
7.130	0.000
7.140	0.000
7.150	0.000
7.160	0.000
7.170	0.000
7.180	0.000
7.190	0.000
7.200	0.000
7.210	0.000
7.220	0.000
7.230	0.000
7.240	0.000
7.250	0.000
7.260	0.000
7.270	0.000
7.280	0.000
7.290	0.000
7.300	0.000
7.310	0.000
7.320	0.000
7.330	0.000
7.340	0.000
7.350	0.000
7.360	0.000
7.370	0.000
7.380	0.000
7.390	0.000
7.400	0.000
7.410	0.000
7.420	0.000
7.430	0.000
7.440	0.000
7.450	0.000
7.460	0.000
7.470	0.000
7.480	0.000
7.490	0.000
7.500	0.000
7.510	0.000
7.520	0.000
7.530	0.000
7.540	0.000
7.550	0.000
7.560	0.000
7.570	0.000
7.580	0.000
7.590	0.000
7.600	0.000
7.610	0.000
7.620	0.000
7.630	0.000
7.640	0.000
7.650	0.000
7.660	0.000
7.670	0.000
7.680	0.000
7.690	0.000
7.700	0.000
7.710	0.000
7.720	0.000
7.730	0.000
7.740	0.000
7.750	0.000
7.760	0.000
7.770	0.000
7.780	0.000
7.790	0.000
7.800	0.000
7.810	0.000
7.820	0.000
7.830	0.000
7.840	0.000
7.850	0.000
7.860	0.000
7.870	0.000
7.880	0.000
7.890	0.000
7.900	0.000
7.910	0.000
7.920	0.000
7.930	0.000
7.940	0.000
7.950	0.000
7.960	0.000
7.970	0.000
7.980	0.000
7.990	0.000
8.000	0.000
8.010	0.000
8.020	0.000
8.030	0.000
8.040	0.000
8.050	0.000
8.060	0.000
8.070	0.000
8.080	0.000
8.090	0.000
8.100	0.000
8.110	0.000
8.120	0.000
8.130	0.000
8.140	0.000
8.150	0.000
8.160	0.000
8.170	0.000
8.180	0.000
8.190	0.000
8.200	0.000
8.210	0.000
8.220	0.000
8.230	0.000
8.240	0.000
8.250	0.000
8.260	0.000
8.270	0.000
8.280	0.000
8.290	0.000
8.300	0.000
8.310	0.000
8.320	0.000
8.330	0.000
8.340	0.000
8.350	0.000
8.360	0.000
8.370	0.000
8.380	0.000
8.390	0.000
8.400	0.000
8.410	0.000
8.420	0.000
8.430	0.000
8.440	0.000
8.450	0.000
8.460	0.000
8.470	0.000
8.480	0.000
8.490	0.000
8.500	0.000
8.510	0.000
8.520	0.000
8.530	0.000
8.540	0.000
8.550	0.000
8.560	0.000
8.570	0.000
8.580	0.000
8.590	0.000
8.600	0.000
8.610	0.000
8.620	0.000
8.630	0.000
8.640	0.000
8.650	0.000
8.660	0.000
8.670	0.000
8.680	0.000
8.690	0.000
8.700	0.000
8.710	0.000
8.720	0.000
8.730	0.000
8.740	0.000
8.750	0.000
8.760	0.000
8.770	0.000
8.780	0.000
8.790	0.000
8.800	0.000
8.810	0.000
8.820	0.000
8.830	0.000
8.840	0.000
8.850	0.000
8.860	0.000
8.870	0.000
8.880	0.000
8.890	0.000
8.900	0.000
8.910	0.000
8.920	0.000
8.930	0.000
8.940	0.000
8.950	0.000
8.960	0.000
8.970	0.000
8.980	0.000
8.990	0.000
9.000	0.000
9.010	0.000
9.020	0.000
9.030	0.000
9.040	0.000
9.050	0.000
9.060	0.000
9.070	0.000
9.080	0.000
9.090	0.000
9.100	0.000
9.110	0.000
9.120	0.000
9.130	0.000
9.140	0.000
9.150	0.000
9.160	0.000
9.170	0.000
9.180	0.000
9.190	0.000
9.200	0.000
9.210	0.000
9.220	0.000
9.230	0.000
9.240	0.000
9.250	0.000
9.260	0.000
9.270	0.000
9.280	0.000
9.290	0.000
9.300	0.000
9.310	0.000
9.320	0.000
9.330	0.000
9.340	0.000
9.350	0.000
9.360	0.000
9.370	0.000
9.380	0.000
9.390	0.000
9.400	0.000
9.410	0.000
9.420	0.000
9.430	0.000
9.440	0.000
9.450	0.000
9.460	0.000
9.470	0.000
9.480	0.000
9.490	0.000
9.500	0.000
9.510	0.000
9.520	0.000
9.530	0.000
9.540	0.000
9.550	0.000
9.560	0.000
9.570	0.000
9.580	0.000
9.590	0.000
9.600	0.000
9.610	0.000
9.620	0.000
9.630	0.000
9.640	0.000
9.650	0.000
9.660	0.000
9.670	0.000
9.680	0.000
9.690	0.000
9.700	0.000
9.710	0.000
9.720	0.000
9.730	0.000
9.740	0.000
9.750	0.000
9.760	0.000
9.770	0.000
9.780	0.000
9.790	0.000
9.800	0.000
9.810	0.000
9.820	0.000
9.830	0.000
9.840	0.000
9.850	0.000
9.860	0.000
9.870	0.000
9.880	0.000
9.890	0.000
9.900	0.000
9.910	0.000
9.920	0.000
9.930	0.000
9.940	0.000
9.950	0.000
9.960	0.000
9.970	0.000
9.980	0.000
9.990	0.000
10.000	0.000
10.010	0.000
10.020	0.000
10.030	0.000
10.040	0.000
10.050	0.000
10.060	0.000
10.070	0.000
10.080	0.000
10.090	0.000
10.100	0.000
10.110	0.000
10.120	0.000
10.130	0.000
10.140	0.000
10.150	0.000
10.160	0.000
10.170	0.000
10.180	0.000
10.190	0.000
10.200	0.000
10.210	0.000
10.220	0.000
10.230	0.000
10.240	0.000
10.250	0.000
10.260	0.000
10.270	0.000
10.280	0.000
10.290	0.000
10.300	0.000
10.310	0.000
10.320	0.000
10.330	0.000
10.340	0.000
10.350	0.000
10.360	0.000
10.370	0.000
10.380	0.000
10.390	0.000
10.400	0.000
10.410	0.000
10.420	0.000
10.430	0.000
10.440	0.000
10.450	0.000
10.460	0.000
10.470	0.000
10.480	0.000
10.490	0.000
10.500	0.000
10.510	0.000
10.520	0.000
10.530	0.000
10.540	0.000
10.550	0.000
10.560	0.000
10.570	0.000
10.580	0.000
10.590	0.000
10.600	0.000
10.610	0.000
10.620	0.000
10.630	0.000
10.640	0.000
10.650	0.000
10.660	0.000
10.670	0.000
10.680	0.000
10.690	0.000
10.700	0.000
10.710	0.000
10.720	0.000
10.730	0.000
10.740	0.000
10.750	0.000
10.760	0.000
10.770	0.000
10.780	0.000
10.790	0.000
10.800	0.000
10.810	0.000
10.820	0.000
10.830	0.000
10.840	0.000
10.850	0.000
10.860	0.000
10.870	0.000
10.880	0.000
10.890	0.000
10.900	0.000
10.910	0.000
10.920	0.000
10.930	0.000
10.940	0.000
10.950	0.000
10.960	0.000
10.970	0.000
10.980	0.000
10.990	0.000
11.000	0.000
11.010	0.000
11.020	0.000
11.030	0.000
11.040	0.000
11.050	0.000
11.060	0.000
11.070	0.000
11.080	0.000
11.090	0.000
11.100	0.000
11.110	0.000
11.120	0.000
11.130	0.000
11.140	0.000
11.150	0.000
11.160	0.000
11.170	0.000
11.180	0.000
11.190	0.000
11.200	0.000
11.210	0.000
11.220	0.000
11.230	0.000
11.240	0.000
11.250	0.000
11.260	0.000
11.270	0.000
11.280	0.000
11.290	0.000
11.300	0.000
11.310	0.000
11.320	0.000
11.330	0.000
11.340	0.000
11.350	0.000
11.360	0.000
11.370	0.000
11.380	0.000
11.390	0.000
11.400	0.000
11.410	0.000
11.420	0.000
11.430	0.000
11.440	0.000
11.450	0.000
11.460	0.000
11.470	0.000
11.480	0.000
11.490	0.000
11.500	0.000
11.510	0.000
11.520	0.000
11.530	0.000
11.540	0.000
11.550	0.000
11.560	0.000
11.570	0.000
11.580	0.000
11.590	0.000
11.600	0.000
11.610	0.000
11.620	0.000
11.630	0.000
11.640	0.000
11.650	0.000
11.660	0.000
11.670	0.000
11.680	0.000
11.690	0.000
11.700	0.000
11.710	0.000
11.720	0.000
11.730	0.000
11.740	0.000
11.750	0.000
11.760	0.000
11.770	0.000
11.780	0.000
11.790	0.000
11.800	0.000
11.810	0.000
11.820	0.000
11.830	0.000
11.840	0.000
11.850	0.000
11.860	0.000
11.870	0.000
11.880	0.000
11.890	0.000
11.900	0.000
11.910	0.000
11.920	0.000
11.930	0.000
11.940	0.000
11.950	0.000
11.960	0.000
11.970	0.000
11.980	0.000
11.990	0.000
12.000	0.000
12.010	0.000
12.020	0.000
12.030	0.000
12.040	0.000
12.050	0.000
12.060	0.000
12.070	0.000
12.080	0.000
12.090	0.000
12.100	0.000
12.110	0.000
12.120	0.000
12.130	0.000
12.140	0.000
12.150	0.000
12.160	0.000
12.170	0.000
12.180	0.000
12.190	0.000
12.200	0.000
12.210	0.000
12.220	0.000
12.230	0.000
12.240	0.000
12.250	0.000
12.260	0.000
12.270	0.000
12.280	0.000
12.290	0.000
12.300	0.000
12.310	0.000
12.320	0.000
12.330	0.000
12.340	0.000
12.350	0.000
12.360	0.000
12.370	0.000
12.380	0.000
12.390	0.000
12.400	0.000
12.410	0.000
12.420	0.000
12.430	0.000
12.440	0.000
12.450	0.000
12.460	0.000
12.470	0.000
12.480	0.000
12.490	0.000
12.500	0.000
12.510	0.000
12.520	0.000
12.530	0.000
12.540	0.000
12.550	0.000
12.560	0.000
12.570	0.000
12.580	0.000
12.590	0.000
12.600	0.000
12.610	0.000
12.620	0.000
12.630	0.000
12.640	0.000
12.650	0.000
12.660	0.000
12.670	0.000
12.680	0.000
12.690	0.000
12.700	0.000
12.710	0.000
12.720	0.000
12.730	0.000
12.740	0.000
12.750	0.000
12.760	0.000
12.770	0.000
12.780	0.000
12.790	0.000
12.800	0.000
12.810	0.000
12.820	0.000
12.830	0.000
12.840	0.000
12.850	0.000
12.860	0.000
12.870	0.000
12.880	0.000
12.890	0.000
12.900	0.000
12.910	0.000
12.920	0.000
12.930	0.000
12.940	0.000
12.950	0.000
12.960	0.000
12.970	0.000
12.980	0.000
12.990	0.000
13.000	0.000
13.010	0.000
13.020	0.000
13.030	0.000
13.040	0.000
13.050	0.000
13.060	0.000
13.070	0.000
13.080	0.000
13.090	0.000
13.100	0.000
13.110	0.000
13.120	0.000
13.130	0.000
13.140	0.000
13.150	0.000
13.160	0.000
13.170	0.000
13.180	0.000
13.190	0.000
13.200	0.000
13.210	0.000
13.220	0.000
13.230	0.000
13.240	0.000
13.250	0.000
13.260	0.000
13.270	0.000
13.280	0.000
13.290	0.000
13.300	0.000
13.310	0.000
13.320	0.000
13.330	0.000
13.340	0.000
13.350	0.000
13.360	0.000
13.370	0.000
13.380	0.000
13.390	0.000
13.400	0.000
13.410	0.000
13.420	0.000
13.430	0.000
13.440	0.000
13.450	0.000
13.460	0.000
13.470	0.000
13.480	0.000
13.490	0.000
13.500	0.000
13.510	0.000
13.520	0.000
13.530	0.000
13.540	0.000
13.550	0.000
13.560	0.000
13.570	0.000
13.580	0.000
13.590	0.000
13.600	0.000
13.610	0.000
13.620	0.000
13.630	0.000
13.640	0.000
13.650	0.000
13.660	0.000
13.670	0.000
13.680	0.000
13.690	0.000
13.700	0.000
13.710	0.000
13.720	0.000
13.730	0.000
13.740	0.000
13.750	0.000
13.760	0.000
13.770	0.000
13.780	0.000
13.790	0.000
13.800	0.000
13.810	0.000
13.820	0.000
13.830	0.000
13.840	0.000
13.850	0.000
13.860	0.000
13.870	0.000
13.880	0.000
13.890	0.000
13.900	0.000
13.910	0.000
13.920	0.000
13.930	0.000
13.940	0.000
13.950	0.000
13.960	0.000
13.970	0.000
13.980	0.000
13.990	0.000
14.000	0.000
14.010	0.000
14.020	0.000
14.030	0.000
14.040	0.000
14.050	0.000
14.060	0.000
14.070	0.000
14.080	0.000
14.090	0.000
14.100	0.000
14.110	0.000
14.120	0.000
14.130	0.000
14.140	0.000
14.150	0.000
14.160	0.000
14.170	0.000
14.180	0.000
14.190	0.000
14.200	0.000
14.210	0.000
14.220	0.000
14.230	0.000
14.240	0.000
14.250	0.000
14.260	0.000
14.270	0.000
14.280	0.000
14.290	0.000
14.300	0.000
14.310	0.000
14.320	0.000
14.330	0.000
14.340	0.000
14.350	0.000
14.360	0.000
14.370	0.000
14.380	0.000
14.390	0.000
14.400	0.000
14.410	0.000
14.420	0.000
14.430	0.000
14.440	0.000
14.450	0.000
14.460	0.000
14.470	0.000
14.480	0.000
14.490	0.000
14.500	0.000
14.510	0.000
14.520	0.000
14.530	0.000
14.540	0.000
14.550	0.000
14.560	0.000
14.570	0.000
14.580	0.000
14.590	0.000
14.600	0.000
14.610	0.000
14.620	0.000
14.630	0.000
14.640	0.000
14.650	0.000
14.660	0.000
14.670	0.000
14.680	0.000
14.690	0.000
14.700	0.000
14.710	0.000
14.720	0.000
14.730	0.000
14.740	0.000
14.750	0.000
14.760	0.000
14.770	0.000
14.780	0.000
14.790	0.000
14.800	0.000
14.810	0.000
14.820	0.000
14.830	0.000
14.840	0.000
14.850	0.000
14.860	0.000
14.870	0.000
14.880	0.000
14.890	0.000
14.900	0.000
14.910	0.000
14.920	0.000
14.930	0.000
14.940	0.000
14.950	0.000
14.960	0.000
14.970	0.000
14.980	0.000
14.990	0.000
15.000	0.000
15.010	0.000
15.020	0.000
15.030	0.000
15.040	0.000
15.050	0.000
15.060	0.000
15.070	0.000
15.080	0.000
15.090	0.000
15.100	0.000
15.110	0.000
15.120	0.000
15.130	0.000
15.140	0.000
15.150	0.000
15.160	0.000
15.170	0.000
15.180	0.000
15.190	0.000
15.200	0.000
15.210	0.000
15.220	0.000
15.230	0.000
15.240	0.000
15.250	0.000
15.260	0.000
15.270	0.000
15.280	0.000
15.290	0.000
15.300	0.000
15.310	0.000
15.320	0.000
15.330	0.000
15.340	0.000
15.350	0.000
15.360	0.000
15.370	0.000
15.380	0.000
15.390	0.000
15.400	0.000
15.410	0.000
15.420	0.000
15.430	0.000
15.440	0.000
15.450	0.000
15.460	0.000
15.470	0.000
15.480	0.000
15.490	0.000
15.500	0.000
15.510	0.000
15.520	0.000
15.530	0.000
15.540	0.000
15.550	0.000
15.560	0.000
15.570	0.000
15.580	0.000
15.590	0.000
15.600	0.000
15.610	0.000
15.620	0.000
15.630	0.000
15.640	0.000
15.650	0.000
15.660	0.000
15.670	0.000
15.680	0.000
15.690	0.000
15.700	0.000
15.710	0.000
15.720	0.000
15.730	0.000
15.740	0.000
15.750	0.000
15.760	0.000
15.770	0.000
15.780	0.000
15.790	0.000
15.800	0.000
15.810	0.000
15.820	0.000
15.830	0.000
15.840	0.000
15.850	0.000
15.860	0.000
15.870	0.000
15.880	0.000
15.890	0.000
15.900	0.000
15.910	0.000
15.920	0.000
15.930	0.000
15.940	0.000
15.950	0.000
15.960	0.000
15.970	0.000
15.980	0.000
15.990	0.000
16.000	0.000
16.010	0.000
16.020	0.000
16.030	0.000
16.040	0.000
16.050	0.000
16.060	0.000
16.070	0.000
16.080	0.000
16.090	0.000
16.100	0.000
16.110	0.000
16.120	0.000
16.130	0.000
16.140	0.000
16.150	0.000
16.160	0.000
16.170	0.000
16.180	0.000
16.190	0.000
16.200	0.000
16.210	0.000
16.220	0.000
16.230	0.000
16.240	0.000
16.250	0.000
16.260	0.000
16.270	0.000
16.280	0.000
16.290	0.000
16.300	0.000
16.310	0.000
16.320	0.000
16.330	0.000
16.340	0.000
16.350	0.000
16.360	0.000
16.370	0.000
16.380	0.000
16.390	0.000
16.400	0.000
16.410	0.000
16.420	0.000
16.430	0.000
16.440	0.000
16.450	0.000
16.460	0.000
16.470	0.000
16.480	0.000
16.490	0.000
16.500	0.000
16.510	0.000
16.520	0.000
16.530	0.000
16.540	0.000
16.550	0.000
16.560	0.000
16.570	0.000
16.580	0.000
16.590	0.000
16.600	0.000
16.610	0.000
16.620	0.000
16.630	0.000
16.640	0.000
16.650	0.000
16.660	0.000
16.670	0.000
16.680	0.000
16.690	0.000
16.700	0.000
16.710	0.000
16.720	0.000
16.730	0.000
16.740	0.000
16.750	0.000
16.760	0.000
16.770	0.000
16.780	0.000
16.790	0.000
16.800	0.000
16.810	0.000
16.820	0.000
16.830	0.000
16.840	0.000
16.850	0.000
16.860	0.000
16.870	0.000
16.880	0.000
16.890	0.000
16.900	0.000
16.910	0.000
16.920	0.000
16.930	0.000
16.940	0.000
16.950	0.000
16.960	0.000
16.970	0.000
16.980	0.000
16.990	0.000
17.000	0.000
17.010	0.000
17.020	0.000
17.030	0.000
17.040	0.000
17.050	0.000
17.060	0.000
17.070	0.000
17.080	0.000
17.090	0.000
17.100	0.000
17.110	0.000
17.120	0.000
17.130	0.000
17.140	0.000
17.150	0.000
17.160	0.000
17.170	0.000
17.180	0.000
17.190	0.000
17.200	0.000
17.210	0.000
17.220	0.000
17.230	0.000
17.240	0.000
17.250	0.000
17.260	0.000
17.270	0.000
17.280	0.000
17.290	0.000
17.300	0.000
17.310	0.000
17.320	0.000
17.330	0.000
17.340	0.000
17.350	0.000
17.360	0.000
17.370	0.000
17.380	0.000
17.390	0.000
17.400	0.000
17.410	0.000
17.420	0.000
17.430	0.000
17.440	0.000
17.450	0.000
17.460	0.000
17.470	0.000
17.480	0.000
17.490	0.000
17.500	0.000
17.510	0.000
17.520	0.000
17.530	0.000
17.540	0.000
17.550	0.000
17.560	0.000
17.570	0.000
17.580	0.000
17.590	0.000
17.600	0.000
17.610	0.000
17.620	0.000
17.630	0.000
17.640	0.000
17.650	0.000
17.660	0.000
17.670	0.000
17.680	0.000
17.690	0.000
17.700	0.000
17.710	0.000
17.720	0.000
17.730	0.000
17.740	0.000
17.750	0.000
17.760	0.000
17.770	0.000
17.780	0.000
17.790	0.000
17.800	0.000
17.810	0.000
17.820	0.000
17.830	0.000
17.840	0.000
17.850	0.000
17.860	0.000
17.870	0.000
17.880	0.000
17.890	0.000
17.900	0.000
17.910	0.000
17.920	0.000
17.930	0.000
17.940	0.000
17.950	0.000
17.960	0.000
17.970	0.000
17.980	0.000
17.990	0.000
18.000	0.000
18.010	0.000
18.020	0.000
18.030	0.000
18.040	0.000
18.050	0.000
18.060	0.000
18.070	0.000
18.080	0.000
18.090	0.000
18.100	0.000
18.110	0.000
18.120	0.000
18.130	0.000
18.140	0.000
18.150	0.000
18.160	0.000
18.170	0.000
18.180	0.000
18.190	0.000
18.200	0.000
18.210	0.000
18.220	0.000
18.230	0.000
18.240	0.000
18.250	0.000
18.260	0.000
18.270	0.000
18.280	0.000
18.290	0.000
18.300	0.000
18.310	0.000
18.320	0.000
18.330	0.000
18.340	0.000
18.350	0.000
18.360	0.000
18.370	0.000
18.380	0.000
18.390	0.000
18.400	0.000
18.410	0.000
18.420	0.000
18.430	0.000
18.440	0.000
18.450	0.000
18.460	0.000
18.470	0.000
18.480	0.000
18.490	0.000
18.500	0.000
18.510	0.000
18.520	0.000
18.530	0.000
18.540	0.000
18.550	0.000
18.560	0.000
18.570	0.000
18.580	0.000
18.590	0.000
18.600	0.000
18.610	0.000
18.620	0.000
18.630	0.000
18.640	0.000
18.650	0.000
18.660	0.000
18.670	0.000
18.680	0.000
18.690	0.000
18.700	0.000
18.710	0.000
18.720	0.000
18.730	0.000
18.740	0.000
18.750	0.000
18.760	0.000
18.770	0.000
18.780	0.000
18.790	0.000
18.800	0.000
18.810	0.000
18.820	0.000
18.830	0.000
18.840	0.000
18.850	0.000
18.860	0.000
18.870	0.000
18.880	0.000
18.890	0.000
18.900	0.000
18.910	0.000
18.920	0.000
18.930	0.000
18.940	0.000
18.950	0.000
18.960	0.000
18.970	0.000
18.980	0.000
18.990	0.000
19.000	0.000
19.010	0.000
19.020	0.000
19.030	0.000
19.040	0.000
19.050	0.000
19.060	0.000
19.070	0.000
19.080	0.000
19.090	0.000
19.100	0.000
19.110	0.000
19.120	0.000
19.130	0.000
19.140	0.000
19.150	0.000
19.160	0.000
19.170	0.000
19.180	0.000
19.190	0.000
19.200	0.000
19.210	0.000
19.220	0.000
19.230	0.000
19.240	0.000
19.250	0.000
19.260	0.000
19.270	0.000
19.280	0.000
19.290	0.000
19.300	0.000
19.310	0.000
19.320	0.000
19.330	0.000
19.340	0.000
19.350	0.000
19.360	0.000
19.370	0.000
19.380	0.000
19.390	0.000
19.400	0.000
19.410	0.000
19.420	0.000
19.430	0.000
19.440	0.000
19.450	0.000
19.460	0.000
19.470	0.000
19.480	0.000
19.490	0.000
19.500	0.000
19.510	0.000
19.520	0.000
19.530	0.000
19.540	0.000
19.550	0.000
19.560	0.000
19.570	0.000
19.580	0.000
19.590	0.000
19.600	0.000
19.610	0.000
19.620	0.000
19.630	0.000
19.640	0.000
19.650	0.000
19.660	0.000
19.670	0.000
19.680	0.000
19.690	0.000
19.700	0.000
19.710	0.000
19.720	0.000
19.730	0.000
19.740	0.000
19.750	0.000
19.760	0.000
19.770	0.000
19.780	0.000
19.790	0.000
19.800	0.000
19.810	0.000
19.820	0.000
19.830	0.000
19.840	0.000
19.850	0.000
19.860	0.000
19.870	0.000
19.880	0.000
19.890	0.000
19.900	0.000
19.910	0.000
19.920	0.000
19.930	0.000
19.940	0.000
19.950	0.000
19.960	0.000
19.970	0.000
19.980	0.000
19.990	0.000
20.000	0.000
20.010	0.000
20.020	0.000
20.030	0.000
20.040	0.000
20.050	0.000
20.060	0.000
20.070	0.000
20.080	0.000
20.090	0.000
20.100	0.000
20.110	0.000
20.120	0.000
20.130	0.000
20.140	0.000
20.150	0.000
20.160	0.000
20.170	0.000
20.180	0.000
20.190	0.000
20.200	0.000
20.210	0.000
20.220	0.000
20.230	0.000
20.240	0.000
20.250	0.000
20.260	0.000
20.270	0.000
20.280	0.000
20.290	0.000
20.300	0.000
20.310	0.000
20.320	0.000
20.330	0.000
20.340	0.000
20.350	0.000
20.360	0.000
20.370	0.000
20.380	0.000
20.390	0.000
20.400	0.000
20.410	0.000
20.420	0.000
20.430	0.000
20.440	0.000
20.450	0.000
20.460	0.000
20.470	0.000
20.480	0.000
20.490	0.000
20.500	0.000
20.510	0.000
20.520	0.000
20.530	0.000
20.540	0.000
20.550	0.000
20.560	0.000
20.570	0.000
20.580	0.000
20.590	0.000
20.600	0.000
20.610	0.000
20.620	0.000
20.630	0.000
20.640	0.000
20.650	0.000
20.660	0.000
20.670	0.000
20.680	0.000
20.690	0.000
20.700	0.000
20.710	0.000
20.720	0.000
20.730	0.000
20.740	0.000
20.750	0.000
20.760	0.000
20.770	0.000
20.780	0.000
20.790	0.000
20.800	0.000
20.810	0.000
20.820	0.000
20.830	0.000
20.840	0.000
20.850	0.000
20.860	0.000
20.870	0.000
20.880	0.000
20.890	0.000
20.900	0.000
20.910	0.000
20.920	0.000
20.930	0.000
20.940	0.000
20.950	0.000
20.960	0.000
20.970	0.000
20.980	0.000
20.990	0.000
21.000	0.000
21.010	0.000
21.020	0.000
21.030	0.000
21.040	0.000
21.050	0.000
21.060	0.000
21.070	0.000
21.080	0.000
21.090	0.000
21.100	0.000
21.110	0.000
21.120	0.000
21.130	0.000
21.140	0.000
21.150	0.000
21.160	0.000
21.170	0.000
21.180	0.000
21.190	0.000
21.200	0.000
21.210	0.000
21.220	0.000
21.230	0.000
21.240	0.000
21.250	0.000
21.260	0.000
21.270	0.000
21.280	0.000
21.290	0.000
21.300	0.000
21.310	0.000
21.320	0.000
21.330	0.000
21.340	0.000
21.350	0.000
21.360	0.000
21.370	0.000
21.380	0.000
21.390	0.000
21.400	0.000
21.410	0.000
21.420	0.000
21.430	0.000
21.440	0.000
21.450	0.000
21.460	0.000
21.470	0.000
21.480	0.000
21.490	0.000
21.500	0.000
21.510	0.000
21.520	0.000
21.530	0.000
21.540	0.000
21.550	0.000
21.560	0.000
21.570	0.000
21.580	0.000
21.590	0.000
21.600	0.000
21.610	0.000
21.620	0.000
21.630	0.000
21.640	0.000
21.650	0.000
21.660	0.000
21.670	0.000
21.680	0.000
21.690	0.000
21.700	0.000
21.710	0.000
21.720	0.000
21.730	0.000
21.740	0.000
21.750	0.000
21.760	0.000
21.770	0.000
21.780	0.000
21.790	0.000
21.800	0.000
21.810	0.000
21.820	0.000
21.830	0.000
21.840	0.000
21.850	0.000
21.860	0.000
21.870	0.000
21.880	0.000
21.890	0.000
21.900	0.000
21.910	0.000
21.920	0.000
21.930	0.000
21.940	0.000
21.950	0.000
21.960	0.000
21.970	0.000
21.980	0.000
21.990	0.000
22.000	0.000
22.010	0.000
22.020	0.000
22.030	0.000
22.040	0.000
22.050	0.000
22.060	0.000
22.070	0.000
22.080	0.000
22.090	0.000
22.100	0.000
22.110	0.000
22.120	0.000
22.130	0.000
22.140	0.000
22.150	0.000
22.160	0.000
22.170	0.000
22.180	0.000
22.190	0.000
22.200	0.000
22.210	0.000
22.220	0.000
22.230	0.000
22.240	0.000
22.250	0.000
22.260	0.000
22.270	0.000
22.280	0.000
22.290	0.000
22.300	0.000
22.310	0.000
22.320	0.000
22.330	0.000
22.340	0.000
22.350	0.000
22.360	0.000
22.370	0.000
22.380	0.000
22.390	0.000
22.400	0.000
22.410	0.000
22.420	0.000
22.430	0.000
22.440	0.000
22.450	0.000
22.460	0.000
22.470	0.000
22.480	0.000
22.490	0.000
22.500	0.000
22.510	0.000
22.520	0.000
22.530	0.000
22.540	0.000
22.550	0.000
22.560	0.000
22.570	0.000
22.580	0.000
22.590	0.000
22.600	0.000
22.610	0.000
22.620	0.000
22.630	0.000
22.640	0.000
22.650	0.000
22.660	0.000
22.670	0.000
22.680	0.000
22.690	0.000
22.700	0.000
22.710	0.000
22.720	0.000
22.730	0.000
22.740	0.000
22.750	0.000
22.760	0.000
22.770	0.000
22.780	0.000
22.790	0.000
22.800	0.000
22.810	0.000
22.820	0.000
22.830	0.000
22.840	0.000
22.850	0.000
22.860	0.000
22.870	0.000
22.880	0.000
22.890	0.000
22.900	0.000
22.910	0.000
22.920	0.000
22.930	0.000
22.940	0.000
22.950	0.000
22.960	0.000
22.970	0.000
22.980	0.000
22.990	0.000
23.000	0.000
23.010	0.000
23.020	0.000
23.030	0.000
23.040	0.000
23.050	0.000
23.060	0.000
23.070	0.000
23.080	0.000
23.090	0.000
23.100	0.000
23.110	0.000
23.120	0.000
23.130	0.000
23.140	0.000
23.150	0.000
23.160	0.000
23.170	0.000
23.180	0.000
23.190	0.000
23.200	0.000
23.210	0.000
23.220	0.000
23.230	0.000
23.240	0.000
23.250	0.000
23.260	0.000
23.270	0.000
23.280	0.000
23.290	0.000
23.300	0.000
23.310	0.000
23.320	0.000
23.330	0.000
23.340	0.000
23.350	0.000
23.360	0.000
23.370	0.000
23.380	0.000
23.390	0.000
23.400	0.000
23.410	0.000
23.420	0.000
23.430	0.000
23.440	0.000
23.450	0.000
23.460	0.000
23.470	0.000
23.480	0.000
23.490	0.000
23.500	0.000
23.510	0.000
23.520	0.000
23.530	0.000
23.540	0.000
23.550	0.000
23.560	0.000
23.570	0.000
23.580	0.000
23.590	0.000
23.600	0.000
23.610	0.000
23.620	0.000
23.630	0.000
23.640	0.000
23.650	0.000
23.660	0.000
23.670	0.000
23.680	0.000
23.690	0.000
23.700	0.000
23.710	0.000
23.720	0.000
23.730	0.000
23.740	0.000
23.750	0.000
23.760	0.000
23.770	0.000
23.780	0.000
23.790	0.000
23.800	0.000
23.810	0.000
23.820	0.000
23.830	0.000
23.840	0.000
23.850	0.000
23.860	0.000
23.870	0.000
23.880	0.000
23.890	0.000
23.900	0.000
23.910	0.000
23.920	0.000
23.930	0.000
23.940	0.000
23.950	0.000
23.960	0.000
23.970	0.000
23.980	0.000
23.990	0.000
24.000	0.000
24.010	0.000
24.020	0.000
24.030	0.000
24.040	0.000
24.050	0.000
24.060	0.000
24.070	0.000
24.080	0.000
24.090	0.000
24.100	0.000
24.110	0.000
24.120	0.000
24.130	0.000
24.140	0.000
24.150	0.000
24.160	0.000
24.170	0.000
24.180	0.000
24.190	0.000
24.200	0.000
24.210	0.000
24.220	0.000
24.230	0.000
24.240	0.000
24.250	0.000
24.260	0.000
24.270	0.000
24.280	0.000
24.290	0.000
24.300	0.000
24.310	0.000
24.320	0.000
24.330	0.000
24.340	0.000
24.350	0.000
24.360	0.000
24.370	0.000
24.380	0.000
24.390	0.000
24.400	0.000
24.410	0.000
24.420	0.000
24.430	0.000
24.440	0.000
24.450	0.000
24.460	0.000
24.470	0.000
24.480	0.000
24.490	0.000
24.500	0.000
24.510	0.000
24.520	0.000
24.530	0.000
24.540	0.000
24.550	0.000
24.560	0.000
24.570	0.000
24.580	0.000
24.590	0.000
24.600	0.000
24.610	0.000
24.620	0.000
24.630	0.000
24.640	0.000
24.650	0.000
24.660	0.000
24.670	0.000
24.680	0.000
24.690	0.000
24.700	0.000
24.710	0.000
24.720	0.000
24.730	0.000
24.740	0.000
24.750	0.000
24.760	0.000
24.770	0.000
24.780	0.000
24.790	0.000
24.800	0.000
24.810	0.000
24.820	0.000
24.830	0.000
24.840	0.000
24.850	0.000
24.860	0.000
24.870	0.000
24.880	0.000
24.890	0.000
24.900	0.000
24.910	0.000
24.920	0.000
24.930	0.000
24.940	0.000
24.950	0.000
24.960	0.000
24.970	0.000
24.980	0.000
24.990	0.000
25.000	0.000
25.010	0.000
25.020	0.000
25.030	0.000
25.040	0.000
25.050	0.000
25.060	0.000
25.070	0.000
25.080	0.000
25.090	0.000
25.100	0.000
25.110	0.000
25.120	0.000
25.130	0.000
25.140	0.000
25.150	0.000
25.160	0.000
25.170	0.000
25.180	0.000
25.190	0.000
25.200	0.000
25.210	0.000
25.220	0.000
25.230	0.000
25.240	0.000
25.250	0.000
25.260	0.000
25.270	0.000
25.280	0.000
25.290	0.000
25.300	0.000
25.310	0.000
25.320	0.000
25.330	0.000
25.340	0.000
25.350	0.000
25.360	0.000
25.370	0.000
25.380	0.000
25.390	0.000
25.400	0.000
25.410	0.000
25.420	0.000
25.430	0.000
25.440	0.000
25.450	0.000
25.460	0.000
25.470	0.000
25.480	0.000
25.490	0.000
25.500	0.000
25.510	0.000
25.520	0.000
25.530	0.000
25.540	0.000
25.550	0.000
25.560	0.000
25.570	0.000
25.580	0.000
25.590	0.000
25.600	0.000
25.610	0.000
25.620	0.000
25.630	0.000
25.640	0.000
25.650	0.000
25.660	0.000
25.670	0.000
25.680	0.000
25.690	0.000
25.700	0.000
25.710	0.000
25.720	0.000
25.730	0.000
25.740	0.000
25.750	0.000
25.760	0.000
25.770	0.000
25.780	0.000
25.790	0.000
25.800	0.000
25.810	0.000
25.820	0.000
25.830	0.000
25.840	0.000
25.850	0.000
25.860	0.000
25.870	0.000
25.880	0.000
25.890	0.000
25.900	0.000
25.910	0.000
25.920	0.000
25.930	0.000
25.940	0.000
25.950	0.000
25.960	0.000
25.970	0.000
25.980	0.000
25.990	0.000
26.000	0.000
26.010	0.000
26.020	0.000
26.030	0.000
26.040	0.000
26.050	0.000
26.060	0.000
26.070	0.000
26.080	0.000
26.090	0.000
26.100	0.000
26.110	0.000
26.120	0.000
26.130	0.000
26.140	0.000
26.150	0.000
26.160	0.000
26.170	0.000
26.180	0.000
26.190	0.000
26.200	0.000
26.210	0.000
26.220	0.000
26.230	0.000
26.240	0.000
26.250	0.000
26.260	0.000
26.270	0.000
26.280	0.000
26.290	0.000
26.300	0.000
26.310	0.000
26.320	0.000
26.330	0.000
26.340	0.000
26.350	0.000
26.360	0.000
26.370	0.000
26.380	0.000
26.390	0.000
26.400	0.000
26.410	0.000
26.420	0.000
26.430	0.000
26.440	0.000
26.450	0.000
26.460	0.000
26.470	0.000
26.480	0.000
26.490	0.000
26.500	0.000
26.510	0.000
26.520	0.000
26.530	0.000
26.540	0.000
26.550	0.000
26.560	0.000
26.570	0.000
26.580	0.000
26.590	0.000
26.600	0.000
26.610	0.000
26.620	0.000
26.630	0.000
26.640	0.000
26.650	0.000
26.660	0.000
26.670	0.000
26.680	0.000
26.690	0.000
26.700	0.000
26.710	0.000
26.720	0.000
26.730	0.000
26.740	0.000
26.750	0.000
26.760	0.000
26.770	0.000
26.780	0.000
26.790	0.000
26.800	0.000
26.810	0.000
26.820	0.000
26.830	0.000
26.840	0.000
26.850	0.000
26.860	0.000
26.870	0.000
26.880	0.000
26.890	0.000
26.900	0.000
26.910	0.000
26.920	0.000
26.930	0.000
26.940	0.000
26.950	0.000
26.960	0.000
26.970	0.000
26.980	0.000
26.990	0.000
27.000	0.000
27.010	0.000
27.020	0.000
27.030	0.000
27.040	0.000
27.050	0.000
27.060	0.000
27.070	0.000
27.080	0.000
27.090	0.000
27.100	0.000
27.110	0.000
27.120	0.000
27.130	0.000
27.140	0.000
27.150	0.000
27.160	0.000
27.170	0.000
27.180	0.000
27.190	0.000
27.200	0.000
27.210	0.000
27.220	0.000
27.230	0.000
27.240	0.000
27.250	0.000
27.260	0.000
27.270	0.000
27.280	0.000
27.290	0.000
27.300	0.000
27.310	0.000
27.320	0.000
27.330	0.000
27.340	0.000
27.350	0.000
27.360	0.000
27.370	0.000
27.380	0.000
27.390	0.000
27.400	0.000
27.410	0.000
27.420	0.000
27.430	0.000
27.440	0.000
27.450	0.000
27.460	0.000
27.470	0.000
27.480	0.000
27.490	0.000
27.500	0.000
27.510	0.000
27.520	0.000
27.530	0.000
27.540	0.000
27.550	0.000
27.560	0.000
27.570	0.000
27.580	0.000
27.590	0.000
27.600	0.000
27.610	0.000
27.620	0.000
27.630	0.000
27.640	0.000
27.650	0.000
27.660	0.000
27.670	0.000
27.680	0.000
27.690	0.000
27.700	0.000
27.710	0.000
27.720	0.000
27.730	0.000
27.740	0.000
27.750	0.000
27.760	0.000
27.770	0.000
27.780	0.000
27.790	0.000
27.800	0.000
27.810	0.000
27.820	0.000
27.830	0.000
27.840	0.000
27.850	0.000
27.860	0.000
27.870	0.000
27.880	0.000
27.890	0.000
27.900	0.000
27.910	0.000
27.920	0.000
27.930	0.000
27.940	0.000
27.950	0.000
27.960	0.000
27.970	0.000
27.980	0.000
27.990	0.000
28.000	0.000
28.010	0.000
28.020	0.000
28.030	0.000
28.040	0.000
28.050	0.000
28.060	0.000
28.070	0.000
28.080	0.000
28.090	0.000
28.100	0.000
28.110	0.000
28.120	0.000
28.130	0.000
28.140	0.000
28.150	0.000
28.160	0.000
28.170	0.000
28.180	0.000
28.190	0.000
28.200	0.000
28.210	0.000
28.220	0.000
28.230	0.000
28.240	0.000
28.250	0.000
28.260	0.000
28.270	0.000
28.280	0.000
28.290	0.000
28.300	0.000
28.310	0.000
28.320	0.000
28.330	0.000
28.340	0.000
28.350	0.000
28.360	0.000
28.370	0.000
28.380	0.000
28.390	0.000
28.400	0.000
28.410	0.000
28.420	0.000
28.430	0.000
28.440	0.000
28.450	0.000
28.460	0.000
28.470	0.000
28.480	0.000
28.490	0.000
28.500	0.000
28.510	0.000
28.520	0.000
28.530	0.000
28.540	0.000
28.550	0.000
28.560	0.000
28.570	0.000
28.580	0.000
28.590	0.000
28.600	0.000
28.610	0.000
28.620	0.000
28.630	0.000
28.640	0.000
28.650	0.000
28.660	0.000
28.670	0.000
28.680	0.000
28.690	0.000
28.700	0.000
28.710	0.000
28.720	0.000
28.730	0.000
28.740	0.000
28.750	0.000
28.760	0.000
28.770	0.000
28.780	0.000
28.790	0.000
28.800	0.000
28.810	0.000
28.820	0.000
28.830	0.000
28.840	0.000
28.850	0.000
28.860	0.000
28.870	0.000
28.880	0.000
28.890	0.000
28.900	0.000
28.910	0.000
28.920	0.000
28.930	0.000
28.940	0.000
28.950	0.000
28.960	0.000
28.970	0.000
28.980	0.000
28.990	0.000
29.000	0.000
29.010	0.000
29.020	0.000
29.030	0.000
29.040	0.000
29.050	0.000
29.060	0.000
29.070	0.000
29.080	0.000
29.090	0.000
29.100	0.000
29.110	0.000
29.120	0.000
29.130	0.000
29.140	0.000
29.150	0.000
29.160	0.000
29.170	0.000
29.180	0.000
29.190	0.000
29.200	0.000
29.210	0.000
29.220	0.000
29.230	0.000
29.240	0.000
29.250	0.000
29.260	0.000
29.270	0.000
29.280	0.000
29.290	0.000
29.300	0.000
29.310	0.000
29.320	0.000
29.330	0.000
29.340	0.000
29.350	0.000
29.360	0.000
29.370	0.000
29.380	0.000
29.390	0.000
29.400	0.000
29.410	0.000
29.420	0.000
29.430	0.000
29.440	0.000
29.450	0.000
29.460	0.000
29.470	0.000
29.480	0.000
29.490	0.000
29.500	0.000
29.510	0.000
29.520	0.000
29.530	0.000
29.540	0.000
29.550	0.000
29.560	0.000
29.570	0.000
29.580	0.000
29.590	0.000
29.600	0.000
29.610	0.000
29.620	0.000
29.630	0.000
29.640	0.000
29.650	0.000
29.660	0.000
29.670	0.000
29.680	0.000
29.690	0.000
29.700	0.000
29.710	0.000
29.720	0.000
29.730	0.000
29.740	0.000
29.750	0.000
29.760	0.000
29.770	0.000
29.780	0.000
29.790	0.000
29.800	0.000
29.810	0.000
29.820	0.000
29.830	0.000
29.840	0.000
29.850	0.000
29.860	0.000
29.870	0.000
29.880	0.000
29.890	0.000
29.900	0.000
29.910	0.000
29.920	0.000
29.930	0.000
29.940	0.000
29.950	0.000
29.960	0.000
29.970	0.000
29.980	0.000
29.990	0.000
30.000	0.000
30.010	0.000
30.020	0.000
30.030	0.000
30.040	0.000
30.050	0.000
30.060	0.000
30.070	0.000
30.080	0.000
30.090	0.000
30.100	0.000
30.110	0.000
30.120	0.000
30.130	0.000
30.140	0.000
30.150	0.000
30.160	0.000
30.170	0.000
30.180	0.000
30.190	0.000
30.200	0.000
30.210	0.000
30.220	0.000
30.230	0.000
30.240	0.000
30.250	0.000
30.260	0.000
30.270	0.000
30.280	0.000
30.290	0.000
30.300	0.000
30.310	0.000
30.320	0.000
30.330	0.000
30.340	0.000
30.350	0.000
30.360	0.000
30.370	0.000
30.380	0.000
30.390	0.000
30.400	0.000
30.410	0.000
30.420	0.000
30.430	0.000
30.440	0.000
30.450	0.000
30.460	0.000
30.470	0.000
30.480	0.000
30.490	0.000
30.500	0.000
30.510	0.000
30.520	0.000
30.530	0.000
30.540	0.000
30.550	0.000
30.560	0.000
30.570	0.000
30.580	0.000
30.590	0.000
30.600	0.000
30.610	0.000
30.620	0.000
30.630	0.000
30.640	0.000
30.650	0.000
30.660	0.000
30.670	0.000
30.680	0.000
30.690	0.000
30.700	0.000
30.710	0.000
30.720	0.000
30.730	0.000
30.740	0.000
30.750	0.000
30.760	0.000
30.770	0.000
30.780	0.000
30.790	0.000
30.800	0.000
30.810	0.000
30.820	0.000
30.830	0.000
30.840	0.000
30.850	0.000
30.860	0.000
30.870	0.000
30.880	0.000
30.890	0.000
30.900	0.000
30.910	0.000
30.920	0.000
30.930	0.000
30.940	0.000
30.950	0.000
30.960	0.000
30.970	0.000
30.980	0.000
30.990	0.000
31.000	0.000
31.010	0.000
31.020	0.000
31.030	0.000
31.040	0.000
31.050	0.000
31.060	0.000
31.070	0.000
31.080	0.000
31.090	0.000
31.100	0.000
31.110	0.000
31.120	0.000
31.130	0.000
31.140	0.000
31.150	0.000
31.160	0.000
31.170	0.000
31.180	0.000
31.190	0.000
31.200	0.000
31.210	0.000
31.220	0.000
31.230	0.000
31.240	0.000
31.250	0.000
31.260	0.000
31.270	0.000
31.280	0.000
31.290	0.000
31.300	0.000
31.310	0.000
31.320	0.000
31.330	0.000
31.340	0.000
31.350	0.000
31.360	0.000
31.370	0.000
31.380	0.000
31.390	0.000
31.400	0.000
31.410	0.000
31.420	0.000
31.430	0.000
31.440	0.000
31.450	0.000
31.460	0.000
31.470	0.000
31.480	0.000
31.490	0.000
31.500	0.000
31.510	0.000
31.520	0.000
31.530	0.000
31.540	0.000
31.550	0.000
31.560	0.000
31.570	0.000
31.580	0.000
31.590	0.000
31.600	0.000
31.610	0.000
31.620	0.000
31.630	0.000
31.640	0.000
31.650	0.000
31.660	0.000
31.670	0.000
31.680	0.000
31.690	0.000
31.700	0.000
31.710	0.000
31.720	0.000
31.730	0.000
31.740	0.000
31.750	0.000
31.760	0.000
31.770	0.000
31.780	0.000
31.790	0.000
31.800	0.000
31.810	0.000
31.820	0.000
31.830	0.000
31.840	0.000
31.850	0.000
31.860	0.000
31.870	0.000
31.880	0.000
31.890	0.000
31.900	0.000
31.910	0.000
31.920	0.000
31.930	0.000
31.940	0.000
31.950	0.000
31.960	0.000
31.970	0.000
31.980	0.000
31.990	0.000
32.000	0.000
32.010	0.000
32.020	0.000
32.030	0.000
32.040	0.000
32.050	0.000
32.060	0.000
32.070	0.000
32.080	0.000
32.090	0.000
32.100	0.000
32.110	0.000
32.120	0.000
32.130	0.000
32.140	0.000
32.150	0.000
32.160	0.000
32.170	0.000
32.180	0.000
32.190	0.000
32.200	0.000
32.210	0.000
32.220	0.000
32.230	0.000
32.240	0.000
32.250	0.000
32.260	0.000
32.270	0.000
32.280	0.000
32.290	0.000
32.300	0.000
32.310	0.000
32.320	0.000
32.330	0.000
32.340	0.000
32.350	0.000
32.360	0.000
32.370	0.000
32.380	0.000
32.390	0.000
32.400	0.000
32.410	0.000
32.420	0.000
32.430	0.000
32.440	0.000
32.450	0.000
32.460	0.000
32.470	0.000
32.480	0.000
32.490	0.000
32.500	0.000
32.510	0.000
32.520	0.000
32.530	0.000
32.540	0.000
32.550	0.000
32.560	0.000
32.570	0.000
32.580	0.000
32.590	0.000
32.600	0.000
32.610	0.000
32.620	0.000
32.630	0.000
32.640	0.000
32.650	0.000
32.660	0.000
32.670	0.000
32.680	0.000
32.690	0.000
32.700	0.000
32.710	0.000
32.720	0.000
32.730	0.000
32.740	0.000
32.750	0.000
32.760	0.000
32.770	0.000
32.780	0.000
32.790	0.000
32.800	0.000
32.810	0.000
32.820	0.000
32.830	0.000
32.840	0.000
32.850	0.000
32.860	0.000
32.870	0.000
32.880	0.000
32.890	0.000
32.900	0.000
32.910	0.000
32.920	0.000
32.930	0.000
