%Time(s)	Speed(rpm)		
	%4/1/20153:55 PM
0.010	101.500
0.020	101.300
0.030	100.800
0.040	100.400
0.050	100.600
0.060	100.100
0.070	99.700
0.080	99.700
0.090	99.600
0.100	99.500
0.110	99.300
0.120	99.300
0.130	98.900
0.140	98.900
0.150	98.800
0.160	98.500
0.170	98.200
0.180	98.200
0.190	98.100
0.200	98.200
0.210	98.400
0.220	98.900
0.230	99.900
0.240	101.200
0.250	102.400
0.260	102.800
0.270	103.000
0.280	102.700
0.290	102.500
0.300	102.700
0.310	102.400
0.320	102.200
0.330	101.800
0.340	101.800
0.350	101.600
0.360	101.400
0.370	101.100
0.380	100.900
0.390	100.500
0.400	100.400
0.410	100.200
0.420	99.900
0.430	99.500
0.440	99.600
0.450	99.500
0.460	99.300
0.470	99.000
0.480	99.000
0.490	98.800
0.500	98.300
0.510	98.200
0.520	97.900
0.530	97.700
0.540	97.400
0.550	97.100
0.560	97.300
0.570	97.000
0.580	97.000
0.590	97.100
0.600	97.200
0.610	98.200
0.620	99.800
0.630	101.300
0.640	102.400
0.650	102.200
0.660	102.200
0.670	102.200
0.680	101.600
0.690	101.700
0.700	101.400
0.710	101.400
0.720	101.400
0.730	100.900
0.740	100.800
0.750	100.500
0.760	99.800
0.770	100.200
0.780	99.700
0.790	99.300
0.800	99.200
0.810	98.800
0.820	98.500
0.830	98.400
0.840	98.100
0.850	97.800
0.860	97.500
0.870	97.400
0.880	97.300
0.890	97.200
0.900	97.800
0.910	98.800
0.920	99.800
0.930	101.000
0.940	101.800
0.950	102.200
0.960	102.300
0.970	101.900
0.980	101.600
0.990	101.400
1.000	101.200
1.010	100.900
1.020	100.700
1.030	100.500
1.040	100.400
1.050	100.300
1.060	100.300
1.070	100.000
1.080	99.700
1.090	99.300
1.100	99.000
1.110	98.800
1.120	98.600
1.130	98.400
1.140	98.300
1.150	97.900
1.160	97.800
1.170	97.800
1.180	97.700
1.190	98.100
1.200	98.600
1.210	99.600
1.220	100.900
1.230	101.900
1.240	103.000
1.250	103.500
1.260	103.300
1.270	103.100
1.280	102.700
1.290	103.100
1.300	102.600
1.310	102.400
1.320	102.100
1.330	101.600
1.340	101.500
1.350	101.200
1.360	101.000
1.370	100.800
1.380	100.900
1.390	100.700
1.400	100.100
1.410	99.900
1.420	100.800
1.430	99.900
1.440	99.400
1.450	99.100
1.460	99.000
1.470	98.500
1.480	98.600
1.490	98.400
1.500	98.100
1.510	98.200
1.520	97.800
1.530	97.600
1.540	97.600
1.550	97.100
1.560	96.800
1.570	96.800
1.580	96.800
1.590	96.800
1.600	97.200
1.610	98.200
1.620	99.800
1.630	100.900
1.640	101.900
1.650	102.200
1.660	102.300
1.670	102.100
1.680	101.800
1.690	101.700
1.700	101.700
1.710	101.400
1.720	101.400
1.730	101.000
1.740	100.800
1.750	100.400
1.760	100.500
1.770	100.200
1.780	99.500
1.790	99.300
1.800	99.200
1.810	99.100
1.820	98.800
1.830	98.600
1.840	98.400
1.850	98.400
1.860	98.000
1.870	98.000
1.880	97.800
1.890	98.000
1.900	97.900
1.910	98.500
1.920	99.600
1.930	100.700
1.940	101.500
1.950	101.900
1.960	102.200
1.970	102.100
1.980	102.000
1.990	101.700
2.000	101.600
2.010	101.600
2.020	101.300
2.030	100.900
2.040	100.700
2.050	100.600
2.060	100.200
2.070	100.100
2.080	99.800
2.090	99.600
2.100	99.300
2.110	99.200
2.120	99.100
2.130	98.800
2.140	98.400
2.150	98.000
2.160	97.700
2.170	97.700
2.180	97.700
2.190	97.500
2.200	97.400
2.210	98.100
2.220	99.200
2.230	100.800
2.240	101.900
2.250	102.100
2.260	102.300
2.270	102.400
2.280	102.200
2.290	102.000
2.300	102.100
2.310	101.500
2.320	101.500
2.330	101.100
2.340	101.000
2.350	101.100
2.360	100.800
2.370	100.100
2.380	100.100
2.390	99.900
2.400	99.700
2.410	99.200
2.420	99.100
2.430	99.100
2.440	98.900
2.450	98.800
2.460	98.400
2.470	98.200
2.480	98.200
2.490	97.700
2.500	97.500
2.510	97.200
2.520	97.200
2.530	97.100
2.540	97.100
2.550	97.200
2.560	98.100
2.570	99.400
2.580	101.000
2.590	102.200
2.600	102.800
2.610	102.600
2.620	102.400
2.630	101.900
2.640	102.200
2.650	102.200
2.660	101.900
2.670	101.600
2.680	101.200
2.690	101.200
2.700	100.900
2.710	100.800
2.720	100.500
2.730	100.000
2.740	99.900
2.750	99.800
2.760	99.500
2.770	99.300
2.780	99.300
2.790	99.400
2.800	98.700
2.810	98.600
2.820	99.000
2.830	98.500
2.840	98.100
2.850	97.900
2.860	97.800
2.870	97.600
2.880	97.300
2.890	97.300
2.900	97.300
2.910	97.700
2.920	98.500
2.930	100.100
2.940	101.000
2.950	102.400
2.960	102.600
2.970	102.300
2.980	102.200
2.990	101.900
3.000	101.900
3.010	101.700
3.020	101.500
3.030	101.600
3.040	101.600
3.050	101.600
3.060	101.600
3.070	101.500
3.080	101.500
3.090	101.200
3.100	101.100
3.110	101.300
3.120	101.300
3.130	101.200
3.140	101.100
3.150	100.900
3.160	100.900
3.170	100.900
3.180	100.900
3.190	100.500
3.200	100.400
3.210	100.400
3.220	100.400
3.230	100.400
3.240	100.300
3.250	100.100
3.260	100.100
3.270	100.000
3.280	99.900
3.290	100.100
3.300	100.200
3.310	99.600
3.320	99.600
3.330	99.400
3.340	99.300
3.350	98.900
3.360	98.900
3.370	98.900
3.380	98.800
3.390	98.900
3.400	98.700
3.410	98.400
3.420	98.500
3.430	98.400
3.440	98.100
3.450	98.000
3.460	97.900
3.470	97.900
3.480	97.800
3.490	97.700
3.500	97.700
3.510	97.600
3.520	97.500
3.530	97.500
3.540	97.700
3.550	97.500
3.560	97.600
3.570	97.100
3.580	97.100
3.590	97.200
3.600	97.200
3.610	97.100
3.620	97.000
3.630	96.900
3.640	96.800
3.650	96.700
3.660	96.700
3.670	96.300
3.680	96.200
3.690	96.400
3.700	96.300
3.710	96.300
3.720	96.100
3.730	96.100
3.740	96.200
3.750	95.900
3.760	95.300
3.770	96.100
3.780	96.200
3.790	95.600
3.800	95.500
3.810	95.400
3.820	95.200
3.830	95.000
3.840	94.700
3.850	94.800
3.860	94.800
3.870	94.700
3.880	94.500
3.890	94.400
3.900	94.300
3.910	94.300
3.920	94.200
3.930	94.000
3.940	93.900
3.950	93.800
3.960	93.600
3.970	93.500
3.980	93.500
3.990	93.500
4.000	93.500
4.010	93.300
4.020	93.400
4.030	93.400
4.040	93.300
4.050	93.000
4.060	93.100
4.070	93.000
4.080	93.100
4.090	93.000
4.100	92.900
4.110	92.800
4.120	92.700
4.130	92.700
4.140	92.500
4.150	92.400
4.160	92.200
4.170	92.100
4.180	92.200
4.190	92.200
4.200	92.100
4.210	91.900
4.220	91.900
4.230	91.900
4.240	92.000
4.250	91.700
4.260	91.700
4.270	91.900
4.280	91.700
4.290	91.000
4.300	91.300
4.310	91.100
4.320	91.000
4.330	90.800
4.340	90.400
4.350	90.600
4.360	90.600
4.370	90.400
4.380	90.400
4.390	90.300
4.400	90.100
4.410	90.100
4.420	90.000
4.430	90.200
4.440	89.800
4.450	89.400
4.460	89.600
4.470	89.500
4.480	89.400
4.490	89.300
4.500	89.300
4.510	89.200
4.520	89.200
4.530	89.100
4.540	89.200
4.550	89.200
4.560	89.200
4.570	88.800
4.580	88.900
4.590	88.700
4.600	88.700
4.610	88.700
4.620	88.700
4.630	88.600
4.640	88.500
4.650	88.400
4.660	88.400
4.670	88.200
4.680	88.100
4.690	88.000
4.700	87.800
4.710	87.900
4.720	87.900
4.730	87.800
4.740	87.600
4.750	87.500
4.760	87.500
4.770	87.400
4.780	87.300
4.790	87.500
4.800	87.500
4.810	86.900
4.820	86.900
4.830	86.800
4.840	86.700
4.850	86.600
4.860	86.200
4.870	86.300
4.880	86.300
4.890	86.300
4.900	86.200
4.910	86.100
4.920	85.900
4.930	85.700
4.940	85.700
4.950	85.800
4.960	85.600
4.970	85.400
4.980	85.300
4.990	85.200
5.000	85.200
5.010	85.000
5.020	84.900
5.030	84.900
5.040	85.000
5.050	84.900
5.060	84.900
5.070	84.800
5.080	84.800
5.090	84.800
5.100	84.600
5.110	84.400
5.120	84.200
5.130	84.400
5.140	84.500
5.150	84.400
5.160	84.300
5.170	84.200
5.180	84.300
5.190	83.900
5.200	84.000
5.210	83.900
5.220	83.700
5.230	83.600
5.240	83.400
5.250	83.500
5.260	83.500
5.270	83.400
5.280	83.300
5.290	83.100
5.300	83.000
5.310	83.200
5.320	83.200
5.330	83.000
5.340	82.700
5.350	83.100
5.360	82.900
5.370	82.600
5.380	82.300
5.390	82.900
5.400	82.200
5.410	82.200
5.420	81.900
5.430	81.800
5.440	81.900
5.450	81.800
5.460	81.700
5.470	81.500
5.480	81.500
5.490	81.400
5.500	81.200
5.510	81.200
5.520	81.300
5.530	81.100
5.540	81.000
5.550	80.800
5.560	80.800
5.570	80.700
5.580	80.600
5.590	80.500
5.600	80.500
5.610	80.500
5.620	80.400
5.630	80.400
5.640	80.300
5.650	80.200
5.660	80.100
5.670	80.300
5.680	80.100
5.690	80.000
5.700	79.800
5.710	79.700
5.720	79.900
5.730	79.900
5.740	79.800
5.750	79.600
5.760	79.600
5.770	79.600
5.780	79.400
5.790	79.300
5.800	79.300
5.810	79.000
5.820	78.900
5.830	78.800
5.840	78.900
5.850	78.900
5.860	78.700
5.870	78.700
5.880	78.500
5.890	78.400
5.900	78.400
5.910	78.700
5.920	78.400
5.930	78.400
5.940	78.300
5.950	78.300
5.960	78.100
5.970	77.900
5.980	77.800
5.990	77.800
6.000	77.700
6.010	77.500
6.020	77.200
6.030	77.300
6.040	77.200
6.050	77.200
6.060	77.100
6.070	77.000
6.080	76.700
6.090	76.800
6.100	76.700
6.110	76.500
6.120	76.600
6.130	76.600
6.140	76.400
6.150	76.200
6.160	76.100
6.170	76.200
6.180	76.000
6.190	75.900
6.200	75.800
6.210	75.800
6.220	75.800
6.230	75.700
6.240	75.700
6.250	75.700
6.260	75.600
6.270	75.400
6.280	75.500
6.290	75.400
6.300	75.200
6.310	75.100
6.320	75.000
6.330	75.100
6.340	75.200
6.350	75.100
6.360	74.900
6.370	74.900
6.380	74.800
6.390	74.700
6.400	74.600
6.410	74.600
6.420	74.500
6.430	74.300
6.440	74.200
6.450	74.000
6.460	74.100
6.470	74.100
6.480	74.000
6.490	73.900
6.500	73.700
6.510	73.700
6.520	73.600
6.530	73.700
6.540	73.700
6.550	73.600
6.560	73.500
6.570	73.400
6.580	73.500
6.590	73.400
6.600	73.100
6.610	73.000
6.620	72.900
6.630	72.900
6.640	72.700
6.650	72.600
6.660	72.300
6.670	72.500
6.680	72.400
6.690	72.400
6.700	72.200
6.710	72.100
6.720	71.900
6.730	71.800
6.740	72.000
6.750	71.700
6.760	71.600
6.770	71.800
6.780	71.700
6.790	71.500
6.800	71.300
6.810	71.300
6.820	71.200
6.830	71.100
6.840	71.100
6.850	70.900
6.860	70.900
6.870	70.800
6.880	70.800
6.890	70.700
6.900	70.700
6.910	70.700
6.920	70.500
6.930	70.500
6.940	70.400
6.950	70.400
6.960	70.400
6.970	70.000
6.980	70.200
6.990	70.100
7.000	70.100
7.010	70.000
7.020	70.000
7.030	69.900
7.040	69.800
7.050	69.700
7.060	69.700
7.070	69.600
7.080	69.600
7.090	69.500
7.100	69.300
7.110	69.100
7.120	69.100
7.130	69.100
7.140	69.100
7.150	68.900
7.160	68.900
7.170	68.700
7.180	68.600
7.190	68.600
7.200	68.600
7.210	68.600
7.220	68.700
7.230	68.500
7.240	68.400
7.250	68.400
7.260	68.500
7.270	68.400
7.280	68.100
7.290	68.000
7.300	67.900
7.310	67.800
7.320	67.700
7.330	67.600
7.340	67.500
7.350	67.300
7.360	67.400
7.370	67.300
7.380	67.200
7.390	67.000
7.400	66.900
7.410	66.900
7.420	66.600
7.430	66.700
7.440	66.800
7.450	66.500
7.460	66.500
7.470	66.600
7.480	66.600
7.490	66.300
7.500	66.200
7.510	66.100
7.520	66.100
7.530	66.000
7.540	65.900
7.550	65.800
7.560	65.700
7.570	65.700
7.580	65.600
7.590	65.700
7.600	65.600
7.610	65.600
7.620	65.400
7.630	65.300
7.640	65.200
7.650	65.200
7.660	65.200
7.670	65.100
7.680	65.000
7.690	64.800
7.700	64.800
7.710	64.800
7.720	64.800
7.730	64.700
7.740	64.800
7.750	64.600
7.760	64.500
7.770	64.500
7.780	64.400
7.790	64.300
7.800	64.200
7.810	64.200
7.820	64.100
7.830	63.900
7.840	63.800
7.850	63.800
7.860	63.800
7.870	63.600
7.880	63.500
7.890	63.500
7.900	63.400
7.910	63.300
7.920	63.300
7.930	63.200
7.940	63.200
7.950	63.200
7.960	63.200
7.970	63.100
7.980	63.000
7.990	63.000
8.000	63.100
8.010	62.900
8.020	62.700
8.030	62.600
8.040	62.500
8.050	62.400
8.060	62.400
8.070	62.200
8.080	62.200
8.090	61.900
8.100	61.900
8.110	61.900
8.120	61.900
8.130	61.700
8.140	61.500
8.150	61.500
8.160	61.400
8.170	61.400
8.180	61.300
8.190	61.200
8.200	61.300
8.210	61.000
8.220	61.000
8.230	61.100
8.240	61.000
8.250	60.900
8.260	60.700
8.270	60.700
8.280	60.600
8.290	60.500
8.300	60.400
8.310	60.300
8.320	60.300
8.330	60.100
8.340	60.100
8.350	60.200
8.360	60.100
8.370	60.100
8.380	60.000
8.390	59.800
8.400	59.300
8.410	60.100
8.420	59.700
8.430	59.600
8.440	59.500
8.450	59.500
8.460	59.400
8.470	59.300
8.480	59.200
8.490	59.200
8.500	59.200
8.510	59.100
8.520	59.100
8.530	59.000
8.540	58.900
8.550	58.800
8.560	58.800
8.570	58.700
8.580	58.600
8.590	58.500
8.600	58.400
8.610	58.600
8.620	58.300
8.630	58.300
8.640	58.200
8.650	58.100
8.660	58.000
8.670	57.900
8.680	57.800
8.690	57.700
8.700	57.700
8.710	57.600
8.720	57.600
8.730	57.600
8.740	57.500
8.750	57.400
8.760	57.600
8.770	57.400
8.780	57.300
8.790	57.200
8.800	57.300
8.810	57.200
8.820	57.200
8.830	57.000
8.840	57.000
8.850	56.800
8.860	56.700
8.870	56.700
8.880	56.500
8.890	56.400
8.900	56.400
8.910	56.200
8.920	56.100
8.930	56.100
8.940	56.000
8.950	55.900
8.960	55.900
8.970	55.700
8.980	55.600
8.990	55.600
9.000	55.500
9.010	55.500
9.020	55.500
9.030	55.400
9.040	55.300
9.050	55.200
9.060	55.200
9.070	55.100
9.080	55.100
9.090	55.000
9.100	54.900
9.110	54.800
9.120	54.700
9.130	54.600
9.140	54.600
9.150	54.500
9.160	54.400
9.170	54.400
9.180	54.300
9.190	54.300
9.200	54.400
9.210	54.100
9.220	54.000
9.230	54.000
9.240	53.800
9.250	53.700
9.260	53.700
9.270	53.600
9.280	53.600
9.290	53.600
9.300	53.500
9.310	53.400
9.320	53.300
9.330	53.200
9.340	53.100
9.350	53.000
9.360	53.100
9.370	53.100
9.380	53.000
9.390	53.000
9.400	52.800
9.410	52.800
9.420	52.600
9.430	52.600
9.440	52.600
9.450	52.500
9.460	52.400
9.470	52.400
9.480	52.300
9.490	52.100
9.500	52.100
9.510	52.000
9.520	51.900
9.530	51.800
9.540	51.800
9.550	51.800
9.560	51.700
9.570	51.500
9.580	51.500
9.590	51.500
9.600	51.400
9.610	51.400
9.620	51.300
9.630	51.200
9.640	51.200
9.650	51.200
9.660	51.200
9.670	51.100
9.680	51.000
9.690	51.000
9.700	51.000
9.710	51.000
9.720	50.900
9.730	50.700
9.740	50.600
9.750	50.500
9.760	50.500
9.770	50.400
9.780	50.300
9.790	50.200
9.800	50.100
9.810	50.100
9.820	49.900
9.830	49.900
9.840	49.800
9.850	49.700
9.860	49.700
9.870	49.600
9.880	49.500
9.890	49.400
9.900	49.300
9.910	49.300
9.920	49.200
9.930	49.200
9.940	49.100
9.950	49.000
9.960	48.900
9.970	48.900
9.980	48.700
9.990	48.800
10.000	48.800
10.010	48.800
10.020	48.600
10.030	48.400
10.040	48.400
10.050	48.400
10.060	48.200
10.070	48.200
10.080	48.100
10.090	48.000
10.100	48.000
10.110	47.900
10.120	47.900
10.130	47.800
10.140	47.800
10.150	47.800
10.160	47.700
10.170	47.600
10.180	47.400
10.190	47.300
10.200	47.400
10.210	47.300
10.220	47.200
10.230	47.100
10.240	47.100
10.250	47.000
10.260	47.000
10.270	47.000
10.280	46.900
10.290	46.700
10.300	46.700
10.310	46.600
10.320	46.500
10.330	46.400
10.340	46.400
10.350	46.500
10.360	46.500
10.370	46.400
10.380	46.300
10.390	46.200
10.400	46.000
10.410	46.100
10.420	46.000
10.430	45.900
10.440	45.800
10.450	45.700
10.460	45.700
10.470	45.700
10.480	45.600
10.490	45.500
10.500	45.400
10.510	45.400
10.520	45.300
10.530	45.100
10.540	45.100
10.550	45.000
10.560	44.900
10.570	44.800
10.580	44.800
10.590	44.800
10.600	44.700
10.610	44.600
10.620	44.600
10.630	44.600
10.640	44.500
10.650	44.400
10.660	44.400
10.670	44.400
10.680	44.400
10.690	44.400
10.700	44.300
10.710	44.100
10.720	44.100
10.730	44.100
10.740	44.000
10.750	44.000
10.760	43.900
10.770	43.800
10.780	44.100
10.790	43.600
10.800	43.600
10.810	43.500
10.820	43.400
10.830	43.400
10.840	43.300
10.850	43.300
10.860	43.200
10.870	43.100
10.880	43.000
10.890	42.800
10.900	42.700
10.910	42.700
10.920	42.700
10.930	42.600
10.940	42.600
10.950	42.500
10.960	42.400
10.970	42.400
10.980	42.300
10.990	42.200
11.000	42.100
11.010	42.000
11.020	41.900
11.030	41.900
11.040	41.800
11.050	41.700
11.060	41.700
11.070	41.800
11.080	41.600
11.090	41.500
11.100	41.500
11.110	41.400
11.120	41.300
11.130	41.300
11.140	41.200
11.150	41.100
11.160	41.000
11.170	41.000
11.180	40.900
11.190	40.800
11.200	40.800
11.210	40.800
11.220	40.700
11.230	40.700
11.240	40.600
11.250	40.500
11.260	40.500
11.270	40.400
11.280	40.200
11.290	40.200
11.300	40.100
11.310	40.000
11.320	40.000
11.330	40.000
11.340	39.900
11.350	39.800
11.360	39.700
11.370	39.700
11.380	39.600
11.390	39.600
11.400	39.500
11.410	39.400
11.420	39.300
11.430	39.200
11.440	39.200
11.450	39.100
11.460	39.000
11.470	38.900
11.480	39.000
11.490	39.000
11.500	38.900
11.510	38.900
11.520	38.800
11.530	38.700
11.540	38.600
11.550	38.600
11.560	38.500
11.570	38.400
11.580	38.400
11.590	38.300
11.600	38.200
11.610	38.100
11.620	38.100
11.630	38.000
11.640	38.000
11.650	37.900
11.660	37.900
11.670	37.800
11.680	37.700
11.690	37.600
11.700	37.500
11.710	37.400
11.720	37.300
11.730	37.300
11.740	37.200
11.750	37.100
11.760	37.100
11.770	37.000
11.780	37.000
11.790	37.000
11.800	36.900
11.810	36.900
11.820	36.800
11.830	36.700
11.840	36.700
11.850	36.600
11.860	36.500
11.870	36.500
11.880	36.500
11.890	36.400
11.900	36.500
11.910	36.400
11.920	36.300
11.930	36.300
11.940	36.200
11.950	36.100
11.960	36.100
11.970	36.100
11.980	36.000
11.990	36.000
12.000	35.900
12.010	35.800
12.020	35.700
12.030	35.700
12.040	35.600
12.050	35.500
12.060	35.500
12.070	35.400
12.080	35.300
12.090	35.300
12.100	35.200
12.110	35.200
12.120	35.100
12.130	35.000
12.140	34.900
12.150	34.800
12.160	34.700
12.170	34.600
12.180	34.600
12.190	34.500
12.200	34.500
12.210	34.400
12.220	34.400
12.230	34.300
12.240	34.300
12.250	34.200
12.260	34.100
12.270	34.100
12.280	34.000
12.290	33.900
12.300	33.800
12.310	33.800
12.320	33.700
12.330	33.700
12.340	33.600
12.350	33.500
12.360	33.500
12.370	33.400
12.380	33.400
12.390	33.400
12.400	33.300
12.410	33.300
12.420	33.200
12.430	33.100
12.440	33.000
12.450	32.900
12.460	32.900
12.470	32.800
12.480	32.800
12.490	32.700
12.500	32.600
12.510	32.600
12.520	32.500
12.530	32.400
12.540	32.400
12.550	32.300
12.560	32.300
12.570	32.200
12.580	32.200
12.590	32.100
12.600	32.100
12.610	32.000
12.620	32.000
12.630	31.800
12.640	31.800
12.650	31.700
12.660	31.700
12.670	31.600
12.680	31.500
12.690	31.400
12.700	31.300
12.710	31.300
12.720	31.300
12.730	31.300
12.740	31.200
12.750	31.100
12.760	31.000
12.770	30.900
12.780	30.900
12.790	30.800
12.800	30.800
12.810	30.700
12.820	30.600
12.830	30.500
12.840	30.500
12.850	30.400
12.860	30.300
12.870	30.300
12.880	30.100
12.890	30.000
12.900	30.000
12.910	30.100
12.920	30.100
12.930	30.100
12.940	29.900
12.950	29.800
12.960	29.800
12.970	29.800
12.980	29.700
12.990	29.600
13.000	29.500
13.010	29.500
13.020	29.400
13.030	29.300
13.040	29.300
13.050	29.200
13.060	29.100
13.070	29.100
13.080	29.000
13.090	28.900
13.100	28.900
13.110	28.800
13.120	28.700
13.130	28.700
13.140	28.600
13.150	28.600
13.160	28.500
13.170	28.400
13.180	28.300
13.190	28.200
13.200	28.100
13.210	28.100
13.220	28.000
13.230	28.000
13.240	27.900
13.250	27.800
13.260	27.800
13.270	27.700
13.280	27.700
13.290	27.600
13.300	27.600
13.310	27.500
13.320	27.500
13.330	27.400
13.340	27.300
13.350	27.200
13.360	27.300
13.370	27.300
13.380	27.200
13.390	27.100
13.400	27.100
13.410	27.000
13.420	26.900
13.430	26.800
13.440	26.800
13.450	26.800
13.460	26.800
13.470	26.700
13.480	26.700
13.490	26.600
13.500	26.600
13.510	26.500
13.520	26.500
13.530	26.400
13.540	26.300
13.550	26.300
13.560	26.200
13.570	26.200
13.580	26.200
13.590	26.100
13.600	26.000
13.610	26.000
13.620	25.900
13.630	25.800
13.640	25.800
13.650	25.700
13.660	25.600
13.670	25.600
13.680	25.600
13.690	25.500
13.700	25.400
13.710	25.400
13.720	25.300
13.730	25.300
13.740	25.200
13.750	25.200
13.760	25.100
13.770	25.000
13.780	25.000
13.790	24.900
13.800	24.900
13.810	24.800
13.820	24.700
13.830	24.700
13.840	24.600
13.850	24.500
13.860	24.400
13.870	24.400
13.880	24.300
13.890	24.300
13.900	24.200
13.910	24.200
13.920	24.100
13.930	24.100
13.940	24.000
13.950	23.900
13.960	23.900
13.970	23.800
13.980	23.800
13.990	23.700
14.000	23.600
14.010	23.500
14.020	23.500
14.030	23.400
14.040	23.300
14.050	23.300
14.060	23.200
14.070	23.100
14.080	23.100
14.090	23.000
14.100	23.000
14.110	22.900
14.120	22.800
14.130	22.800
14.140	22.700
14.150	22.600
14.160	22.600
14.170	22.600
14.180	22.500
14.190	22.500
14.200	22.400
14.210	22.300
14.220	22.300
14.230	22.200
14.240	22.100
14.250	22.100
14.260	22.000
14.270	22.000
14.280	21.900
14.290	21.900
14.300	21.800
14.310	21.800
14.320	21.700
14.330	21.600
14.340	21.600
14.350	21.500
14.360	21.500
14.370	21.400
14.380	21.400
14.390	21.300
14.400	21.200
14.410	21.200
14.420	21.100
14.430	21.100
14.440	21.000
14.450	21.000
14.460	20.900
14.470	20.900
14.480	20.800
14.490	20.800
14.500	20.700
14.510	20.600
14.520	20.600
14.530	20.500
14.540	20.500
14.550	20.400
14.560	20.400
14.570	20.300
14.580	20.200
14.590	20.100
14.600	20.100
14.610	20.000
14.620	20.000
14.630	19.900
14.640	19.800
14.650	19.800
14.660	19.700
14.670	19.700
14.680	19.600
14.690	19.500
14.700	19.500
14.710	19.400
14.720	19.400
14.730	19.300
14.740	19.200
14.750	19.100
14.760	19.100
14.770	19.100
14.780	19.000
14.790	18.900
14.800	18.800
14.810	18.800
14.820	18.700
14.830	18.600
14.840	18.500
14.850	18.500
14.860	18.400
14.870	18.300
14.880	18.200
14.890	18.100
14.900	18.100
14.910	18.100
14.920	18.000
14.930	17.900
14.940	17.900
14.950	17.800
14.960	17.700
14.970	17.700
14.980	17.600
14.990	17.600
15.000	17.500
15.010	17.500
15.020	17.400
15.030	17.400
15.040	17.300
15.050	17.300
15.060	17.200
15.070	17.100
15.080	17.100
15.090	17.000
15.100	17.000
15.110	16.900
15.120	16.800
15.130	16.800
15.140	16.700
15.150	16.700
15.160	16.600
15.170	16.500
15.180	16.500
15.190	16.400
15.200	16.400
15.210	16.300
15.220	16.200
15.230	16.200
15.240	16.100
15.250	16.000
15.260	15.900
15.270	15.900
15.280	15.800
15.290	15.800
15.300	15.700
15.310	15.700
15.320	15.600
15.330	15.500
15.340	15.400
15.350	15.400
15.360	15.300
15.370	15.300
15.380	15.200
15.390	15.100
15.400	15.100
15.410	15.000
15.420	15.000
15.430	14.900
15.440	14.800
15.450	14.700
15.460	14.700
15.470	14.600
15.480	14.600
15.490	14.500
15.500	14.400
15.510	14.400
15.520	14.300
15.530	14.200
15.540	14.200
15.550	14.100
15.560	14.000
15.570	14.000
15.580	13.900
15.590	13.900
15.600	13.800
15.610	13.800
15.620	13.700
15.630	13.600
15.640	13.600
15.650	13.500
15.660	13.500
15.670	13.400
15.680	13.400
15.690	13.300
15.700	13.300
15.710	13.200
15.720	13.200
15.730	13.100
15.740	13.000
15.750	13.000
15.760	12.900
15.770	12.900
15.780	12.800
15.790	12.800
15.800	12.700
15.810	12.700
15.820	12.600
15.830	12.600
15.840	12.500
15.850	12.500
15.860	12.500
15.870	12.400
15.880	12.300
15.890	12.300
15.900	12.200
15.910	12.100
15.920	12.100
15.930	12.100
15.940	12.000
15.950	12.000
15.960	11.900
15.970	11.800
15.980	11.800
15.990	11.700
16.000	11.700
16.010	11.600
16.020	11.600
16.030	11.500
16.040	11.500
16.050	11.400
16.060	11.400
16.070	11.300
16.080	11.300
16.090	11.200
16.100	11.200
16.110	11.100
16.120	11.100
16.130	11.000
16.140	11.000
16.150	10.900
16.160	10.900
16.170	10.800
16.180	10.800
16.190	10.700
16.200	10.700
16.210	10.600
16.220	10.600
16.230	10.500
16.240	10.500
16.250	10.400
16.260	10.400
16.270	10.300
16.280	10.300
16.290	10.100
16.300	10.100
16.310	10.000
16.320	10.000
16.330	9.900
16.340	9.900
16.350	9.800
16.360	9.800
16.370	9.700
16.380	9.700
16.390	9.700
16.400	9.600
16.410	9.600
16.420	9.500
16.430	9.500
16.440	9.400
16.450	9.400
16.460	9.300
16.470	9.200
16.480	9.200
16.490	9.100
16.500	9.100
16.510	9.000
16.520	8.900
16.530	8.900
16.540	8.900
16.550	8.800
16.560	8.700
16.570	8.700
16.580	8.600
16.590	8.600
16.600	8.500
16.610	8.500
16.620	8.400
16.630	8.400
16.640	8.300
16.650	8.200
16.660	8.200
16.670	8.200
16.680	8.100
16.690	8.000
16.700	8.000
16.710	7.900
16.720	7.900
16.730	7.800
16.740	7.800
16.750	7.700
16.760	7.600
16.770	7.600
16.780	7.600
16.790	7.500
16.800	7.400
16.810	7.400
16.820	7.300
16.830	7.300
16.840	7.300
16.850	7.200
16.860	7.100
16.870	7.000
16.880	7.000
16.890	7.000
16.900	6.900
16.910	6.900
16.920	6.800
16.930	6.800
16.940	6.800
16.950	6.700
16.960	6.600
16.970	6.600
16.980	6.500
16.990	6.400
17.000	6.400
17.010	6.400
17.020	6.300
17.030	6.300
17.040	6.200
17.050	6.200
17.060	6.100
17.070	6.000
17.080	6.000
17.090	5.900
17.100	5.900
17.110	5.800
17.120	5.800
17.130	5.700
17.140	5.600
17.150	5.600
17.160	5.600
17.170	5.600
17.180	5.500
17.190	5.500
17.200	5.400
17.210	5.400
17.220	5.300
17.230	5.300
17.240	5.200
17.250	5.200
17.260	5.000
17.270	5.000
17.280	4.900
17.290	4.900
17.300	4.800
17.310	4.800
17.320	4.700
17.330	4.700
17.340	4.600
17.350	4.600
17.360	4.600
17.370	4.500
17.380	4.500
17.390	4.300
17.400	4.300
17.410	4.300
17.420	4.200
17.430	4.200
17.440	4.000
17.450	4.000
17.460	4.000
17.470	3.900
17.480	3.900
17.490	3.900
17.500	3.700
17.510	3.700
17.520	3.700
17.530	3.600
17.540	3.600
17.550	3.600
17.560	3.400
17.570	3.400
17.580	3.400
17.590	3.400
17.600	3.200
17.610	3.200
17.620	3.200
17.630	3.000
17.640	3.000
17.650	3.000
17.660	3.000
17.670	3.000
17.680	2.800
17.690	2.800
17.700	2.800
17.710	2.800
17.720	2.500
17.730	2.500
17.740	2.500
17.750	2.500
17.760	2.500
17.770	2.500
17.780	2.300
17.790	2.300
17.800	2.300
17.810	2.300
17.820	2.300
17.830	2.300
17.840	2.300
17.850	2.300
17.860	1.900
17.870	1.900
17.880	1.900
17.890	1.900
17.900	1.900
17.910	1.900
17.920	1.900
17.930	1.900
17.940	1.900
17.950	1.900
17.960	1.900
17.970	1.900
17.980	1.900
17.990	1.900
18.000	1.900
18.010	1.900
18.020	0.000
18.030	0.000
18.040	0.000
18.050	0.000
18.060	0.000
18.070	0.000
18.080	0.000
18.090	0.000
18.100	0.000
18.110	0.000
18.120	0.000
18.130	0.000
18.140	0.000
18.150	0.000
18.160	0.000
18.170	0.000
18.180	0.000
18.190	0.000
18.200	0.000
18.210	0.000
18.220	0.000
18.230	0.000
18.240	0.000
18.250	0.000
18.260	0.000
18.270	0.000
18.280	0.000
18.290	0.000
18.300	0.000
18.310	0.000
18.320	0.000
18.330	0.000
18.340	0.000
18.350	0.000
18.360	0.000
18.370	0.000
18.380	0.000
18.390	0.000
18.400	0.000
18.410	0.000
18.420	0.000
18.430	0.000
18.440	0.000
18.450	0.000
18.460	0.000
18.470	0.000
18.480	0.000
18.490	0.000
18.500	0.000
18.510	0.000
18.520	0.000
18.530	0.000
18.540	0.000
18.550	0.000
18.560	0.000
18.570	0.000
18.580	0.000
18.590	0.000
18.600	0.000
18.610	0.000
18.620	0.000
18.630	0.000
18.640	0.000
18.650	0.000
18.660	0.000
18.670	0.000
18.680	0.000
18.690	0.000
18.700	0.000
18.710	0.000
18.720	0.000
18.730	0.000
18.740	0.000
18.750	0.000
18.760	0.000
18.770	0.000
18.780	0.000
18.790	0.000
18.800	0.000
18.810	0.000
18.820	0.000
18.830	0.000
18.840	0.000
18.850	0.000
18.860	0.000
18.870	0.000
18.880	0.000
18.890	0.000
18.900	0.000
18.910	0.000
18.920	0.000
18.930	0.000
18.940	0.000
18.950	0.000
18.960	0.000
18.970	0.000
18.980	0.000
18.990	0.000
19.000	0.000
19.010	0.000
19.020	0.000
19.030	0.000
19.040	0.000
19.050	0.000
19.060	0.000
19.070	0.000
19.080	0.000
19.090	0.000
19.100	0.000
19.110	0.000
19.120	0.000
19.130	0.000
19.140	0.000
19.150	0.000
19.160	0.000
19.170	0.000
19.180	0.000
19.190	0.000
19.200	0.000
19.210	0.000
19.220	0.000
19.230	0.000
19.240	0.000
19.250	0.000
19.260	0.000
19.270	0.000
19.280	0.000
19.290	0.000
19.300	0.000
19.310	0.000
19.320	0.000
19.330	0.000
19.340	0.000
19.350	0.000
19.360	0.000
19.370	0.000
19.380	0.000
19.390	0.000
19.400	0.000
19.410	0.000
19.420	0.000
19.430	0.000
19.440	0.000
19.450	0.000
19.460	0.000
19.470	0.000
19.480	0.000
19.490	0.000
19.500	0.000
19.510	0.000
19.520	0.000
19.530	0.000
19.540	0.000
19.550	0.000
19.560	0.000
19.570	0.000
19.580	0.000
19.590	0.000
19.600	0.000
19.610	0.000
19.620	0.000
19.630	0.000
19.640	0.000
19.650	0.000
19.660	0.000
19.670	0.000
19.680	0.000
19.690	0.000
19.700	0.000
19.710	0.000
19.720	0.000
19.730	0.000
19.740	0.000
19.750	0.000
19.760	0.000
19.770	0.000
19.780	0.000
19.790	0.000
19.800	0.000
19.810	0.000
19.820	0.000
19.830	0.000
19.840	0.000
19.850	0.000
19.860	0.000
19.870	0.000
19.880	0.000
19.890	0.000
19.900	0.000
19.910	0.000
19.920	0.000
19.930	0.000
19.940	0.000
19.950	0.000
19.960	0.000
19.970	0.000
19.980	0.000
19.990	0.000
20.000	0.000
20.010	0.000
20.020	0.000
20.030	0.000
20.040	0.000
20.050	0.000
20.060	0.000
20.070	0.000
20.080	0.000
20.090	0.000
20.100	0.000
20.110	0.000
20.120	0.000
20.130	0.000
20.140	0.000
20.150	0.000
20.160	0.000
20.170	0.000
20.180	0.000
20.190	0.000
20.200	0.000
20.210	0.000
20.220	0.000
20.230	0.000
20.240	0.000
20.250	0.000
20.260	0.000
20.270	0.000
20.280	0.000
20.290	0.000
20.300	0.000
20.310	0.000
20.320	0.000
20.330	0.000
20.340	0.000
20.350	0.000
20.360	0.000
20.370	0.000
20.380	0.000
20.390	0.000
20.400	0.000
20.410	0.000
20.420	0.000
20.430	0.000
20.440	0.000
20.450	0.000
20.460	0.000
20.470	0.000
20.480	0.000
20.490	0.000
20.500	0.000
20.510	0.000
20.520	0.000
20.530	0.000
20.540	0.000
20.550	0.000
20.560	0.000
20.570	0.000
20.580	0.000
20.590	0.000
20.600	0.000
20.610	0.000
20.620	0.000
20.630	0.000
20.640	0.000
20.650	0.000
20.660	0.000
20.670	0.000
20.680	0.000
20.690	0.000
20.700	0.000
20.710	0.000
20.720	0.000
20.730	0.000
20.740	0.000
20.750	0.000
20.760	0.000
20.770	0.000
20.780	0.000
20.790	0.000
20.800	0.000
20.810	0.000
20.820	0.000
20.830	0.000
20.840	0.000
20.850	0.000
20.860	0.000
20.870	0.000
