%Time(s)	Speed(rpm)		
	%4/1/20153:53 PM
0.010	101.400
0.020	101.100
0.030	101.200
0.040	101.000
0.050	100.900
0.060	100.700
0.070	100.700
0.080	100.500
0.090	100.700
0.100	100.300
0.110	100.300
0.120	100.400
0.130	100.000
0.140	100.100
0.150	100.000
0.160	99.800
0.170	99.700
0.180	99.700
0.190	99.700
0.200	99.800
0.210	99.800
0.220	99.800
0.230	99.900
0.240	100.100
0.250	99.900
0.260	100.200
0.270	100.300
0.280	100.100
0.290	100.200
0.300	100.100
0.310	100.100
0.320	100.100
0.330	99.700
0.340	100.000
0.350	100.400
0.360	100.900
0.370	101.300
0.380	101.400
0.390	101.900
0.400	102.200
0.410	102.100
0.420	102.300
0.430	102.300
0.440	102.100
0.450	102.000
0.460	101.900
0.470	101.800
0.480	101.600
0.490	101.600
0.500	101.500
0.510	101.500
0.520	101.200
0.530	101.500
0.540	101.200
0.550	100.900
0.560	102.200
0.570	101.000
0.580	100.900
0.590	100.800
0.600	100.700
0.610	100.500
0.620	100.400
0.630	100.300
0.640	100.400
0.650	100.100
0.660	100.300
0.670	100.200
0.680	100.100
0.690	100.200
0.700	100.100
0.710	99.900
0.720	100.000
0.730	99.900
0.740	99.900
0.750	99.700
0.760	99.700
0.770	99.800
0.780	99.800
0.790	99.600
0.800	99.400
0.810	99.500
0.820	99.600
0.830	99.700
0.840	99.900
0.850	100.400
0.860	101.100
0.870	101.900
0.880	102.500
0.890	103.100
0.900	103.300
0.910	103.000
0.920	102.900
0.930	102.700
0.940	102.700
0.950	102.300
0.960	102.600
0.970	102.400
0.980	102.200
0.990	101.900
1.000	102.200
1.010	101.900
1.020	101.900
1.030	101.500
1.040	101.300
1.050	101.100
1.060	101.000
1.070	100.900
1.080	101.000
1.090	100.400
1.100	100.400
1.110	100.400
1.120	100.200
1.130	100.300
1.140	100.200
1.150	100.300
1.160	100.000
1.170	99.900
1.180	100.000
1.190	100.000
1.200	100.200
1.210	99.600
1.220	99.700
1.230	99.600
1.240	99.700
1.250	99.600
1.260	99.300
1.270	99.400
1.280	99.500
1.290	99.600
1.300	99.400
1.310	99.400
1.320	99.500
1.330	99.500
1.340	99.500
1.350	99.800
1.360	100.000
1.370	99.500
1.380	100.000
1.390	99.900
1.400	100.200
1.410	100.700
1.420	101.000
1.430	102.000
1.440	102.400
1.450	102.400
1.460	102.600
1.470	102.500
1.480	102.400
1.490	102.600
1.500	102.200
1.510	102.100
1.520	101.800
1.530	101.600
1.540	101.500
1.550	101.200
1.560	101.100
1.570	101.000
1.580	100.800
1.590	100.800
1.600	100.700
1.610	100.500
1.620	100.400
1.630	100.100
1.640	99.900
1.650	100.100
1.660	100.000
1.670	99.900
1.680	99.600
1.690	99.700
1.700	99.700
1.710	99.400
1.720	99.700
1.730	99.400
1.740	99.300
1.750	99.400
1.760	99.400
1.770	99.500
1.780	99.400
1.790	99.700
1.800	100.000
1.810	100.700
1.820	101.300
1.830	102.400
1.840	102.300
1.850	102.500
1.860	102.700
1.870	102.500
1.880	102.400
1.890	102.300
1.900	102.300
1.910	102.400
1.920	102.300
1.930	102.200
1.940	101.900
1.950	101.700
1.960	101.600
1.970	101.400
1.980	101.200
1.990	101.100
2.000	101.000
2.010	100.900
2.020	100.700
2.030	100.700
2.040	100.400
2.050	100.300
2.060	100.400
2.070	100.200
2.080	100.200
2.090	100.000
2.100	99.800
2.110	99.700
2.120	99.900
2.130	99.900
2.140	99.500
2.150	99.500
2.160	99.500
2.170	99.500
2.180	99.300
2.190	99.300
2.200	99.100
2.210	99.000
2.220	99.300
2.230	99.200
2.240	99.400
2.250	99.500
2.260	99.700
2.270	100.900
2.280	101.600
2.290	102.400
2.300	102.900
2.310	102.600
2.320	102.600
2.330	102.700
2.340	102.500
2.350	102.200
2.360	102.100
2.370	102.200
2.380	101.800
2.390	102.400
2.400	102.000
2.410	101.600
2.420	101.800
2.430	101.400
2.440	101.100
2.450	101.100
2.460	101.000
2.470	101.100
2.480	100.900
2.490	100.900
2.500	100.700
2.510	100.800
2.520	100.600
2.530	100.700
2.540	100.600
2.550	100.600
2.560	100.300
2.570	100.300
2.580	100.600
2.590	100.600
2.600	100.700
2.610	100.500
2.620	100.400
2.630	100.500
2.640	100.800
2.650	100.700
2.660	100.500
2.670	100.600
2.680	100.700
2.690	101.200
2.700	100.900
2.710	101.200
2.720	100.900
2.730	101.200
2.740	100.900
2.750	101.400
2.760	101.400
2.770	101.200
2.780	101.000
2.790	100.900
2.800	100.900
2.810	100.900
2.820	100.900
2.830	101.000
2.840	101.200
2.850	101.200
2.860	101.100
2.870	101.200
2.880	101.200
2.890	101.200
2.900	101.100
2.910	100.800
2.920	100.700
2.930	100.700
2.940	100.700
2.950	100.500
2.960	100.400
2.970	100.400
2.980	100.300
2.990	100.400
3.000	100.500
3.010	100.600
3.020	100.200
3.030	99.500
3.040	98.800
3.050	98.400
3.060	97.200
3.070	94.900
3.080	93.200
3.090	91.000
3.100	88.400
3.110	85.400
3.120	82.100
3.130	78.600
3.140	75.100
3.150	71.200
3.160	67.200
3.170	59.300
3.180	55.300
3.190	51.700
3.200	47.700
3.210	44.100
3.220	39.200
3.230	36.200
3.240	32.700
3.250	28.800
3.260	26.200
3.270	23.100
3.280	19.600
3.290	17.800
3.300	15.800
3.310	13.700
3.320	11.500
3.330	11.500
3.340	9.400
3.350	9.400
3.360	7.600
3.370	7.600
3.380	6.200
3.390	6.200
3.400	6.200
3.410	5.200
3.420	5.200
3.430	4.700
3.440	4.700
3.450	4.300
3.460	4.300
3.470	4.300
3.480	4.200
3.490	4.200
3.500	4.000
3.510	4.000
3.520	4.000
3.530	3.900
3.540	3.900
3.550	3.900
3.560	3.700
3.570	3.700
3.580	3.700
3.590	3.600
3.600	3.600
3.610	3.600
3.620	3.400
3.630	3.400
3.640	3.400
3.650	3.300
3.660	3.300
3.670	3.300
3.680	3.300
3.690	3.100
3.700	3.100
3.710	3.100
3.720	3.100
3.730	2.900
3.740	2.900
3.750	2.900
3.760	2.900
3.770	2.700
3.780	2.700
3.790	2.700
3.800	2.700
3.810	2.700
3.820	2.500
3.830	2.500
3.840	2.500
3.850	2.500
3.860	2.500
3.870	2.500
3.880	2.200
3.890	2.200
3.900	2.200
3.910	2.200
3.920	2.200
3.930	2.200
3.940	2.200
3.950	2.200
3.960	1.900
3.970	1.900
3.980	1.900
3.990	1.900
4.000	1.900
4.010	1.900
4.020	1.900
4.030	1.900
4.040	1.900
4.050	1.900
4.060	1.900
4.070	1.900
4.080	1.900
4.090	1.900
4.100	1.900
4.110	1.900
4.120	0.000
4.130	0.000
4.140	0.000
4.150	0.000
4.160	0.000
4.170	0.000
4.180	0.000
4.190	0.000
4.200	0.000
4.210	0.000
4.220	0.000
4.230	0.000
4.240	0.000
4.250	0.000
4.260	0.000
4.270	0.000
4.280	0.000
4.290	0.000
4.300	0.000
4.310	0.000
4.320	0.000
4.330	0.000
4.340	0.000
4.350	0.000
4.360	0.000
4.370	0.000
4.380	0.000
4.390	0.000
4.400	0.000
4.410	0.000
4.420	0.000
4.430	0.000
4.440	0.000
4.450	0.000
4.460	0.000
4.470	0.000
4.480	0.000
4.490	0.000
4.500	0.000
4.510	0.000
4.520	0.000
4.530	0.000
4.540	0.000
4.550	0.000
4.560	0.000
4.570	0.000
4.580	0.000
4.590	0.000
4.600	0.000
4.610	0.000
4.620	0.000
4.630	0.000
4.640	0.000
4.650	0.000
4.660	0.000
4.670	0.000
4.680	0.000
4.690	0.000
4.700	0.000
4.710	0.000
4.720	0.000
4.730	0.000
4.740	0.000
4.750	0.000
4.760	0.000
4.770	0.000
4.780	0.000
4.790	0.000
4.800	0.000
4.810	0.000
4.820	0.000
4.830	0.000
4.840	0.000
4.850	0.000
4.860	0.000
4.870	0.000
4.880	0.000
4.890	0.000
4.900	0.000
4.910	0.000
4.920	0.000
4.930	0.000
4.940	0.000
4.950	0.000
4.960	0.000
4.970	0.000
4.980	0.000
4.990	0.000
5.000	0.000
5.010	0.000
5.020	0.000
5.030	0.000
5.040	0.000
5.050	0.000
5.060	0.000
5.070	0.000
5.080	0.000
5.090	0.000
5.100	0.000
5.110	0.000
5.120	0.000
5.130	0.000
5.140	0.000
5.150	0.000
5.160	0.000
5.170	0.000
5.180	0.000
5.190	0.000
5.200	0.000
5.210	0.000
5.220	0.000
5.230	0.000
5.240	0.000
5.250	0.000
5.260	0.000
5.270	0.000
5.280	0.000
5.290	0.000
5.300	0.000
5.310	0.000
5.320	0.000
5.330	0.000
5.340	0.000
5.350	0.000
5.360	0.000
5.370	0.000
5.380	0.000
5.390	0.000
5.400	0.000
5.410	0.000
5.420	0.000
5.430	0.000
5.440	0.000
5.450	0.000
5.460	0.000
5.470	0.000
5.480	0.000
5.490	0.000
5.500	0.000
5.510	0.000
5.520	0.000
5.530	0.000
5.540	0.000
5.550	0.000
5.560	0.000
5.570	0.000
5.580	0.000
5.590	0.000
5.600	0.000
5.610	0.000
5.620	0.000
5.630	0.000
5.640	0.000
5.650	0.000
5.660	0.000
5.670	0.000
5.680	0.000
5.690	0.000
5.700	0.000
5.710	0.000
5.720	0.000
5.730	0.000
5.740	0.000
5.750	0.000
5.760	0.000
5.770	0.000
5.780	0.000
5.790	0.000
5.800	0.000
5.810	0.000
5.820	0.000
5.830	0.000
5.840	0.000
5.850	0.000
5.860	0.000
5.870	0.000
5.880	0.000
5.890	0.000
5.900	0.000
5.910	0.000
5.920	0.000
5.930	0.000
5.940	0.000
5.950	0.000
5.960	0.000
5.970	0.000
5.980	0.000
5.990	0.000
6.000	0.000
6.010	0.000
6.020	0.000
6.030	0.000
6.040	0.000
6.050	0.000
6.060	0.000
6.070	0.000
6.080	0.000
6.090	0.000
6.100	0.000
6.110	0.000
6.120	0.000
6.130	0.000
6.140	0.000
6.150	0.000
6.160	0.000
6.170	0.000
6.180	0.000
6.190	0.000
6.200	0.000
6.210	0.000
6.220	0.000
6.230	0.000
6.240	0.000
6.250	0.000
6.260	0.000
6.270	0.000
6.280	0.000
6.290	0.000
6.300	0.000
6.310	0.000
6.320	0.000
6.330	0.000
6.340	0.000
6.350	0.000
6.360	0.000
6.370	0.000
6.380	0.000
6.390	0.000
6.400	0.000
6.410	0.000
6.420	0.000
6.430	0.000
6.440	0.000
6.450	0.000
6.460	0.000
6.470	0.000
6.480	0.000
6.490	0.000
6.500	0.000
6.510	0.000
6.520	0.000
6.530	0.000
6.540	0.000
6.550	0.000
6.560	0.000
6.570	0.000
6.580	0.000
6.590	0.000
6.600	0.000
6.610	0.000
6.620	0.000
6.630	0.000
6.640	0.000
6.650	0.000
6.660	0.000
6.670	0.000
6.680	0.000
6.690	0.000
6.700	0.000
6.710	0.000
6.720	0.000
6.730	0.000
6.740	0.000
6.750	0.000
6.760	0.000
6.770	0.000
6.780	0.000
6.790	0.000
6.800	0.000
6.810	0.000
6.820	0.000
6.830	0.000
6.840	0.000
6.850	0.000
6.860	0.000
6.870	0.000
6.880	0.000
6.890	0.000
6.900	0.000
6.910	0.000
6.920	0.000
6.930	0.000
6.940	0.000
6.950	0.000
6.960	0.000
6.970	0.000
6.980	0.000
6.990	0.000
7.000	0.000
7.010	0.000
7.020	0.000
7.030	0.000
7.040	0.000
7.050	0.000
7.060	0.000
7.070	0.000
7.080	0.000
7.090	0.000
7.100	0.000
7.110	0.000
7.120	0.000
7.130	0.000
7.140	0.000
7.150	0.000
7.160	0.000
7.170	0.000
7.180	0.000
7.190	0.000
7.200	0.000
7.210	0.000
7.220	0.000
7.230	0.000
7.240	0.000
7.250	0.000
7.260	0.000
7.270	0.000
7.280	0.000
