15 15
-34.504093 -29.535371 -27.895339 -35.658178 -32.825781 -33.219620 -26.372127 -28.578491 -33.624348 -27.547755 -32.845311 -40.390355 -33.243750 -36.798667 -34.908431 
-23.502810 -20.068269 -18.593924 -24.932756 -21.897216 -22.655615 -18.467501 -18.923696 -23.083753 -19.126937 -22.532320 -27.942351 -22.496272 -24.948779 -22.239175 
-34.717154 -28.892341 -27.953184 -36.704065 -32.690068 -33.537501 -26.616818 -27.402351 -34.060768 -27.759429 -33.613418 -40.560266 -33.299579 -37.104343 -34.524193 
-31.576795 -26.336653 -25.559612 -33.734688 -30.282236 -30.745507 -24.829290 -25.239112 -31.344842 -25.784676 -30.373223 -37.470336 -30.344087 -33.335663 -31.139539 
-34.248293 -29.385428 -28.146271 -37.264485 -33.198735 -33.661280 -26.743883 -27.946708 -34.636882 -28.108817 -33.508302 -40.910455 -33.552617 -36.769072 -34.010395 
-35.111963 -28.878820 -28.459827 -37.270527 -33.498027 -34.348085 -27.503035 -27.905464 -34.693455 -28.414522 -34.435107 -41.391650 -33.770876 -37.702226 -35.304308 
-32.342704 -26.535525 -25.892856 -33.394067 -30.076592 -30.685248 -24.896646 -25.992796 -30.945711 -26.599027 -29.884780 -37.216624 -30.086810 -33.259505 -31.695953 
-32.613332 -27.797624 -26.692909 -35.264221 -31.230675 -32.209680 -25.624752 -26.735812 -33.034571 -26.946430 -32.163901 -39.101866 -31.843252 -35.323391 -32.207995 
-43.583297 -36.095881 -35.362902 -45.768901 -41.392843 -41.749142 -33.263849 -35.404678 -42.965316 -35.364511 -41.715257 -51.194268 -41.864074 -46.468044 -44.176357 
-34.744851 -29.677576 -27.750512 -36.685562 -33.375980 -33.457500 -26.641882 -27.938647 -34.356387 -28.520377 -34.000162 -41.090486 -34.142152 -37.325316 -34.586849 
-28.728084 -24.390947 -23.306410 -31.234775 -27.787573 -28.288267 -21.835610 -22.924926 -29.157099 -23.271430 -28.921386 -34.760988 -28.063351 -32.181122 -28.732789 
-35.291398 -29.596859 -29.055944 -37.030176 -34.804442 -34.494920 -27.094646 -28.828837 -34.862454 -28.948579 -34.044413 -41.502400 -34.355246 -37.552443 -36.545568 
-31.151386 -25.772257 -25.181133 -32.277316 -29.309152 -29.905492 -23.867591 -25.438866 -30.237797 -24.990301 -29.346234 -35.997080 -29.430344 -32.555907 -31.213370 
-40.834860 -34.545884 -33.440233 -43.652386 -39.078548 -40.430292 -32.039935 -33.174181 -40.975688 -33.412416 -40.256921 -48.760696 -39.645773 -44.380473 -40.682696 
-28.335690 -23.119525 -22.918911 -29.796218 -26.741745 -27.773773 -21.959654 -23.125090 -27.509821 -23.158042 -27.536698 -33.160200 -27.320262 -30.232638 -28.208400 
