15 15
-38.200084 -42.015663 -40.018540 -35.225022 -41.774430 -30.573477 -37.682186 -37.123220 -51.589671 -38.718076 -35.182778 -40.100215 -45.256806 -36.373286 -38.647196 
-29.159198 -32.502507 -31.238668 -28.427042 -31.993997 -24.591065 -29.375473 -29.673695 -40.354593 -29.813339 -27.589215 -32.175390 -35.058309 -28.844856 -29.138302 
-26.777084 -28.902513 -28.986779 -25.735551 -29.837143 -23.098404 -26.925090 -26.899814 -37.055688 -27.125126 -25.640866 -30.201476 -32.318911 -25.994002 -26.439968 
-34.369065 -36.730363 -35.534772 -30.796995 -35.748155 -28.233283 -33.053205 -32.234560 -45.226811 -33.850934 -31.618791 -36.046126 -38.906768 -32.505375 -33.555522 
-35.304743 -39.268381 -36.746582 -33.303134 -38.030000 -29.483663 -34.755498 -34.956633 -47.831530 -35.641089 -32.775696 -37.647869 -41.478808 -34.368711 -35.577556 
-33.358527 -34.753523 -34.268055 -30.446233 -34.531714 -27.406312 -31.062264 -31.788206 -44.228803 -32.568926 -30.746317 -34.555871 -38.027369 -31.493114 -31.659287 
-31.712287 -33.627665 -33.886803 -29.652935 -33.572841 -26.653145 -30.353506 -30.522316 -42.592278 -31.316518 -29.664558 -33.825125 -36.978561 -30.705886 -31.472990 
-29.446481 -32.201671 -31.189223 -25.991023 -32.420990 -23.661884 -27.867954 -28.390753 -38.972015 -30.137522 -26.719336 -30.479831 -34.377069 -27.785801 -30.219078 
-27.163296 -30.132366 -28.918983 -25.384476 -29.119015 -22.803577 -26.789780 -27.044927 -36.333211 -27.313986 -25.358070 -29.425240 -31.520428 -26.547951 -27.196928 
-31.148682 -32.417471 -33.101345 -28.501325 -34.188282 -24.724175 -29.783469 -30.371419 -42.128466 -31.127951 -28.992267 -33.150089 -36.669576 -29.115533 -30.411586 
-39.489701 -42.069733 -41.311462 -35.984621 -41.355348 -32.118141 -38.031804 -37.657308 -52.624026 -39.161630 -36.700623 -41.881452 -45.160790 -37.780404 -38.582600 
-37.431133 -39.092489 -39.555762 -34.568418 -39.724194 -30.586947 -36.445641 -36.253305 -50.228346 -36.844376 -34.826310 -40.360150 -43.263379 -35.487138 -36.013829 
-34.029831 -36.882440 -36.836871 -33.065211 -36.417766 -29.286090 -35.262515 -33.526808 -46.935134 -34.010265 -32.320929 -38.935188 -40.244810 -33.531017 -33.638912 
-31.338748 -32.908559 -32.651569 -29.597950 -32.585783 -26.270306 -29.752637 -30.951051 -42.043049 -30.661590 -29.494760 -33.654846 -35.697595 -30.296132 -29.697172 
-32.014527 -35.765650 -33.506017 -29.749147 -34.183893 -26.639368 -32.544990 -30.583841 -43.256909 -32.272547 -30.067741 -34.922062 -37.203778 -31.205320 -32.027713 
