15 15
-38.487446 -41.717901 -40.886342 -35.748306 -39.866197 -31.293753 -38.492263 -36.941289 -51.223769 -38.607764 -35.758253 -39.637254 -44.360457 -36.184091 -37.368954 
-30.161228 -31.690046 -31.613677 -29.057348 -30.953714 -25.108099 -30.253066 -29.995004 -40.397852 -29.525484 -28.086873 -31.850629 -34.661198 -27.790795 -28.554821 
-28.142106 -29.304778 -28.843763 -26.632997 -27.919962 -23.244699 -27.399856 -26.666066 -37.336693 -27.161747 -25.827672 -30.153031 -31.474158 -26.267367 -25.653744 
-34.782846 -36.997451 -35.864988 -31.154058 -34.075878 -27.974170 -33.956505 -32.115778 -44.610188 -34.474148 -31.584671 -35.224222 -38.646424 -32.969516 -32.159553 
-36.732531 -38.413907 -37.850073 -33.810870 -36.149041 -30.077860 -35.484451 -34.575453 -47.606149 -35.760996 -33.316930 -36.433615 -41.420951 -33.633694 -34.060254 
-33.848733 -35.073990 -34.178503 -30.636235 -33.680708 -26.982649 -32.354114 -32.121890 -43.530958 -32.832812 -30.678362 -34.138343 -37.347773 -30.997186 -31.359436 
-32.395113 -33.769042 -33.755094 -29.468144 -32.280748 -26.472771 -30.994813 -29.955094 -42.658957 -32.302347 -30.606085 -32.411905 -36.368340 -31.461706 -30.368083 
-29.965877 -32.131973 -30.676542 -26.287239 -30.534453 -23.565973 -29.362790 -27.909416 -39.108045 -31.035217 -27.927965 -30.472321 -34.092717 -27.999974 -28.257202 
-28.037411 -30.140292 -28.998966 -25.989192 -27.468533 -22.989831 -27.548088 -27.020620 -36.180127 -27.251282 -25.456173 -29.177645 -31.152655 -26.235371 -25.962513 
-31.733794 -32.810710 -32.820831 -28.768635 -32.974678 -24.643329 -30.413340 -30.107965 -41.254088 -32.148522 -29.399876 -32.544869 -35.721813 -28.946517 -29.957696 
-40.415831 -41.665161 -41.429411 -36.428378 -40.236706 -31.851758 -39.065916 -38.014361 -51.649393 -40.049408 -37.154550 -40.565783 -45.100481 -37.332818 -37.464309 
-38.498490 -39.544302 -39.480323 -35.221985 -37.979087 -30.682990 -36.707560 -36.084480 -49.280336 -37.640039 -34.373200 -39.629904 -42.063275 -35.012599 -34.861257 
-35.771586 -36.392398 -37.541374 -33.292804 -34.989407 -29.481055 -34.891761 -33.556614 -46.479272 -34.766352 -32.467565 -37.208623 -39.863114 -33.604609 -32.628472 
-31.918995 -32.964413 -33.101082 -30.073714 -31.765089 -26.158359 -30.545339 -30.624663 -41.380706 -31.342508 -29.429765 -32.350838 -35.491483 -30.011087 -29.387289 
-32.486748 -34.237892 -34.520519 -30.465636 -32.801380 -26.951722 -33.393759 -31.280225 -43.013120 -32.871744 -30.254747 -34.137935 -37.451057 -30.747263 -30.415971 
