15 15
-37.779361 -40.707490 -39.803877 -35.979014 -40.586534 -32.555618 -37.058783 -36.461926 -49.590046 -37.664456 -35.740358 -41.407261 -43.902655 -38.027484 -39.053362 
-29.087709 -31.628523 -30.353744 -29.630846 -31.763608 -25.390738 -29.185006 -28.971836 -39.635634 -28.729434 -28.704389 -33.224171 -34.440956 -29.156099 -30.127279 
-27.447279 -29.027612 -27.594991 -27.226663 -29.192503 -23.578257 -26.282248 -26.532900 -36.411384 -26.063482 -26.312480 -31.123237 -31.306274 -26.770618 -27.288191 
-34.347441 -35.945616 -34.523673 -32.123388 -35.870030 -29.007290 -32.163711 -32.213677 -43.598534 -32.811700 -32.027487 -37.268930 -38.181823 -33.200606 -33.392446 
-35.705106 -37.767591 -36.791556 -34.395156 -37.533620 -30.697828 -34.246969 -34.145809 -47.085469 -35.115629 -33.373649 -38.423701 -40.438302 -34.746414 -36.320510 
-32.994403 -34.794917 -32.558763 -31.713737 -34.770266 -27.782768 -31.095481 -31.467996 -42.294847 -31.249551 -31.299660 -35.718693 -36.783974 -31.829818 -32.472772 
-31.857436 -33.251860 -32.456302 -30.126496 -33.512550 -27.072903 -30.080642 -30.676186 -41.099807 -31.201112 -29.833427 -34.355852 -36.365191 -31.643586 -31.944414 
-29.403001 -31.442184 -30.525948 -26.717390 -31.040392 -24.823151 -27.839028 -28.148487 -37.974603 -29.164596 -26.981963 -31.394510 -33.569553 -29.424371 -30.001333 
-27.229606 -29.351645 -28.354220 -26.654546 -28.943093 -23.413739 -26.150841 -26.736026 -35.889593 -26.426794 -25.978072 -30.848036 -30.766488 -26.690383 -27.307113 
-30.854013 -32.811367 -31.668285 -28.427538 -33.931051 -26.169821 -29.002077 -29.557656 -39.960027 -30.381581 -29.000169 -33.718187 -35.974701 -30.683025 -30.964332 
-39.417365 -41.835959 -39.865405 -37.281624 -42.429226 -33.430399 -37.058425 -37.437400 -50.725501 -38.240728 -37.274916 -42.996881 -45.009437 -38.177563 -38.575962 
-37.255755 -38.827064 -37.979060 -35.535808 -40.072233 -31.935838 -34.995950 -35.368071 -48.705026 -35.699998 -35.026413 -41.350354 -42.534567 -35.947662 -36.617904 
-34.373976 -35.890069 -35.720372 -34.278532 -37.676172 -30.140798 -33.376058 -33.123167 -46.105326 -33.563079 -33.121872 -39.651918 -40.397940 -33.712862 -34.211645 
-31.185960 -32.695862 -31.265626 -30.042866 -33.180282 -26.511624 -29.379705 -30.343719 -40.676858 -30.134275 -29.915381 -34.215892 -35.409081 -30.434764 -30.695803 
-32.035324 -33.966127 -32.779340 -31.191863 -34.500429 -27.774661 -31.478177 -30.445234 -42.482644 -31.174909 -31.016991 -36.147787 -37.670467 -31.557920 -31.732112 
