15 15
-34.089798 -29.790564 -27.244360 -36.171028 -34.126349 -33.357196 -25.688638 -28.086923 -34.712132 -26.963525 -33.124511 -41.151537 -34.049288 -37.486829 -35.996742 
-23.152197 -20.152757 -18.550154 -24.338665 -23.734635 -22.403102 -18.028744 -19.047054 -23.010881 -18.687094 -22.198620 -27.878675 -23.180841 -24.571666 -24.074664 
-33.469598 -28.618955 -27.269249 -36.416201 -34.509836 -33.657047 -26.268004 -28.084670 -34.782938 -26.775899 -33.549487 -42.107399 -33.569417 -36.666026 -35.333254 
-30.793189 -26.351545 -24.750240 -32.887584 -32.297318 -30.746752 -23.969857 -25.642494 -31.603196 -25.121075 -30.588247 -38.015180 -30.614907 -33.099510 -32.346167 
-33.760567 -29.123761 -27.215693 -36.820447 -35.187610 -33.480674 -26.276237 -28.773551 -35.065186 -27.307026 -33.393349 -41.931144 -34.110219 -36.067800 -35.203918 
-33.913789 -29.681606 -27.981502 -36.625516 -35.243376 -34.077975 -26.993415 -27.819947 -34.870254 -27.763603 -34.349512 -42.672767 -34.015019 -38.057646 -36.836028 
-31.987847 -26.704587 -25.299757 -33.467549 -31.309773 -31.126243 -23.989131 -25.944133 -32.239276 -24.992883 -30.480343 -38.005613 -30.440843 -33.754145 -32.223091 
-32.106886 -28.176816 -26.718471 -34.569424 -33.148698 -31.644090 -25.066662 -26.972203 -32.972842 -26.476075 -31.569931 -39.556240 -32.589883 -35.316569 -34.058576 
-42.050865 -36.698790 -34.676921 -45.649600 -43.232278 -41.493239 -33.005198 -35.378690 -43.767331 -34.283186 -41.640971 -52.569277 -42.537748 -47.080955 -45.162912 
-32.925900 -29.637616 -27.344246 -36.817839 -35.119792 -33.700201 -26.179721 -28.984476 -34.602380 -27.200032 -33.099889 -42.749058 -33.886042 -36.696733 -35.740026 
-28.261018 -23.922928 -23.371737 -30.202457 -29.213357 -28.244133 -21.269467 -23.415897 -28.736478 -22.977128 -27.947921 -35.309717 -28.463864 -30.848999 -29.749835 
-34.245536 -29.828637 -27.775082 -37.575723 -35.437867 -35.025914 -26.312198 -29.085487 -36.142839 -27.783239 -34.440378 -43.486334 -34.155077 -38.103586 -36.423166 
-30.319337 -26.095220 -24.534184 -32.486347 -30.713201 -29.940732 -23.345134 -25.252335 -31.260358 -24.154365 -29.913446 -36.898647 -30.188952 -33.504847 -31.883182 
-40.837479 -34.974021 -33.076489 -42.717226 -40.994759 -40.393528 -30.469842 -32.904934 -41.159359 -32.929369 -39.703032 -49.184065 -39.994984 -44.121786 -42.567497 
-27.277192 -23.711613 -22.590197 -29.081154 -27.918887 -27.713956 -21.085169 -23.130345 -28.084180 -22.558262 -27.594964 -34.026479 -27.196206 -31.245714 -29.274584 
