15 15
-43.786235 -37.705298 -43.366930 -36.499938 -24.398620 -29.698024 -40.900136 -33.354091 -44.457539 -43.470751 -34.753414 -30.563589 -38.872646 -35.007795 -26.825279 
-32.726057 -29.268918 -32.263926 -26.711100 -19.627634 -22.494865 -30.906703 -25.468647 -33.353721 -33.305261 -25.985024 -22.875858 -29.847688 -26.252033 -20.273855 
-39.209592 -34.816138 -38.860657 -32.625471 -23.912423 -27.464093 -37.881684 -31.241017 -40.224789 -39.809608 -31.537014 -27.901127 -36.328135 -31.609238 -25.172663 
-38.005926 -33.095035 -37.425030 -30.855520 -21.940198 -26.266176 -34.813981 -29.290610 -37.545928 -37.777463 -30.390319 -25.632872 -34.390725 -29.688183 -23.389318 
-43.903924 -39.104035 -42.965166 -36.498231 -25.704350 -31.221700 -41.157570 -33.668311 -44.357033 -43.295191 -34.996492 -30.536041 -39.701458 -34.908879 -27.001729 
-35.652970 -30.916405 -35.912647 -29.856184 -20.829944 -24.504306 -34.859408 -27.417579 -36.892159 -36.569396 -28.371632 -26.485414 -32.583141 -28.764828 -22.471986 
-27.563483 -23.663926 -26.526971 -22.693510 -16.112241 -19.249184 -25.220917 -21.775683 -28.274204 -27.236427 -22.357015 -19.381847 -24.384932 -21.362495 -16.123998 
-30.931151 -28.006499 -30.589062 -26.648162 -17.926411 -21.157088 -29.462313 -23.957483 -32.641377 -30.859213 -25.549920 -21.987196 -28.343028 -26.149451 -19.193660 
-42.311236 -36.099274 -42.182832 -36.204262 -24.059095 -29.470207 -40.418105 -32.703663 -43.774190 -41.782621 -33.845471 -30.870830 -37.918474 -33.686812 -25.889225 
-37.084054 -32.344221 -36.613788 -31.044316 -21.250855 -25.791307 -35.051786 -29.311435 -38.112149 -36.646490 -29.597851 -26.346252 -32.694344 -29.232660 -22.915816 
-33.967448 -30.035499 -32.529575 -27.523388 -19.525969 -22.921918 -31.055780 -25.917492 -34.774185 -33.938370 -27.063217 -23.174729 -30.317114 -26.885584 -20.176068 
-42.682737 -37.068268 -42.372466 -34.355325 -24.607094 -29.365987 -40.474584 -32.287124 -42.493285 -42.471936 -33.158042 -29.507968 -38.538805 -32.878883 -26.869886 
-35.763718 -30.757503 -35.759036 -31.082614 -20.343814 -24.772905 -34.564677 -27.356184 -37.286107 -35.461966 -28.473208 -26.361609 -32.506805 -29.100705 -22.207697 
-40.775439 -35.970704 -40.356664 -34.629652 -24.360702 -28.641316 -39.227385 -32.459995 -42.593196 -40.761686 -32.956510 -29.573907 -37.470767 -32.844880 -25.702088 
-41.643482 -36.397146 -41.354278 -34.902411 -24.400455 -28.596107 -39.850504 -31.914374 -43.169965 -42.096095 -33.515323 -30.002482 -38.229523 -33.651012 -25.657243 
