15 15
-44.124429 -37.404516 -43.446975 -36.977043 -23.395479 -30.312862 -41.176008 -33.988270 -43.971350 -43.159043 -34.882816 -29.893384 -37.538509 -34.250139 -25.887197 
-34.195085 -29.148983 -32.512227 -27.211167 -17.945533 -22.884805 -31.501125 -25.443725 -32.884912 -33.046776 -25.627527 -22.792801 -29.340804 -25.001321 -19.395268 
-41.192881 -34.721276 -39.585081 -33.351197 -21.679361 -27.937917 -38.255738 -30.792625 -40.191574 -39.543701 -31.748380 -27.162990 -35.958189 -31.279501 -23.839672 
-38.493119 -32.946239 -36.334343 -30.904208 -20.337927 -26.143585 -36.482013 -29.543367 -38.045129 -38.058108 -31.221267 -25.577554 -33.432261 -29.332785 -21.791604 
-45.317073 -37.699725 -43.740807 -36.647655 -23.709237 -31.109027 -42.690454 -34.048974 -44.128466 -44.361509 -35.198513 -29.603177 -39.920482 -33.922228 -25.540460 
-36.913089 -31.002676 -35.866212 -30.777750 -19.214820 -24.558629 -35.142240 -27.516471 -36.768600 -36.809726 -29.187384 -26.142919 -32.247215 -29.334659 -20.946594 
-27.379680 -23.807959 -26.089569 -22.812390 -15.159799 -18.684891 -26.862767 -21.578658 -27.809661 -28.316690 -22.745849 -19.173952 -24.279900 -21.267801 -14.960205 
-31.706686 -27.521445 -30.225977 -26.095469 -16.683142 -21.429644 -29.908499 -24.212310 -32.103162 -31.414475 -25.962075 -21.531101 -27.319276 -24.972183 -17.859630 
-42.897673 -35.934809 -42.523724 -36.371518 -22.924581 -29.421652 -40.728024 -32.802441 -43.078132 -42.720254 -34.270804 -29.439856 -37.286744 -33.961505 -24.890444 
-37.280383 -32.117506 -36.625366 -31.077989 -20.267344 -25.991378 -35.788509 -29.038897 -37.644117 -37.133764 -29.991769 -25.185975 -32.379973 -28.972002 -21.580104 
-34.064262 -29.728771 -32.482513 -27.884910 -18.276281 -23.155348 -32.458751 -26.215041 -34.614160 -33.792854 -27.570886 -23.570765 -29.723637 -26.188817 -19.086285 
-43.524387 -36.814251 -42.433865 -34.556838 -22.791873 -29.441391 -41.210780 -32.868427 -42.374453 -42.473846 -33.144628 -28.849320 -37.552001 -32.759202 -25.483831 
-36.608405 -30.490431 -36.333552 -31.169104 -19.306039 -24.932993 -34.415291 -27.496336 -36.979535 -36.011313 -29.192939 -25.274113 -31.895159 -29.639281 -21.441127 
-42.313170 -35.895680 -40.848452 -34.426509 -22.681023 -28.659085 -39.707607 -32.082107 -42.045999 -41.328553 -33.409404 -28.175750 -36.933224 -32.637593 -24.690791 
-42.925239 -36.252898 -41.479126 -35.551244 -22.504511 -28.812150 -40.415594 -32.142009 -42.909001 -42.315783 -34.089134 -29.677731 -37.408744 -33.506930 -24.347251 
