15 15
-33.268380 -28.309774 -26.821789 -36.742649 -34.418089 -34.251349 -24.903682 -27.699061 -33.185332 -26.202917 -33.253612 -42.767350 -32.920930 -37.755133 -36.029325 
-23.406684 -19.536288 -18.216076 -25.382972 -22.715647 -23.882110 -17.369696 -19.096536 -22.229642 -17.910475 -22.136445 -28.635307 -22.481127 -25.625777 -23.604863 
-34.110290 -28.380668 -26.285130 -36.935570 -34.527033 -34.390934 -25.178715 -27.478264 -33.111756 -26.450187 -33.650635 -42.487665 -32.717879 -37.626491 -35.994437 
-31.340103 -25.736983 -23.889424 -34.015000 -31.488837 -31.385185 -23.452306 -25.118760 -30.538424 -24.129170 -30.840945 -38.623189 -29.678791 -33.953004 -32.960410 
-33.856038 -28.255531 -26.691639 -37.175237 -34.356959 -34.542130 -25.447803 -28.198266 -33.462143 -26.756811 -33.456329 -42.469355 -33.180806 -37.536834 -35.755485 
-34.656218 -28.720090 -26.666549 -38.026234 -35.538667 -34.911625 -25.958335 -27.579449 -33.965467 -27.114159 -34.870628 -43.507884 -33.761295 -38.062798 -37.073268 
-31.572942 -25.831509 -23.928852 -33.342897 -31.326398 -31.660288 -23.067953 -24.877185 -30.381963 -23.942114 -30.567181 -38.651126 -30.029851 -34.780055 -32.776044 
-32.268893 -27.197960 -25.840806 -35.464117 -32.342755 -33.279995 -24.159317 -26.683453 -31.829980 -25.640072 -31.920672 -40.498758 -32.136558 -36.437399 -33.907576 
-41.857083 -35.224754 -33.414638 -46.093516 -43.723155 -42.493391 -31.224133 -34.246544 -42.531810 -33.475648 -42.436645 -53.792770 -42.332141 -47.889689 -45.981126 
-33.302561 -28.605576 -26.683727 -37.217407 -35.249763 -33.927351 -25.114789 -28.237410 -33.961976 -26.960101 -33.750308 -43.041674 -33.638741 -37.834259 -36.546346 
-28.400044 -24.280646 -22.354030 -31.285668 -29.078673 -29.015533 -20.772100 -23.844950 -27.937793 -22.547589 -28.472333 -36.207051 -28.449622 -31.966855 -29.880906 
-33.907840 -28.666596 -26.695452 -37.711564 -36.453520 -34.638180 -25.806036 -27.991019 -34.480703 -27.263199 -35.007100 -43.829653 -33.519974 -38.224161 -37.975124 
-30.250974 -25.134933 -23.592797 -32.732692 -30.682453 -30.580668 -22.577535 -24.359156 -29.776726 -23.500672 -29.893248 -37.769988 -29.066394 -33.782549 -32.538269 
-40.758449 -34.174284 -31.946119 -44.350333 -40.447699 -41.835484 -30.089707 -33.181961 -39.373673 -31.648412 -40.220056 -50.821876 -39.365354 -45.202548 -42.146019 
-27.642440 -23.221549 -21.740217 -30.050418 -28.227531 -28.426876 -20.603406 -22.440605 -27.462055 -21.862772 -27.936686 -34.589451 -26.919162 -30.986850 -29.698770 
