15 15
-43.060482 -36.960921 -42.135052 -37.735246 -25.069529 -31.317208 -39.893220 -33.205779 -42.820389 -42.525032 -35.445181 -32.272152 -38.320909 -35.078390 -27.039490 
-32.954283 -28.234372 -31.729128 -28.015263 -19.177201 -23.219301 -30.146715 -24.258963 -32.817280 -31.979154 -26.772297 -23.931382 -28.517415 -26.324314 -21.120443 
-39.942016 -33.851267 -38.666238 -34.353624 -23.458834 -28.306346 -37.028067 -30.485370 -39.901535 -38.990795 -32.322928 -28.884786 -34.944366 -31.855389 -26.089126 
-38.100029 -32.512587 -35.482157 -32.232953 -21.137129 -26.470197 -35.282473 -29.622272 -36.473784 -36.754881 -30.882059 -27.311485 -33.114693 -30.032812 -23.446491 
-44.355198 -37.217952 -41.781474 -37.592186 -25.414447 -31.256797 -40.688190 -32.974535 -43.799462 -42.277880 -35.865495 -31.900177 -39.166018 -35.171575 -27.552454 
-35.823184 -30.926329 -35.380894 -31.745642 -21.207536 -26.182693 -33.561518 -27.572233 -36.192840 -35.624333 -29.049806 -27.583563 -32.453344 -29.648738 -22.158713 
-27.281511 -23.517677 -25.453959 -23.068911 -15.517392 -19.758709 -25.644829 -21.659859 -26.846082 -26.407137 -22.199878 -19.993852 -23.713579 -22.181265 -15.981370 
-30.400852 -26.750847 -30.098989 -26.726916 -17.727561 -22.354198 -28.774990 -23.354585 -31.751961 -30.426762 -25.589114 -23.220242 -27.464956 -26.502773 -19.126139 
-42.055662 -35.709960 -40.921450 -36.900291 -24.884162 -30.763719 -39.247809 -32.687776 -41.915571 -41.350125 -34.112769 -31.782464 -37.816992 -34.446062 -25.975470 
-36.821562 -31.189345 -35.628713 -31.758779 -21.412689 -26.835833 -34.477354 -29.020240 -36.434434 -35.943244 -30.026193 -27.043967 -32.242549 -29.697367 -22.946940 
-33.413890 -29.076996 -31.928047 -28.564522 -18.485793 -24.092961 -31.167314 -25.482686 -33.453623 -32.498059 -27.742301 -24.557875 -29.168067 -27.898362 -20.340076 
-43.227480 -36.300649 -40.680280 -36.456908 -24.525767 -30.193209 -39.782584 -32.567726 -40.696462 -41.274304 -33.741489 -31.019455 -37.102937 -33.119137 -26.940027 
-35.378147 -30.125578 -35.177531 -31.756447 -21.037347 -26.022187 -33.255405 -27.343801 -36.162182 -35.142495 -29.055296 -27.271641 -32.595990 -30.094006 -22.422886 
-41.234633 -35.300720 -39.626066 -35.496203 -24.209284 -29.562789 -38.580659 -31.871516 -40.980966 -40.333550 -33.199938 -30.143562 -35.991534 -33.555859 -26.504227 
-41.734739 -36.041541 -40.537841 -36.378344 -24.195250 -30.161336 -38.837404 -31.614481 -42.039555 -41.060482 -34.109843 -31.385316 -37.360918 -34.605156 -25.869650 
