15 10
4.510655 4.827109 3.912648 3.781112 3.801458 3.297799 3.773723 3.731231 5.337869 3.810374 
3.703087 3.438488 4.649402 4.077729 4.417341 2.706971 3.035446 2.727498 1.855614 3.309451 
1.591085 2.738263 2.176629 3.418721 2.778065 2.264223 2.398863 3.385491 2.260080 3.145427 
3.566277 3.619242 4.126602 3.839754 4.242349 3.296694 4.051952 3.871741 5.428939 3.466144 
3.724918 4.594166 4.606564 3.349914 3.633831 3.545516 3.598295 3.489666 2.996036 4.360132 
2.962240 3.389363 3.352875 4.811043 3.667422 3.464269 3.906352 4.339793 3.131887 3.283771 
4.013910 3.956218 3.896136 3.799761 4.739643 3.076394 3.990534 4.059829 5.668262 3.778559 
3.512659 4.246940 4.783996 3.072260 3.609539 3.491452 4.362400 4.223182 3.381006 3.928874 
3.184454 4.133316 3.280483 4.890902 3.812912 3.872019 4.319674 4.467528 4.137396 4.082942 
4.285667 3.996994 4.071228 3.682936 3.759205 3.325103 3.408484 3.773012 5.227953 3.693519 
3.525526 4.213734 3.992061 3.571385 3.199962 3.584041 4.174702 4.122421 3.162477 4.228608 
2.500508 3.691719 3.476520 4.875001 3.930560 3.356463 3.690650 4.432365 3.452202 3.838956 
4.644957 5.534169 5.315065 4.819356 4.727988 3.839656 5.053303 4.840698 6.322479 4.714033 
4.447503 5.419737 5.472161 5.106047 4.799935 3.221381 4.287417 4.062198 3.801330 4.182171 
3.385472 4.095967 4.177907 4.993410 3.517765 2.871632 4.621254 4.289883 3.311439 3.843971 
