15 10
-0.947676 -0.657168 -0.830481 -0.307198 -0.066987 -0.690339 -0.590398 -0.502422 -0.120503 -0.995196 
-0.032442 -0.645415 -0.070177 -0.169764 -0.757166 -0.233559 -0.962056 -0.335562 -0.719253 -0.439600 
-0.906151 -0.897224 -0.281030 -0.048765 -0.240713 -0.308029 -0.781346 -0.588561 -0.161854 -0.151440 
-0.368498 -0.882337 -0.555045 -0.225817 -0.230910 -0.357301 -0.538427 -0.351933 -0.120160 -0.778051 
-0.662540 -0.335172 -0.618967 -0.366971 -0.011988 -0.216698 -0.094138 -0.206718 -0.681152 -0.741173 
-0.953625 -0.427002 -0.409787 -0.567846 -0.132475 -0.677280 -0.886009 -0.262155 -0.144827 -0.087644 
-0.094128 -0.803765 -0.258428 -0.569715 -0.209387 -0.736015 -0.257495 -0.098649 -0.057828 -0.470426 
-0.685316 -0.923094 -0.416746 -0.778776 -0.214183 -0.010019 -0.463507 -0.150063 -0.134942 -0.292830 
-0.412440 -0.866724 -0.382056 -0.590242 -0.905794 -0.355914 -0.330798 -0.321019 -0.014780 -0.406851 
-0.111789 -0.499650 -0.096334 -0.110663 -0.277773 -0.239955 -0.756773 -0.594389 -0.189117 -0.430237 
-0.491835 -0.584483 -0.131284 -0.640678 -0.097102 -0.927609 -0.802849 -0.153738 -0.070862 -0.871262 
-0.461552 -0.924757 -0.609898 -0.072019 -0.782822 -0.762987 -0.803118 -0.062626 -0.037860 -0.707250 
-0.877058 -0.166117 -0.656194 -0.365846 -0.667521 -0.379387 -0.876637 -0.007782 -0.307870 -0.014297 
-0.660239 -0.374360 -0.840995 -0.287303 -0.612673 -0.685956 -0.087474 -0.774260 -0.515736 -0.024584 
-0.277965 -0.259408 -0.499818 -0.741438 -0.343792 -0.698873 -0.667914 -0.682045 -0.393511 -0.236994 
