15 15
5.401011 4.983152 5.088897 3.558922 3.263193 3.978544 5.394408 4.890919 5.188930 5.139322 4.066261 2.856135 4.787537 3.414695 3.476766 
3.443332 3.767297 2.912606 2.741843 1.983512 1.928939 3.747244 2.492284 4.125407 4.091734 3.018027 3.458963 3.004024 2.644017 1.312826 
5.347891 4.260884 5.086052 4.424414 2.751987 3.409984 4.978405 3.362412 5.636438 5.413795 4.334762 4.006161 4.764950 4.574318 2.951784 
5.327289 4.009619 5.286141 3.867982 2.346394 3.207040 5.013397 3.643877 4.615565 5.312939 3.431543 3.517504 4.730007 3.815433 2.994064 
5.404109 4.309101 5.621712 5.161642 3.331412 3.608934 4.705132 4.157911 5.546897 5.498984 3.863886 4.155188 4.607482 4.062269 3.088138 
4.704380 4.227112 5.634842 4.712047 2.355363 3.863648 5.336791 3.736607 5.663867 4.747311 4.163028 3.463131 4.359556 4.645156 2.665013 
5.421039 4.559239 5.012699 3.843732 2.720932 2.998350 4.610862 4.460463 3.944751 5.358290 3.189649 3.647829 3.734654 3.732973 3.633051 
4.575776 4.096328 4.305992 4.354627 2.460907 3.473313 4.820510 4.129808 5.104557 5.221910 4.893066 3.372671 3.990896 3.743719 2.107758 
6.567608 5.269257 6.681411 5.729238 3.393973 4.771490 5.946759 5.349627 6.275736 5.974880 5.163358 4.304904 5.622370 5.137702 4.305796 
5.863423 5.061698 4.823888 4.049286 2.455745 3.685795 4.957019 3.761897 5.581239 4.873040 4.600968 3.507147 5.173247 4.203603 3.052107 
4.222058 4.022394 4.005628 3.973671 2.639366 2.808443 3.642210 2.993913 5.037334 4.246165 3.856241 3.064644 3.513606 4.120781 2.504469 
6.179818 4.802367 6.083972 4.570774 3.227631 4.385740 5.603591 4.088384 5.079786 5.614675 3.527958 3.364667 5.572625 3.793252 3.474972 
4.792867 3.737447 5.139830 4.147929 2.654727 3.680298 4.346252 3.729218 4.849905 4.493716 3.972331 2.704345 4.000616 3.401332 3.127837 
5.829261 5.012228 5.588733 5.388015 3.309333 3.914551 6.072457 4.469128 6.672639 6.151640 5.627364 4.511156 5.717728 5.419785 3.067586 
4.423332 3.476635 4.265217 3.996563 2.445634 3.212092 4.253633 3.607823 4.024776 4.664127 3.715494 2.855093 4.036222 3.400928 2.362209 
