15 15
4.550618 4.319473 3.570032 4.726488 4.847535 5.084555 3.044984 3.631119 4.805177 4.007459 4.667878 5.189841 4.267811 5.011002 4.840326 
3.619302 2.698626 3.128747 3.036552 3.147063 3.172855 2.280939 2.764222 3.475970 2.941324 2.586200 3.428267 3.381108 3.343515 2.914970 
4.309175 3.912348 3.965133 4.441815 4.861933 4.242628 3.470915 3.276666 4.105154 3.974190 3.835566 5.610076 4.432344 4.854760 4.781287 
4.672894 3.914426 2.972241 4.862276 3.659018 4.302278 3.631027 3.111984 4.495680 2.830757 4.025992 5.320549 3.686076 4.514351 4.598108 
5.072869 3.254650 3.508219 4.526620 4.364464 4.499202 3.308152 4.074115 5.004632 4.058777 4.412386 5.453028 4.436451 5.414458 4.298376 
5.078753 4.190134 3.574118 5.162240 4.878755 4.019501 4.029309 3.212033 4.654197 3.627608 4.674471 5.441381 4.832677 4.330156 5.146650 
4.623870 3.226880 3.530763 3.860458 3.833363 4.243455 2.909254 2.876161 3.851843 2.941438 4.393708 5.001689 4.395308 5.528756 4.682969 
4.449098 4.079469 3.918377 4.351695 3.443928 4.456557 2.840873 3.864113 4.018302 3.617862 4.238719 4.879042 3.995027 5.549385 4.516688 
4.697799 4.582371 4.192241 5.523085 5.508667 5.233153 3.946438 4.278146 5.682114 4.738125 5.397091 7.335127 5.480907 6.245984 6.103102 
3.637983 4.229503 3.780506 4.664373 5.243621 3.793873 3.310844 3.982513 4.689413 3.816966 4.047305 4.985617 5.030450 5.072674 5.310059 
3.481714 3.682741 3.293239 4.793833 3.973277 3.387957 3.109903 4.416360 4.171719 3.010830 3.301666 4.927160 4.511280 4.258796 3.638988 
3.915278 3.895903 3.330627 4.914573 5.705930 4.461132 4.342490 3.769816 4.622194 3.742807 5.037099 6.079792 4.389250 4.555432 5.264210 
3.858413 3.012793 3.695959 4.773706 3.963863 4.271237 3.295538 2.860942 4.407972 2.859285 4.513616 5.352968 3.881039 4.448997 4.157020 
5.302637 4.375504 3.970960 5.559681 5.399437 5.360653 4.088869 4.890033 5.005802 4.160075 5.167339 6.692635 5.410330 5.649723 5.193237 
4.088704 3.203664 3.219454 4.556092 3.894094 4.358577 2.361578 3.342545 3.982009 2.704069 3.942034 4.718361 3.375604 3.489214 3.650041 
