15 15
5.365688 5.227290 3.981889 4.675364 4.134257 4.044168 4.718914 4.111895 5.889452 4.372719 4.566436 3.798375 4.687722 4.363777 4.909862 
3.172413 3.589380 3.222225 2.155883 3.386774 2.392521 2.918643 2.457357 3.462528 2.976416 2.608238 2.825544 3.481697 3.139096 3.174943 
3.831126 4.215501 4.248753 4.554811 4.700650 3.633419 4.421860 4.051653 6.011088 3.860070 4.181799 5.352311 5.554666 4.286457 4.206474 
4.175000 4.104574 3.892287 3.326388 5.017322 3.526333 3.594602 3.480159 5.089419 4.007664 3.702358 4.822103 4.735809 3.938096 3.856233 
4.576644 4.543428 3.987350 4.164634 5.311597 3.931660 4.086120 4.075519 6.210456 4.135037 4.283822 4.876680 5.316258 4.041345 4.351230 
4.032608 4.495222 4.943730 3.973354 4.330983 3.773613 4.566057 4.033571 5.334223 4.185952 4.145424 5.275583 5.371170 4.661631 4.159548 
4.678978 4.758592 4.413571 4.588121 4.693906 3.833344 3.686045 4.277967 5.345158 3.808883 4.050528 4.968852 4.332096 3.684254 3.987128 
4.004503 4.825845 4.688726 3.427006 4.589142 3.353939 3.792577 4.198630 5.254942 4.431770 3.887576 4.216761 5.096261 4.102436 4.032451 
4.782079 5.885259 5.969577 5.769182 5.675702 4.523454 5.552223 5.601799 7.087312 5.530946 5.320887 6.269848 6.199522 5.296933 5.330863 
3.513559 4.600013 4.714699 4.540059 4.212295 3.491810 4.335001 4.446856 5.911778 3.861272 3.809245 5.437285 4.512897 4.168375 4.768101 
2.887898 2.843169 4.333440 2.727231 4.035039 2.909136 3.176784 3.213489 4.703551 3.679073 2.542731 3.663295 4.263640 3.556732 4.037571 
5.068301 4.484905 4.195436 5.244394 4.515688 4.274308 4.444073 4.300010 6.812878 4.026832 4.734356 5.511199 4.847505 4.079222 4.269084 
4.374416 4.304824 3.744755 4.279699 4.319504 3.479444 3.922960 3.854945 5.055773 3.901756 4.431751 4.193959 4.931715 4.109168 3.772406 
5.853757 5.802660 5.467042 4.322005 5.572152 4.653402 4.391854 4.794136 6.761518 5.605840 4.273313 4.877263 5.775732 5.033725 5.441505 
3.478166 3.666935 3.468958 2.999540 3.662920 2.757326 3.129809 4.144668 4.284906 3.565117 3.630059 4.230145 3.891343 4.106598 3.388830 
