15 15
4.165297 3.757555 4.015346 4.643393 4.855501 5.010272 3.925963 4.011488 4.749914 3.794484 4.474562 5.233130 4.464717 4.371160 4.597659 
3.347206 3.235316 2.534758 3.192059 2.801944 3.155434 2.649439 2.665123 3.271296 2.875273 2.622153 4.151919 2.988879 3.321015 2.678514 
4.741027 3.749210 3.417997 4.655919 4.588951 4.263418 3.540302 3.438325 4.687426 4.104553 4.371979 5.933560 4.183251 5.096466 4.422029 
5.090597 3.409948 3.615953 4.148294 3.552995 3.846718 3.636414 3.523525 3.809146 3.657433 3.899265 4.670357 4.064710 4.432774 4.814935 
5.011855 3.179205 4.167079 5.072394 4.489636 4.489785 3.409052 4.409470 4.372158 4.146978 3.811913 5.714087 4.235671 4.830031 4.833228 
4.248635 4.068382 3.841564 5.467754 4.396003 4.427189 3.792091 3.410591 4.935879 3.446948 4.598548 5.579366 4.349976 5.005728 4.433973 
4.651278 3.855223 3.048695 3.792562 3.970737 3.973390 2.782169 3.344851 3.381004 2.701376 3.872051 5.082331 3.677695 5.253523 4.713143 
4.231337 3.496664 3.453889 4.554523 3.572987 4.543629 3.355075 4.077449 3.899967 3.915552 4.649837 4.769562 4.284202 4.857727 3.807340 
4.841395 4.398130 4.733148 6.053853 5.724285 5.515739 3.907042 4.191494 5.842230 4.086017 5.884746 6.903406 6.090438 6.559346 6.110565 
4.421132 3.989699 3.757103 4.581131 4.329529 4.155646 3.429926 4.060660 5.186828 3.312765 4.351114 5.458335 4.669836 4.712546 5.011603 
3.894019 3.912094 3.053249 4.024564 3.930466 3.535710 2.578700 3.913936 3.818028 3.522325 3.407188 4.510707 3.899876 3.906514 3.652587 
4.796260 3.872104 3.723480 5.252162 4.876709 4.529000 4.314981 3.250567 4.698036 3.929295 4.490645 5.691921 4.737353 4.464970 4.904528 
3.892454 3.100124 3.551494 4.603305 4.028028 4.355474 3.056195 2.649508 4.388834 3.004087 4.519345 4.477253 3.636666 4.627973 4.452736 
5.752850 4.640628 4.094619 6.085963 4.678484 5.319743 4.122230 4.476909 5.070624 4.387635 5.590499 6.572336 5.437309 6.241860 4.530909 
3.730081 3.578658 3.086522 4.250763 3.931420 3.865195 2.897385 2.923339 3.977010 3.368857 4.115482 4.284343 3.635122 4.155140 3.852579 
