15 15
4.544270 3.746500 3.559318 5.246985 4.425997 4.938321 3.933958 3.724032 4.362652 3.612111 4.695536 5.414188 3.559364 4.632081 4.942445 
3.426900 2.972910 2.888146 3.200191 2.367787 3.871528 2.259595 2.506838 2.681289 2.199798 2.546064 3.582176 2.781983 4.193207 2.705142 
4.471818 3.977214 3.264633 5.074180 4.717847 4.367307 3.332571 3.445248 4.339906 3.534358 4.282947 5.732577 4.703129 5.246923 4.867658 
4.721913 3.490012 3.031471 4.453804 4.208841 4.164765 3.077051 2.956425 4.024646 3.015758 3.955056 5.430112 3.799692 4.791590 4.470476 
4.672115 3.675198 3.463295 4.519425 4.480946 4.993117 3.257686 3.500234 4.607413 3.584823 4.346802 5.414891 4.386845 5.510379 4.902797 
4.775036 3.533706 3.628777 5.374072 4.626274 4.607264 3.530977 3.793073 4.429436 3.536508 4.666539 6.110701 5.117447 4.666783 4.396789 
4.264074 3.885513 3.042665 4.463469 4.710531 4.367388 2.764867 3.211018 3.487845 2.758114 4.137367 5.614365 3.921103 4.710164 4.540082 
4.166510 3.846989 3.811061 4.321699 3.783199 4.989845 2.885232 3.909880 4.112080 3.595767 4.238318 5.159278 4.642936 5.223267 3.881452 
4.588297 4.411223 4.707294 6.213097 6.166579 5.523606 3.771158 4.469653 5.851791 4.723408 6.116560 7.493341 5.993915 6.105666 6.149077 
3.890220 3.567973 4.054180 4.939627 4.342266 3.718960 3.270069 3.699791 5.271374 3.621341 4.459664 5.729901 4.265597 5.305901 5.574420 
3.026924 3.200888 3.315733 3.810442 3.900355 3.680537 2.679417 3.642541 3.904867 3.249534 3.067143 4.560629 4.249397 4.674588 4.168643 
4.730605 3.322864 3.115806 5.380234 5.531341 3.886574 3.937911 3.205543 5.150743 3.506793 5.301078 5.854518 4.212401 4.199797 5.821041 
4.306052 3.344538 2.803368 4.526044 4.288756 4.119380 3.155360 2.961766 3.572141 3.248064 4.411553 5.065299 3.809157 4.386870 4.427493 
5.774727 5.002924 4.336671 5.955112 5.025092 6.095358 4.011720 5.071164 4.975832 4.324882 4.790337 6.515074 5.146103 6.114487 5.020027 
3.843414 3.176871 2.618978 3.968804 3.971564 3.470245 2.648046 3.454929 3.662781 2.869627 3.971781 4.793116 3.614298 3.847734 3.813016 
