15 10
5.612614 3.447151 4.549346 4.796050 4.039532 3.909376 3.821452 4.172411 4.273537 4.631116 
2.667684 2.827101 2.355180 3.058564 3.013321 2.609528 2.902323 2.552647 3.660029 3.258609 
4.712686 3.618246 2.891069 4.064377 4.306569 3.488837 3.601253 4.065705 3.668512 4.254023 
3.705163 3.640295 3.249599 3.966070 3.436318 3.389275 3.381292 3.243559 3.389382 4.214932 
4.699750 3.126109 3.678115 4.218093 3.782910 3.282712 2.908145 3.601205 4.158079 4.851863 
4.702961 3.424254 3.564755 5.047502 3.847903 4.084451 4.006988 4.008551 3.974138 3.655032 
4.210342 3.579468 3.423748 4.557210 3.687886 3.835198 3.379154 3.179734 4.029851 4.225671 
4.549622 3.802310 3.522689 4.853808 3.410199 3.077504 3.198233 3.680701 4.040049 4.224774 
5.482794 4.132248 4.655545 5.969186 5.423846 4.420385 4.276147 5.442634 4.810799 5.214084 
4.424766 3.149218 2.885403 3.766883 4.229657 3.334698 3.849322 4.503118 3.992100 4.562169 
3.543792 2.744850 2.575598 3.619270 3.015638 3.846216 3.423451 3.117638 2.734369 4.091991 
5.130173 3.931840 4.079005 4.375773 5.351064 3.845668 4.176433 3.990755 3.672941 4.210214 
4.366598 2.677731 3.518536 4.653165 4.256799 3.322194 3.433867 3.233201 3.862051 3.397348 
5.637451 4.113986 4.710670 5.219191 4.608168 4.550637 3.758651 4.798105 5.331206 4.560449 
3.390867 2.320012 2.825180 4.307430 3.175066 3.835825 3.287683 3.361240 3.559428 3.086030 
