15 10
5.263203 3.689107 4.207485 5.444288 4.557545 3.406936 3.395674 4.010393 4.840703 3.797821 
3.561440 2.957370 2.692013 3.414014 2.554983 2.591465 2.447298 2.436386 3.851515 3.712534 
4.140948 3.558472 3.344958 4.771866 4.475419 3.666115 3.328145 4.381135 4.257598 4.543059 
3.779698 3.102379 2.994459 4.330071 3.791498 3.251475 2.894343 3.574714 4.092131 4.107191 
4.136348 2.982130 3.866284 4.590028 4.086544 4.002887 3.181019 3.766135 3.702048 4.321117 
4.464487 3.375691 4.068633 4.799073 3.862786 3.684796 3.705776 4.147514 4.216057 4.038534 
4.837852 3.032037 3.930428 4.835625 4.470028 4.052287 4.116410 3.286055 4.390711 3.805159 
4.646777 2.900679 3.440155 4.568679 3.303509 3.882418 3.169858 3.768337 4.840893 4.427876 
6.012399 3.558803 4.992827 5.493779 4.852309 4.414070 4.641347 6.005976 4.901574 5.076954 
4.360545 2.889991 2.822662 4.468492 3.989843 3.116349 3.109024 4.829972 4.334272 4.816106 
3.852307 2.362956 3.059938 3.645421 3.840943 3.259620 2.773142 3.745549 3.284699 3.968725 
5.135409 3.355304 3.581292 4.685537 4.941384 3.467079 4.272854 4.170045 3.915423 3.894605 
3.768680 3.048764 2.912944 5.006128 4.578439 3.036097 2.603606 3.809015 3.751944 3.941878 
5.021933 3.863940 3.924885 5.350516 4.538951 4.833934 3.700504 4.225701 5.223857 5.268111 
3.900453 2.253342 2.351582 3.621925 3.394591 3.326997 3.194213 2.806263 3.528522 3.460658 
