15 15
5.779984 4.972097 4.632869 4.162514 2.833689 3.906593 5.402403 4.603463 4.801668 4.956949 4.287235 3.037193 3.882184 3.675616 3.821552 
3.523026 3.504891 3.265994 2.749975 1.549355 2.645033 3.357400 2.333999 3.535400 3.416259 2.941938 2.889220 2.797128 3.516209 1.339454 
5.078682 4.488888 4.932688 4.842675 2.880883 3.513873 4.770674 3.369335 5.288918 4.843600 4.245730 3.805178 5.284828 4.724775 3.397413 
4.958605 4.089683 4.701659 4.173492 3.002240 3.525087 4.454034 3.076777 4.831065 4.671264 3.487334 4.277259 4.464989 4.174249 2.649605 
5.064369 4.805094 4.917928 4.608673 3.322722 4.112266 4.553766 3.248675 5.782152 4.936829 4.398775 3.855992 4.758656 4.742617 3.157707 
5.230781 3.692436 5.422055 4.618365 2.585634 4.043723 5.075677 4.119089 5.157424 4.836871 4.231019 3.994466 5.127027 4.306211 2.627829 
5.033835 4.589529 5.006669 4.514639 3.460726 3.392348 4.593560 4.326630 4.051592 5.415028 3.454965 4.179863 3.978062 3.189614 3.459990 
4.510949 4.446653 4.663164 4.121803 2.671119 3.919529 4.350667 3.962239 5.316670 4.902125 4.481547 3.762387 4.349630 4.109259 2.181870 
6.314510 5.282350 6.655557 5.888482 3.836267 4.779357 5.810875 5.627786 6.285297 6.612271 5.395172 4.894839 5.525847 4.684022 4.344308 
5.332511 4.639972 5.120965 4.407782 2.468482 3.249109 4.797162 3.401028 5.665785 5.181616 4.709518 3.778713 4.769008 4.796958 3.614924 
3.354963 3.311188 4.268112 3.759549 2.609255 2.953270 3.742927 2.722518 5.124173 3.973374 3.516196 3.114566 3.863127 4.888855 3.020525 
6.114163 4.253127 5.476298 4.698846 3.882263 3.743314 5.226521 4.043360 5.532493 5.192173 4.338391 3.527264 5.047673 3.528079 4.391485 
5.206465 3.981861 4.391704 4.070668 2.915455 3.444204 4.445417 4.041476 4.033212 4.737693 3.864539 3.292391 4.173107 3.160229 3.102594 
5.851138 5.374524 5.830785 5.257164 3.655941 4.690166 5.961947 5.063383 6.577847 6.088887 4.827202 4.453894 5.426522 5.292412 3.556704 
4.536665 3.074848 3.797673 3.714604 2.485778 2.817142 4.004294 4.139413 3.710547 4.164897 3.571793 3.363866 4.015398 3.093522 2.322646 
