15 15
5.372036 5.800263 3.992603 4.154867 4.555795 4.190402 3.829940 4.018982 6.331977 4.768067 4.538778 3.574028 5.396169 4.742698 4.807743 
3.364815 3.315096 3.462826 1.992244 4.166050 1.693848 2.939987 2.714741 4.257209 3.717942 2.648374 2.671635 4.080822 2.289404 3.384771 
3.668483 4.150635 4.949253 3.922446 4.844736 3.508740 4.560204 3.883071 5.776336 4.299902 3.734418 5.229810 5.283881 3.894294 4.120103 
4.125981 4.528988 3.833057 3.734860 4.467499 3.663846 4.148578 3.635718 5.560453 3.822663 3.773294 4.712540 4.622193 3.660857 3.983865 
4.977398 4.122880 4.032274 4.171829 5.195115 3.437745 4.136586 4.649400 6.607675 4.608991 4.349406 4.914817 5.365864 3.945424 3.746809 
4.336325 5.151650 4.889071 3.761522 4.583464 3.185850 5.064389 3.452531 5.558984 4.277052 4.153356 4.606263 5.086400 4.325004 4.909409 
5.038774 4.099959 4.901669 3.985110 3.816738 3.709411 3.830432 3.943110 5.709156 3.992207 4.306869 4.356176 4.806301 4.502846 4.130015 
4.287091 5.058325 4.796042 3.457002 4.249871 2.820651 3.748218 4.152863 5.161164 4.453865 3.887977 3.936525 4.448352 4.428554 4.667687 
4.891581 6.056407 5.454524 5.079170 5.017790 4.233001 5.727503 5.410292 6.917635 5.545663 4.601418 6.111634 5.686514 5.437251 5.284888 
3.261322 5.261543 4.441025 4.264805 5.113650 3.566723 4.375776 4.729578 5.329817 4.056897 3.396886 4.693001 5.277750 3.935148 4.503740 
3.342688 3.325022 4.310946 3.710622 4.107961 2.616556 3.607270 3.987308 4.970403 3.440369 2.777254 4.029826 4.525523 3.140940 3.507916 
4.252974 5.057944 4.410257 4.778733 4.690277 4.848866 4.848652 4.864283 6.284329 4.262846 4.470377 5.736473 5.024354 4.434857 3.712253 
3.926777 3.973079 4.637346 4.527361 3.994611 3.631301 4.063138 3.754121 5.891604 3.512977 4.533814 4.481628 5.003597 4.171295 3.501933 
5.381667 5.175240 5.101331 3.926574 5.946497 3.918697 4.469003 4.613005 6.791488 5.441033 4.650315 5.054824 6.039959 4.568961 5.614715 
3.723456 3.693728 4.069434 3.586828 3.585450 3.645658 2.843341 4.032284 4.604134 3.399559 3.600312 4.155390 3.652649 3.748078 3.225855 
