15 15
3.689237 3.346319 3.490077 4.352733 4.093198 4.191952 2.988767 3.343368 3.811069 3.049766 3.832187 5.054301 3.521044 4.346033 4.449924 
2.961458 2.418976 2.393419 2.899922 2.290464 3.070092 2.079215 2.226110 2.637482 2.001447 2.202049 3.155495 2.685777 3.314191 2.675626 
4.206969 3.380955 3.142482 4.359123 4.259546 4.030582 2.962663 3.265336 3.757757 3.140432 3.826066 4.974432 3.755027 4.310380 4.295015 
4.092429 2.983733 2.628850 4.123452 3.551651 3.600672 2.871812 2.829141 3.746270 2.675516 3.716967 4.514361 3.403676 3.985381 3.898014 
4.109381 3.087988 3.372081 4.154552 3.908992 4.137851 3.162100 3.484544 4.065219 3.228345 3.575639 4.785151 3.854583 4.541294 4.161106 
4.233880 3.400884 2.908229 4.781724 4.224165 4.018105 3.098236 3.039985 3.986115 3.163468 4.393134 5.154792 4.213805 4.142548 4.320183 
3.870763 3.123915 2.700322 3.558284 3.775830 3.859147 2.487306 2.706063 3.370640 2.642750 3.612365 4.859247 3.581068 4.597295 3.752916 
3.746048 3.195846 3.244756 4.057170 3.422665 4.136414 2.784374 3.187770 3.732139 3.094557 3.707205 4.633167 3.979040 4.573033 3.687957 
4.451175 4.060133 4.052782 5.263271 5.218865 4.839808 3.272238 3.708552 5.086958 3.906495 5.243176 6.643230 5.266554 5.914780 5.618149 
3.598042 3.255377 3.401679 4.200898 4.312142 3.612622 3.031035 3.430842 4.353006 3.277834 3.522051 4.913870 4.042583 4.448965 4.650290 
3.019601 2.926637 2.614876 3.805981 3.459258 3.178580 2.329816 3.448919 3.212168 2.750998 3.018426 4.428499 3.693943 3.731735 3.182587 
3.797904 3.173333 2.814702 4.529497 4.830632 3.867407 3.379649 3.141394 4.180119 3.388769 4.322233 5.093794 3.757168 4.096350 4.845748 
3.696793 3.010192 2.717904 3.830472 3.585763 3.676771 2.607293 2.536392 3.445976 2.672547 3.779227 4.448067 3.198892 4.090431 4.122724 
4.882881 4.169890 3.703235 5.392680 4.514925 5.188183 3.590446 4.369017 4.329418 3.809418 4.717703 6.117427 4.602113 5.315453 4.266389 
3.422589 2.943295 2.352543 3.631088 3.359320 3.425575 2.262546 2.477608 3.275931 2.514350 3.759957 3.951844 3.095942 3.406019 3.606661 
