15 15
4.924951 4.571916 4.563628 3.268262 2.500890 3.160224 4.457212 4.222799 4.250085 4.394604 3.423886 2.677306 3.843864 3.389568 3.329031 
3.057584 2.950957 2.771267 2.449706 1.472032 1.843597 3.177020 2.053271 3.491593 3.217908 2.597923 2.462539 2.700922 2.637193 1.309938 
4.813833 3.892629 4.810537 4.127618 2.422582 3.177148 4.400766 3.189423 4.706769 4.449674 3.788849 3.047033 4.336726 3.788232 2.824770 
4.329121 3.583404 4.299038 3.843140 2.345050 2.960994 4.248795 2.949493 4.552689 4.331022 3.249245 3.361508 4.068973 3.368040 2.077143 
4.501635 4.217884 4.826714 4.243800 2.750768 3.257000 4.458180 3.232985 5.239958 4.580351 3.627612 3.226252 4.226394 3.773532 2.416016 
4.689625 3.559614 4.701507 4.026017 2.183525 3.454564 4.642936 3.366001 4.714103 4.463831 3.957614 3.038557 4.223385 3.781976 2.551223 
4.640524 3.827931 4.664326 3.609454 2.526025 2.884107 4.315999 3.821675 3.934387 5.299664 2.929963 3.424745 3.638027 3.076745 2.672824 
4.090487 3.795510 4.096859 3.857274 2.310585 3.066098 4.249809 3.240129 4.936729 4.400915 3.950434 3.236276 3.685734 3.459025 1.988375 
6.177388 4.931260 6.001045 4.938656 2.888553 4.095559 5.311955 4.866685 5.520464 5.795358 4.521788 4.044728 4.798486 4.493136 3.813380 
5.040333 4.327376 4.468464 3.669053 2.438358 3.142771 4.558128 3.132079 4.747417 4.838109 3.771905 2.962682 4.545994 3.940022 2.690794 
3.347640 3.036937 3.567255 3.755088 2.168158 2.451313 3.393326 2.528896 4.431474 3.474838 3.467479 2.982436 3.307673 3.946002 2.034469 
5.181462 4.103596 5.175194 3.848109 3.181554 3.724147 4.668259 3.979211 4.561869 5.074149 3.359546 2.766540 4.592440 3.424632 3.416192 
4.597206 3.647515 4.306240 3.375096 2.212462 3.001595 3.897350 3.616102 3.907047 4.162176 3.232213 2.675159 3.562842 2.863790 2.797825 
4.959292 4.541490 5.197349 4.694732 3.145774 3.782991 5.540673 4.361236 5.931433 5.573423 4.754568 4.056247 4.882532 4.493378 2.803066 
4.115840 2.841272 3.531238 3.376888 1.873534 2.772472 3.618794 3.162092 3.323697 3.809620 3.359969 2.522594 3.497042 2.651807 2.116291 
