15 10
4.685782 5.707535 4.108838 3.652225 2.424276 4.953676 5.106013 3.060873 1.613276 5.193881 
3.154631 3.875306 2.499544 1.912137 2.676293 3.006996 4.176327 2.351184 2.080229 2.484112 
4.801366 5.283589 4.044992 2.884049 3.748657 4.230984 5.273833 3.153577 2.279354 3.360754 
4.279295 4.932478 4.106791 2.598319 3.024205 4.032579 4.639319 2.917692 2.106389 3.891325 
4.892516 4.460712 4.353190 3.410557 3.106049 4.533860 4.723301 3.027087 2.860461 4.103922 
5.687243 5.447488 4.212147 3.325639 3.145050 4.313916 5.540922 2.535559 1.690624 3.327451 
3.871001 5.346458 3.602979 3.437069 2.695681 4.259500 4.808828 2.362606 2.173649 4.251508 
5.054777 5.374656 3.680729 3.573625 3.080795 3.441631 5.195885 2.597856 2.023686 3.166394 
5.485664 7.019666 4.451881 4.428632 4.382115 4.821847 6.212748 3.199995 2.171195 4.921460 
3.863703 5.494387 3.524063 3.121719 3.632498 4.456704 5.280435 3.577912 1.779711 3.913605 
3.891057 3.922134 3.055734 3.231487 2.822962 3.967785 4.266717 2.891158 1.960737 2.597820 
4.500403 5.949156 4.412235 3.414014 3.674099 5.202327 5.314143 2.601304 1.641891 5.287873 
4.557923 4.359190 3.896333 3.045958 2.928091 3.901039 5.041030 2.061015 1.990798 3.638599 
5.795284 5.920792 5.173628 3.850879 4.109204 4.940045 5.530657 4.249713 2.993842 3.708608 
3.699888 4.379621 3.569888 3.163896 2.810067 3.408302 4.053980 2.477873 1.861965 3.143781 
