15 15
4.664938 2.789983 3.718865 4.488852 3.972545 3.219037 3.231054 3.669989 4.153034 3.635920 2.635242 2.181686 2.285003 2.888800 2.256155 
2.375969 1.940267 2.217085 2.940776 2.819009 3.806535 2.721022 2.610039 4.015612 4.065856 3.180808 2.819907 3.477144 3.506658 4.102583 
3.336665 2.757958 2.694554 3.740253 3.205408 3.031974 2.842865 2.891626 3.269222 3.436881 4.037210 2.790937 3.059148 3.851122 3.770922 
3.066014 2.814007 3.394487 3.476927 4.110690 3.749336 2.997252 3.154968 4.479656 3.715428 3.407171 3.120979 3.746396 3.829311 3.567388 
4.116214 2.775703 3.165320 3.987495 3.478499 3.099183 3.121659 3.081085 3.972023 3.755245 3.864306 2.879216 3.105943 4.075032 3.196016 
3.067485 2.734726 3.530638 3.905107 3.931944 5.070354 3.265524 4.273489 5.378944 4.518052 4.064471 3.945349 5.121615 4.796019 4.807233 
4.312977 2.649568 2.789069 3.656220 3.951884 3.094743 3.092549 3.908729 3.802983 4.131932 3.051957 2.160367 2.444314 2.978592 2.918536 
2.918607 2.620602 2.963900 2.663507 3.220729 4.668621 3.007083 3.469107 4.303754 4.568242 3.082681 3.373315 3.928129 3.635081 3.502964 
3.489540 2.511614 2.862342 4.287319 3.589278 2.942807 2.557230 3.225419 3.554181 3.383051 4.977212 3.739626 3.869675 4.931888 3.995495 
3.864681 3.671177 4.023845 4.815470 4.535865 3.112902 2.060604 2.325362 3.565992 2.831274 3.136952 2.619769 2.679195 3.165917 2.849036 
0.000000 0.000000 152105982519801406275190784.000000 0.000000 0.000000 0.000000 0.000000 0.000000 0.000000 0.000000 0.000000 0.000000 0.000000 0.000000 0.000000 
0.000000 0.000000 0.000000 0.000000 0.000000 0.000000 0.000000 0.000000 0.000000 -nan 0.000000 0.000000 0.000000 0.000000 0.000000 
0.000000 0.000000 0.000000 0.000000 0.000000 0.000000 0.000000 0.000000 0.000000 0.000000 0.000000 0.000000 0.000000 0.000000 0.000000 
0.000000 0.000000 0.000000 0.000000 0.000000 0.000000 0.000000 0.000000 0.000000 0.000000 0.000000 0.000000 0.000000 0.000000 0.000000 
0.000000 0.000000 0.000000 0.000000 0.000000 0.000000 0.000000 0.000000 0.000000 0.000000 0.000000 0.000000 0.000000 0.000000 0.000000 
