15 15
3.491321 2.294002 2.202464 3.444346 2.922142 2.928834 3.493884 2.624647 3.499143 1.829445 3.500774 2.807015 1.903774 2.409884 3.264207 
2.873571 2.535750 2.254694 2.620223 2.772739 3.036120 2.364733 2.367318 3.006148 1.387921 2.814869 2.968079 2.066521 2.953608 2.728457 
3.487162 3.604025 2.528677 3.935860 3.864638 2.937356 3.046086 3.176063 5.199794 2.951435 3.396725 4.025313 4.010508 3.839586 4.232595 
3.277781 2.593942 2.530282 2.812121 3.607135 3.126587 2.563041 2.528292 3.731892 2.186013 3.043557 3.601808 2.433733 3.575842 3.437700 
3.358761 3.131270 2.711330 3.039135 3.532374 3.231987 2.803342 2.357398 4.219321 2.088730 3.331557 3.654077 3.016635 3.697341 3.644928 
3.758090 3.040609 3.657729 3.725358 3.872936 2.927947 3.108037 3.826882 4.556143 3.072302 3.652453 4.015248 4.005806 3.177095 3.912018 
2.780452 2.768301 2.851054 3.606095 3.525271 2.224414 2.569452 2.802425 3.149511 2.017687 2.609434 3.106385 3.088567 1.848227 3.373854 
3.605897 3.293588 3.199355 3.577726 3.526217 3.287673 2.868727 3.522709 4.505808 2.440610 3.050054 3.798720 3.922133 2.570169 3.594339 
3.300908 2.729702 3.454964 3.945236 4.337393 3.548149 3.343087 3.588749 4.677547 2.913653 4.039961 4.015084 3.311040 3.052739 3.853760 
3.172608 3.148296 2.729940 2.885612 2.960684 1.979536 2.137319 2.815830 4.459284 2.156581 3.749301 3.682571 2.538654 2.801049 4.334277 
1.932015 1.910288 2.576399 2.000037 2.235101 2.107178 2.298340 1.656234 3.024264 1.777389 2.057514 2.031899 2.293792 2.538062 3.217950 
2.904915 1.657770 2.029788 2.607245 2.710679 1.257231 2.176608 1.910272 3.071831 1.536857 2.374947 2.485336 2.207640 1.582908 2.762543 
2.750950 2.487514 2.119166 3.249041 2.848143 2.411362 2.787189 2.212222 3.586516 2.485228 2.653350 2.987137 2.993019 2.564898 2.825079 
2.891940 3.228518 2.616880 2.691000 3.115424 2.508539 2.209185 2.803725 3.832789 2.419846 2.773516 2.644410 2.787412 3.010965 3.642369 
3.138891 2.082756 2.631164 3.239480 3.347103 2.340164 3.018272 3.268333 3.453115 1.863392 2.214158 3.518959 3.156683 2.292320 2.756186 
