15 15
2.649191 3.532541 2.371198 3.344554 2.396439 3.310272 3.658682 3.123861 2.849645 2.793252 3.105075 2.462515 2.575795 3.479044 3.185115 
2.344796 3.997493 3.601122 3.901616 2.338723 3.663271 2.926075 3.534103 2.395276 2.387519 2.556133 2.920061 2.948191 4.187563 2.458019 
2.387466 4.465315 2.689253 4.013027 3.104202 3.478635 3.743525 3.614692 3.613701 3.016511 2.983952 3.401623 4.147940 4.649254 3.484993 
2.030326 3.689644 2.591972 2.906440 2.855360 2.664650 2.871904 2.935744 2.322894 2.257522 2.151519 2.880652 2.732116 3.955244 2.950003 
2.234711 3.330627 1.941085 2.516080 2.718048 3.194596 2.381594 2.388489 2.171980 1.926159 2.759825 2.535948 2.371218 3.557524 2.566036 
2.266291 3.029243 3.231517 3.162647 2.257410 2.787856 2.515956 3.285838 2.479800 2.129412 2.149363 3.444000 3.145611 3.217463 1.590474 
2.262839 4.741272 3.543707 4.124636 3.580323 3.662684 3.360648 4.235800 2.034267 2.207425 3.767548 3.768482 2.781431 3.890322 3.445897 
1.641858 3.505751 2.920293 3.576383 2.511692 3.181607 2.439120 3.741418 2.057391 2.058538 2.526013 2.464705 2.674160 3.629093 1.998116 
1.546432 3.399971 3.108579 3.535983 3.017432 2.615272 2.654537 3.512635 2.854958 2.724017 2.925445 3.654840 2.858319 3.083292 2.037906 
1.289643 2.592688 1.946519 2.582872 1.989023 1.348993 1.875530 1.828534 2.604607 2.010552 2.144799 1.908950 1.858555 2.781132 2.581793 
1.823257 4.355009 3.744632 2.927832 3.257931 2.932398 3.458137 3.657602 2.924122 2.776975 2.619941 3.022363 3.186633 4.906300 3.640828 
1.948388 2.513744 2.393459 3.300121 2.335778 1.940046 2.250745 2.277308 2.240339 1.499130 2.805861 2.511808 2.065723 2.072922 2.518553 
1.893461 3.176512 2.047159 2.383749 2.751013 2.185379 2.813640 2.606956 1.585511 2.348146 2.503382 2.361378 2.428934 2.862424 2.680567 
2.014772 3.168697 2.246792 2.794217 2.497291 2.943120 2.669805 3.027827 1.616828 1.633892 1.602855 1.642605 2.038154 3.100260 2.666098 
1.235077 2.488471 2.492556 2.628702 2.038256 1.594645 1.990696 3.220745 1.362820 1.481285 1.786322 2.638294 1.974043 2.513037 1.571823 
