15 15
35.359126 29.935552 27.964580 36.552430 33.158580 33.965989 27.317318 28.959155 34.175931 28.110100 33.708660 40.750242 33.282070 37.084715 35.400952 
23.968252 20.622203 19.088651 25.233025 21.974539 23.457051 18.647881 19.204424 23.127560 19.325288 22.876335 28.369032 22.592478 25.827795 22.268691 
34.982003 29.488600 28.075335 37.419122 33.148369 33.874226 26.986726 27.582263 34.642917 28.153355 34.070299 41.318411 34.247681 38.040886 35.096836 
32.206279 26.842932 25.962233 34.065040 30.939426 31.309600 25.034529 25.366396 31.623218 26.124918 30.611312 38.386087 30.740103 34.141872 31.712001 
34.811027 29.972638 28.237485 37.629358 33.770689 34.516546 26.839469 27.962398 35.179076 28.465295 34.279465 41.540195 34.084879 37.738157 34.752086 
35.653119 29.011642 29.180375 37.862875 33.900136 34.937244 27.935776 28.658552 35.136776 28.787562 34.708512 42.347559 34.674518 38.226461 35.380914 
32.736015 27.297123 26.235199 34.299252 31.011293 31.193489 25.174207 26.497751 31.062916 26.714391 30.409782 37.971742 30.426845 33.372374 32.483119 
33.033794 28.448767 27.259214 35.528750 31.591209 33.063111 25.725610 27.457922 33.414512 27.447640 32.695014 39.627977 32.507148 35.973625 32.401490 
43.720419 36.446971 36.017414 46.718727 42.340557 42.432940 33.762769 36.165779 43.730149 36.181424 42.588641 52.044379 42.591435 46.658930 44.707285 
35.037029 29.990172 28.403013 37.424291 33.406104 33.563838 26.880916 28.207596 35.274755 28.863884 34.937775 41.906517 34.365166 38.182252 35.510979 
28.735407 24.665198 24.007267 31.239236 28.228670 28.790224 22.185211 23.118548 29.849798 23.769966 28.970103 34.893118 28.618805 33.123975 29.718845 
36.224099 29.746390 29.357048 37.880913 35.505151 34.514087 27.652908 28.892986 35.833078 29.066603 35.023258 42.263124 34.810479 37.655890 37.520861 
31.760645 26.106603 25.266597 32.972888 30.012145 30.348101 24.415658 25.864240 30.363962 25.565818 29.978560 36.614312 30.040609 32.852346 31.518139 
41.726706 35.378918 34.073669 44.214818 39.588715 41.337467 32.461209 33.876328 41.622102 33.927880 40.329555 49.158343 40.189763 45.179507 41.436334 
28.756515 23.353101 23.185346 30.133934 27.353989 27.818443 22.345154 24.102411 27.896671 23.513319 27.748522 34.001472 27.838618 30.674353 28.414755 
