15 15
39.055117 42.415844 40.087781 36.119274 42.107229 31.319846 38.627377 37.503884 52.141254 39.280421 36.046127 40.460102 45.295126 36.659334 39.139717 
29.624640 33.056441 31.733395 28.727311 32.071320 25.392501 29.555853 29.954423 40.398400 30.011690 27.933230 32.602071 35.154515 29.723872 29.167818 
27.041933 29.498772 29.108930 26.450608 30.295444 23.435129 27.294998 27.079726 37.637837 27.519052 26.097747 30.959621 33.267013 26.930545 27.012611 
34.998549 37.236642 35.937393 31.127347 36.405345 28.797376 33.258444 32.361844 45.505187 34.191176 31.856880 36.961877 39.302784 33.311584 34.127984 
35.867477 39.855591 36.837796 33.668007 38.601954 30.338929 34.851084 34.972323 48.373724 35.997567 33.546859 38.277609 42.011070 35.337796 36.319247 
33.899683 34.886345 34.988603 31.038581 34.933823 27.995471 31.495005 32.541294 44.672124 32.941966 31.019722 35.511780 38.931011 32.017349 31.735893 
32.105598 34.389263 34.229146 30.558120 34.507542 27.161386 30.631067 31.027271 42.709483 31.431882 30.189560 34.580243 37.318596 30.818755 32.260156 
29.866943 32.852814 31.755528 26.255552 32.781524 24.515315 27.968812 29.112863 39.351956 30.638732 27.250449 31.005942 35.040965 28.436035 30.412573 
27.300418 30.483456 29.573495 26.334302 30.066729 23.487375 27.288700 27.806028 37.098044 28.130899 26.231454 30.275351 32.247789 26.738837 27.727856 
31.440860 32.730067 33.753846 29.240054 34.218406 24.830513 30.022503 30.640368 43.046834 31.471458 29.929880 33.966120 36.892590 29.972469 31.335716 
39.497024 42.343984 42.012319 35.989082 41.796445 32.620098 38.381405 37.850930 53.316725 39.660166 36.749340 42.013582 45.716244 38.723257 39.568656 
38.363834 39.242020 39.856866 35.419155 40.424903 30.606114 37.003903 36.317454 51.198970 36.962400 35.805155 41.120874 43.718612 35.590585 36.989122 
34.639090 37.216786 36.922335 33.760783 37.120759 29.728699 35.810582 33.952182 47.061299 34.585782 32.953255 39.552420 40.855075 33.827456 33.943681 
32.230594 33.741593 33.285005 30.160382 33.095950 27.177481 30.173911 31.653198 42.689463 31.177054 29.567394 34.052493 36.241585 31.095166 30.450810 
32.435352 35.999226 33.772452 30.086863 34.796137 26.684038 32.930490 31.561162 43.643759 32.627824 30.279565 35.763334 37.722134 31.647035 32.234068 
