15 15
38.634394 41.107671 39.873118 36.873266 40.919333 33.301987 38.003974 36.842590 50.141629 38.226801 36.603707 41.767148 43.940975 38.313532 39.545883 
29.553151 32.182457 30.848471 29.931115 31.840931 26.192174 29.365386 29.252564 39.679441 28.927785 29.048404 33.650852 34.537162 30.035115 30.156795 
27.712128 29.623871 27.717142 27.941720 29.650804 23.914982 26.652156 26.712812 36.993533 26.457408 26.769361 31.881382 32.254376 27.707161 27.860834 
34.976925 36.451895 34.926294 32.453740 36.527220 29.571383 32.368950 32.340961 43.876910 33.151942 32.265576 38.184681 38.577839 34.006815 33.964908 
36.267840 38.354801 36.882770 34.760029 38.105574 31.553094 34.342555 34.161499 47.627663 35.472107 34.144812 39.053441 40.970564 35.715499 37.062201 
33.535559 34.927739 33.279311 32.306085 35.172375 28.371927 31.528222 32.221084 42.738168 31.622591 31.573065 36.674602 37.687616 32.354053 32.549378 
32.250747 34.013458 32.798645 31.031681 34.447251 27.581144 30.358203 31.181141 41.217012 31.316476 30.358429 35.110970 36.705226 31.756455 32.731580 
29.823463 32.093327 31.092253 26.981919 31.400926 25.676582 27.939886 28.870597 38.354544 29.665806 27.513076 31.920621 34.233449 30.074605 30.194828 
27.366728 29.702735 29.008732 27.604372 29.890807 24.097537 26.649761 27.497127 36.654426 27.243707 26.851456 31.698147 31.493849 26.881269 27.838041 
31.146191 33.123963 32.320786 29.166267 33.961175 26.276159 29.241111 29.826605 40.878395 30.725088 29.937782 34.534218 36.197715 31.539961 31.888462 
39.424688 42.110210 40.566262 37.286085 42.870323 33.932356 37.408026 37.631022 51.418200 38.739264 37.323633 43.129011 45.564891 39.120416 39.562018 
38.188456 38.976595 38.280164 36.386545 40.772942 31.955005 35.554212 35.432220 49.675650 35.818022 36.005258 42.111078 42.989800 36.051109 37.593197 
34.983235 36.224415 35.805836 34.974104 38.379165 30.583407 33.924125 33.548541 46.231491 34.138596 33.754198 40.269150 41.008205 34.009301 34.516414 
32.077806 33.528896 31.899062 30.605298 33.690449 27.418799 29.800979 31.045866 41.323272 30.649739 29.988015 34.613539 35.953071 31.233798 31.449441 
32.456149 34.199703 33.045775 31.529579 35.112673 27.819331 31.863677 31.422555 42.869494 31.530186 31.228815 36.989059 38.188823 31.999635 31.938467 
