15 15
3.713741 2.935535 1.718625 2.779674 2.879965 2.789476 3.217722 3.063082 2.882329 2.741759 3.902632 2.969031 2.141335 3.382817 3.098455 
2.886007 2.954610 1.967456 2.109396 2.970147 3.046228 1.798073 2.864564 1.925677 2.259567 3.359941 2.797038 1.506651 3.912381 2.819509 
3.334867 4.128316 2.482933 2.663638 4.834184 4.097345 2.978426 3.760416 3.091483 3.658691 4.098551 3.713091 3.003743 4.616323 3.992510 
3.690434 3.556111 2.034462 2.217760 4.163430 3.255430 2.526763 3.261961 2.380727 2.658207 3.705647 3.639285 2.119720 4.112929 3.792878 
3.202131 3.390107 1.938337 2.552162 3.358216 3.592224 2.530904 2.967977 2.879799 2.766908 3.647877 3.762180 2.961206 4.482510 4.060993 
3.973440 3.086144 3.170485 2.984598 3.951246 3.603827 3.092371 4.116473 3.500717 3.706022 3.805220 4.080457 3.778434 4.196658 3.865817 
2.652564 2.832971 2.589975 2.545923 3.245616 2.865332 2.214380 2.600398 1.891844 2.583293 3.256197 2.821379 2.577262 2.872076 3.244629 
3.257581 3.372133 3.051595 2.301723 3.862978 4.126677 2.370149 3.106860 2.544059 3.628815 3.956334 3.113156 3.031811 3.890467 3.136112 
3.716356 3.558629 2.720668 3.287202 4.600931 3.643752 3.242047 3.941438 3.265755 3.593213 4.772171 3.979522 3.171202 3.897783 4.190559 
2.809624 2.376080 2.026998 3.162580 3.067597 2.577349 2.037485 2.843747 4.014658 2.982644 3.142575 3.637102 2.441010 3.816469 4.332771 
2.266790 2.164666 2.293495 1.405125 2.165043 2.098366 2.173199 2.243669 2.443482 2.502075 2.346760 2.290175 2.500255 3.131973 3.129103 
2.301402 1.708136 1.743248 2.126414 2.633436 1.805481 1.777934 2.166778 2.649276 1.772653 2.845821 2.211001 1.444995 2.365922 2.699199 
3.023897 3.134670 2.132728 1.904860 3.451829 3.192290 2.915863 2.920427 1.584233 3.063255 3.362832 3.037601 2.684968 2.843740 2.715945 
3.279185 2.988610 2.118852 2.420437 2.908313 3.050690 2.357768 3.043610 2.779364 2.765012 2.278142 3.002114 3.061237 3.567261 3.993753 
2.770864 2.689965 2.569637 1.949777 3.490601 2.664672 2.162797 3.477464 1.979678 2.792113 3.661549 2.881642 1.932914 3.519591 2.508232 
