15 15
43.915515 37.361102 42.204293 38.629498 25.402328 32.063577 40.838411 33.586443 43.371972 43.087377 36.308530 32.632039 38.359229 35.364438 27.532011 
33.419725 28.788306 32.223855 28.315532 19.254524 24.020737 30.327095 24.539691 32.861087 32.177505 27.116312 24.358063 28.613621 27.203330 21.149959 
40.206865 34.447526 38.788389 35.068681 23.917135 28.643071 37.397975 30.665282 40.483684 39.384721 32.779809 29.642931 35.892468 32.791932 26.661769 
38.729513 33.018866 35.884778 32.563305 21.794319 27.034290 35.487712 29.749556 36.752160 37.095123 31.120148 28.227236 33.510709 30.839021 24.018953 
44.917932 37.805162 41.872688 37.957059 25.986401 32.112063 40.783776 32.990225 44.341656 42.634358 36.636658 32.529917 39.698280 36.140660 28.294145 
36.364340 31.059151 36.101442 32.337990 21.609645 26.771852 33.994259 28.325321 36.636161 35.997373 29.323211 28.539472 33.356986 30.172973 22.235319 
27.674822 24.279275 25.796302 23.974096 16.452093 20.266950 25.922390 22.164814 26.963287 26.522501 22.724880 20.748970 24.053614 22.294134 16.768536 
30.821314 27.401990 30.665294 26.991445 18.088095 23.207629 28.875848 24.076695 32.131902 30.927972 26.120227 23.746353 28.128852 27.153007 19.319634 
42.192784 36.061050 41.575962 37.850117 25.831876 31.447517 39.746729 33.448877 42.680404 42.167038 34.986153 32.632575 38.544353 34.636948 26.506398 
37.113740 31.501941 36.281214 32.497508 21.442813 26.942171 34.716388 29.289189 37.352802 36.286751 30.963806 27.859998 32.465563 30.554303 23.871070 
33.421213 29.351247 32.628904 28.568983 18.926890 24.594918 31.516915 25.676308 34.146322 32.996595 27.791018 24.690005 29.723521 28.841215 21.326132 
44.160181 36.450180 40.981384 37.307645 25.226476 30.212376 40.340846 32.631875 41.667086 41.392328 34.720334 31.780179 37.558170 33.222584 27.915320 
35.987406 30.459924 35.262995 32.452019 21.740340 26.464796 33.803472 27.769175 36.288347 35.718012 29.687622 27.888873 33.206255 30.390445 22.727655 
42.126479 36.133754 40.259502 36.058635 24.719451 30.469964 39.001933 32.573663 41.627380 40.849014 33.272572 30.541209 36.535524 34.354893 27.257865 
42.155564 36.275117 40.804276 36.716060 24.807494 30.206006 39.222904 32.591802 42.426405 41.415759 34.321667 32.226588 37.879274 35.046871 26.076005 
