15 15
3.103835 3.898620 3.255211 4.384011 3.024256 3.613583 3.529984 3.483422 2.863171 2.776817 3.048097 3.388081 2.718484 3.463430 2.386506 
1.557966 3.271617 2.519119 2.954575 1.503078 3.253958 2.683673 3.044749 1.803129 1.707116 2.298984 2.153481 2.366358 3.262860 2.308746 
1.529773 3.078023 2.264064 3.412380 2.096211 2.509643 2.453865 2.745821 2.641727 2.265944 2.295191 3.066750 3.117698 3.374160 2.290493 
2.465602 3.164920 2.694591 2.857046 2.502470 3.024197 2.409292 2.451895 2.223878 2.114450 1.891771 3.063910 2.710895 3.102250 2.397167 
2.083789 3.061109 2.269562 2.811682 2.272103 2.781517 2.013994 2.244789 2.291052 1.861617 2.168854 2.477399 2.561233 3.433285 2.220260 
1.889331 2.759011 3.138614 3.417600 2.429782 2.810607 2.255934 3.277811 2.051883 2.120495 2.454346 3.231792 2.679929 2.975334 1.619916 
1.930311 2.795484 1.918565 2.940627 2.678040 2.779322 2.222039 2.355824 1.481602 1.560032 1.996801 2.095690 2.044376 1.965591 2.614360 
2.046918 3.021513 2.756321 2.298439 2.028694 2.869660 1.752702 2.551668 2.120058 2.366596 2.291389 2.423401 2.589428 2.723847 1.960367 
1.866616 3.300690 2.959522 2.983862 2.969434 3.076155 2.989705 3.245212 2.461190 2.711166 2.998584 3.038900 2.863975 2.904911 2.952237 
1.201569 2.351119 2.149976 2.778571 1.402901 1.782221 1.903002 2.142453 2.387293 1.668327 2.308201 2.295866 1.874281 2.494993 2.353385 
1.664281 3.045090 3.262306 3.227541 2.901841 3.148305 2.403464 2.704767 2.134814 2.245780 2.089116 2.105940 2.478491 3.190372 2.844719 
2.964955 3.334724 3.163055 3.797064 2.734923 3.169186 3.405614 3.199411 2.784416 1.887690 3.257718 3.429449 2.990944 2.992039 3.291425 
1.869612 3.077943 2.662558 3.000043 2.265558 2.497112 2.450214 3.051477 1.456104 1.970816 2.883718 3.032843 2.328108 2.903329 1.847002 
2.481579 4.024552 2.694099 3.002612 2.629656 3.280162 3.395566 3.869295 2.951296 2.453215 2.212788 2.929997 2.960553 4.364529 2.985872 
1.875122 3.296695 2.350254 2.989030 2.927969 2.377657 2.781003 3.662973 2.328637 2.243188 2.437871 2.929394 2.595917 3.225128 2.251550 
