15 15
2.640091 3.795273 2.900872 3.247082 2.331832 2.917814 3.439605 3.195754 2.413487 2.281614 2.892789 3.000949 2.399249 3.400767 2.453380 
2.095001 3.630098 2.633454 2.660851 1.920977 3.185191 2.895664 2.964495 2.052507 1.916363 2.197565 2.224686 2.550704 3.827860 2.449945 
2.235473 4.601907 2.861510 4.266933 3.695343 3.485344 3.862464 3.704000 3.105014 3.082019 3.091041 3.201088 3.891642 4.637784 3.909754 
2.320098 4.225664 2.703915 2.933502 3.111655 3.065551 3.441653 3.298317 2.568813 2.406036 2.452490 3.098648 3.083092 4.345943 3.403465 
2.187628 4.170056 2.669778 2.925406 2.819356 3.296350 2.761612 3.023728 2.691787 2.427255 3.373562 3.183264 2.928636 4.213993 3.107346 
2.612225 4.142366 3.881360 4.472341 3.471103 3.601920 3.442432 4.316612 2.987423 2.763133 2.823464 3.978581 3.770137 4.099639 2.361967 
2.296868 3.455359 2.659604 3.590572 3.047629 3.125356 2.465303 3.049155 1.906999 1.791441 2.490857 3.116122 2.387084 2.678096 2.347238 
2.733657 4.019842 3.478348 3.679584 3.102038 4.038776 3.006895 3.929300 2.609694 2.772484 2.888397 3.053630 3.305948 4.186604 2.691248 
2.261266 4.504838 3.580068 4.097380 3.736589 3.609943 3.932120 4.397173 3.305770 3.088733 3.449044 3.656096 3.685042 4.269104 3.305416 
1.441671 3.564685 3.428047 4.216121 2.502713 2.142907 2.264373 3.076197 2.699994 2.265532 3.107512 2.838284 2.301762 3.632800 2.825132 
1.380237 2.671316 2.605056 2.017592 1.917211 2.274219 2.276256 2.422655 2.482461 1.917146 1.513411 2.283344 2.474396 3.331948 2.252701 
1.799243 2.162516 1.891501 3.015296 2.140340 1.921941 2.302305 2.119453 1.950446 1.131328 2.505156 2.149501 1.858057 1.732248 2.423470 
2.300281 3.214441 1.959024 2.857457 2.961192 2.702871 3.114293 2.938679 2.323128 2.718769 2.601067 2.867411 2.841409 3.200670 2.546947 
2.413328 3.903346 2.914996 2.990980 2.818012 2.760302 2.274682 2.914521 2.659061 2.496855 2.098795 2.602360 2.548307 3.290384 2.358872 
2.408462 3.057279 2.395574 3.031000 2.474802 3.154190 3.412784 3.982017 2.362888 1.985697 2.133175 2.892782 3.045409 3.467369 2.602003 
