15 15
3.155404 3.172369 1.967357 2.722167 3.345759 3.715968 2.962580 2.947497 2.413523 3.136638 3.716429 3.244806 2.015266 3.425635 3.345117 
3.228749 3.137819 2.619532 2.672061 3.333261 3.632009 2.126979 3.267560 3.044852 3.365070 3.469464 3.523611 2.318190 4.348918 3.215829 
3.379013 3.852854 2.532201 2.927186 4.041135 3.595289 2.805188 3.647608 3.026861 3.618825 4.095085 4.158883 3.481662 4.719523 4.436185 
3.336939 3.089138 1.848593 2.095326 3.748676 3.015042 2.260069 2.745660 2.405470 2.643040 3.061213 3.479144 2.106109 3.542041 3.400862 
2.747414 2.717595 1.842494 1.885998 3.040271 3.158112 1.969476 1.980042 1.843358 2.250251 3.443866 2.490569 2.371044 3.625931 3.309562 
3.023815 2.235563 2.582861 2.469247 2.529690 2.595101 2.377375 3.093894 2.680431 2.811311 2.854139 3.556084 3.308154 3.335981 2.820404 
3.252532 3.847295 2.775404 3.501799 4.152510 3.943011 3.209271 3.604355 2.798143 2.893087 3.886579 4.025755 3.018203 4.202592 4.134927 
2.961684 2.589041 2.220758 2.455824 3.156275 3.262108 1.950075 2.882301 2.885692 2.986987 3.080495 2.929016 2.580570 3.291941 3.075866 
2.878456 2.802077 2.596454 2.720486 3.091650 2.891752 3.074817 3.405072 3.205292 3.418756 3.306842 3.757737 3.439789 2.840614 3.243925 
2.160576 2.088161 1.438302 1.857094 2.478754 1.844869 1.454191 2.094130 2.306128 2.019572 2.664898 2.552211 1.560307 2.618384 3.412635 
3.496922 3.531718 2.547452 2.161090 3.971500 3.445720 3.350284 3.291133 3.330939 3.189665 3.490542 3.293592 3.045387 4.329853 4.232086 
2.532195 1.888317 1.809606 2.521287 2.760511 2.075264 2.026398 2.262260 3.114257 2.149039 2.807043 2.848275 2.052238 2.647939 3.162118 
2.641399 2.921140 1.346201 1.863384 3.499621 2.855876 2.539886 2.787046 1.621273 2.341189 2.980439 2.660630 1.917048 2.781273 2.291361 
2.830185 2.692007 1.934587 1.763397 3.263442 3.003133 1.904136 2.520242 1.984344 2.094605 2.530568 1.552008 1.303482 2.902380 2.512206 
2.196659 1.879444 1.505653 1.890343 2.522375 1.764269 1.968225 2.991507 2.656125 2.195824 1.972609 2.787992 1.893957 2.607438 1.862140 
