15 15
44.979462 37.804697 43.516216 37.871295 23.728278 31.059231 42.121199 34.368934 44.522933 43.721388 35.746165 30.253271 37.576829 34.536187 26.379718 
34.660527 29.702917 33.006954 27.511436 18.022856 23.686241 31.681505 25.724453 32.928719 33.245127 25.971542 23.219482 29.437010 25.880337 19.424784 
41.457730 35.317535 39.707232 34.066254 22.137662 28.274642 38.625646 30.972537 40.773723 39.937627 32.205261 27.921135 36.906291 32.216044 24.412315 
39.122603 33.452518 36.736964 31.234560 20.995117 26.707678 36.687252 29.670651 38.323505 38.398350 31.459356 26.493305 33.828277 30.138994 22.364066 
45.879807 38.286935 43.832021 37.012528 24.281191 31.964293 42.786040 34.064664 44.670660 44.717987 35.969676 30.232917 40.452744 34.891313 26.282151 
37.454245 31.135498 36.586760 31.370098 19.616929 25.147788 35.574981 28.269559 37.211921 37.182766 29.460789 27.098828 33.150857 29.858894 21.023200 
27.772991 24.569557 26.431912 23.717575 16.094500 19.193132 27.140328 22.083613 27.926866 28.432054 23.270851 19.929070 24.619935 21.380670 15.747371 
32.127148 28.172588 30.792282 26.359998 17.043676 22.283075 30.009357 24.934420 32.483103 31.915685 26.493188 22.057212 27.983172 25.622417 18.053125 
43.034795 36.285899 43.178236 37.321344 23.872295 30.105450 41.226944 33.563542 43.842965 43.537167 35.144188 30.289967 38.014105 34.152391 25.421372 
37.572561 32.430102 37.277867 31.816718 20.297468 26.097716 36.027543 29.307846 38.562485 37.477271 30.929382 26.002006 32.602987 29.828938 22.504234 
34.071585 30.003022 33.183370 27.889371 18.717378 23.657305 32.808352 26.408663 35.306859 34.291390 27.619603 23.702895 30.279091 27.131670 20.072341 
44.457088 36.963782 42.734969 35.407575 23.492582 29.460558 41.769042 32.932576 43.345077 42.591870 34.123473 29.610044 38.007234 32.862649 26.459124 
37.217664 30.824777 36.419016 31.864676 20.009032 25.375602 34.963358 27.921710 37.105700 36.586830 29.825265 25.891345 32.505424 29.935720 21.745896 
43.205016 36.728714 41.481888 34.988941 23.191190 29.566260 40.128881 32.784254 42.692413 41.844017 33.482038 28.573397 37.477214 33.436627 25.444429 
43.346064 36.486474 41.745561 35.888960 23.116755 28.856820 40.801094 33.119330 43.295851 42.671060 34.300958 30.519003 37.927100 33.948645 24.553606 
