15 15
34.123413 28.709955 26.891030 37.636901 34.750888 34.997718 25.848873 28.079725 33.736915 26.765262 34.116961 43.127237 32.959250 38.041181 36.521846 
23.872126 20.090222 18.710803 25.683241 22.792970 24.683546 17.550076 19.377264 22.273449 18.108826 22.480460 29.061988 22.577333 26.504793 23.634379 
34.375139 28.976927 26.407281 37.650627 34.985334 34.727659 25.548623 27.658176 33.693905 26.844113 34.107516 43.245810 33.665981 38.563034 36.567080 
31.969587 26.243262 24.292045 34.345352 32.146027 31.949278 23.657545 25.246044 30.816800 24.469412 31.079034 39.538940 30.074807 34.759213 33.532872 
34.418772 28.842741 26.782853 37.540110 34.928913 35.397396 25.543389 28.213956 34.004337 27.113289 34.227492 43.099095 33.713068 38.505919 36.497176 
35.197374 28.852912 27.387097 38.618582 35.940776 35.500784 26.391076 28.332537 34.408788 27.487199 35.144033 44.463793 34.664937 38.587033 37.149874 
31.966253 26.593107 24.271195 34.248082 32.261099 32.168529 23.345514 25.382140 30.499168 24.057478 31.092183 39.406244 30.369886 34.892924 33.563210 
32.689355 27.849103 26.407111 35.728646 32.703289 34.133426 24.260175 27.405563 32.209921 26.141282 32.451785 41.024869 32.800454 37.087633 34.101071 
41.994205 35.575844 34.069150 47.043342 44.670869 43.177189 31.723053 35.007645 43.296643 34.292561 43.310029 54.642881 43.059502 48.080575 46.512054 
33.594739 28.918172 27.336228 37.956136 35.279887 34.033689 25.353823 28.506359 34.880344 27.303608 34.687921 43.857705 33.861755 38.691195 37.470476 
28.407367 24.554897 23.054887 31.290129 29.519770 29.517490 21.121701 24.038572 28.630492 23.046125 28.521050 36.339181 29.005076 32.909708 30.866962 
34.840541 28.816127 26.996556 38.562301 37.154229 34.657347 26.364298 28.055168 35.451327 27.381223 35.985945 44.590377 33.975207 38.327608 38.950417 
30.860233 25.469279 23.678261 33.428264 31.385446 31.023277 23.125602 24.784530 29.902891 24.076189 30.525574 38.387220 29.676659 34.078988 32.843038 
41.650295 35.007318 32.579555 44.912765 40.957866 42.742659 30.510981 33.884108 40.020087 32.163876 40.292690 51.219523 39.909344 46.001582 42.899657 
28.063265 23.455125 22.006652 30.388134 28.839775 28.471546 20.988906 23.417926 27.848905 22.218049 28.148510 35.430723 27.437518 31.428565 29.905125 
