15 15
34.944831 30.190745 27.313601 37.065280 34.459148 34.103565 26.633829 28.467587 35.263715 27.525870 33.987860 41.511424 34.087608 37.772877 36.489263 
23.617639 20.706691 19.044881 24.638934 23.811958 23.204538 18.209124 19.327782 23.054688 18.885445 22.542635 28.305356 23.277047 25.450682 24.104180 
33.734447 29.215214 27.391400 37.131258 34.968137 33.993772 26.637912 28.264582 35.365087 27.169825 34.006368 42.865544 34.517519 37.602569 35.905897 
31.422673 26.857824 25.152861 33.217936 32.954508 31.310845 24.175096 25.769778 31.881572 25.461317 30.826336 38.930931 31.010923 33.905719 32.918629 
34.323301 29.710971 27.306907 37.185320 35.759564 34.335940 26.371823 28.789241 35.607380 27.663504 34.164512 42.560884 34.642481 37.036885 35.945609 
34.454945 29.814428 28.702050 37.217864 35.645485 34.667134 27.426156 28.573035 35.313575 28.136643 34.622917 43.628676 34.918661 38.581881 36.912634 
32.381158 27.466185 25.642100 34.372734 32.244474 31.634484 24.266692 26.449088 32.356481 25.108247 31.005345 38.760731 30.780878 33.867014 33.010257 
32.527348 28.827959 27.284776 34.833953 33.509232 32.497521 25.167520 27.694313 33.352783 26.977285 32.101044 40.082351 33.253779 35.966803 34.252071 
42.187987 37.049880 35.331433 46.599426 44.179992 42.177037 33.504118 36.139791 44.532164 35.100099 42.514355 53.419388 43.265109 47.271841 45.693840 
33.218078 29.950212 27.996747 37.556568 35.149916 33.806539 26.418755 29.253425 35.520748 27.543539 34.037502 43.565089 34.109056 37.553669 36.664156 
28.268341 24.197179 24.072594 30.206918 29.654454 28.746090 21.619068 23.609519 29.429177 23.475664 27.996638 35.441847 29.019318 31.791852 30.735891 
35.178237 29.978168 28.076186 38.426460 36.138576 35.045081 26.870460 29.149636 37.113463 27.901263 35.419223 44.247058 34.610310 38.207033 37.398459 
30.928596 26.429566 24.619648 33.181919 31.416194 30.383341 23.893201 25.677709 31.386523 24.729882 30.545772 37.515879 30.799217 33.801286 32.187951 
41.729325 35.807055 33.709925 43.279658 41.504926 41.300703 30.891116 33.607081 41.805773 33.444833 39.775666 49.581712 40.538974 44.920820 43.321135 
27.698017 23.945189 22.856632 29.418870 28.531131 27.758626 21.470669 24.107666 28.471030 22.913539 27.806788 34.867751 27.714562 31.687429 29.480939 
