15 15
39.342479 42.118082 40.955583 36.642558 40.198996 32.040122 39.437454 37.321953 51.775352 39.170109 36.621602 39.997141 44.398777 36.470139 37.861475 
30.626670 32.243980 32.108404 29.357617 31.031037 25.909535 30.433446 30.275732 40.441659 29.723835 28.430888 32.277310 34.757404 28.669811 28.584337 
28.406955 29.901037 28.965914 27.348054 28.378263 23.581424 27.769764 26.845978 37.918842 27.555673 26.284553 30.911176 32.422260 27.203910 26.226387 
35.412330 37.503730 36.267609 31.484410 34.733068 28.538263 34.161744 32.243062 44.888564 34.814390 31.822760 36.139973 39.042440 33.775725 32.732015 
37.295265 39.001117 37.941287 34.175743 36.720995 30.933126 35.580037 34.591143 48.148343 36.117474 34.088093 37.063355 41.953213 34.602779 34.801945 
34.389889 35.206812 34.899051 31.228583 34.082817 27.571808 32.786855 32.874978 43.974279 33.205852 30.951767 35.094252 38.251415 31.521421 31.436042 
32.788424 34.530640 34.097437 30.373329 33.215449 26.981012 31.272374 30.460049 42.776162 32.417711 31.131087 33.167023 36.708375 31.574575 31.155249 
30.386339 32.783116 31.242847 26.551768 30.894987 24.419404 29.463648 28.631526 39.487986 31.536427 28.459078 30.998432 34.756613 28.650208 28.450697 
28.174533 30.491382 29.653478 26.939018 28.416247 23.673629 28.047008 27.781721 36.944960 28.068195 26.329557 30.027756 31.880016 26.426257 26.493441 
32.025972 33.123306 33.473332 29.507364 33.004802 24.749667 30.652374 30.376914 42.172456 32.492029 30.337489 33.360900 35.944827 29.803453 30.881826 
40.423154 41.939412 42.130268 36.432839 40.677803 32.353715 39.415517 38.207983 52.342092 40.547944 37.203267 40.697913 45.655935 38.275671 38.450365 
39.431191 39.693833 39.781427 36.072722 38.679796 30.702157 37.265822 36.148629 50.250960 37.758063 35.352045 40.390628 42.518508 35.116046 35.836550 
36.380845 36.726744 37.626838 33.988376 35.692400 29.923664 35.439828 33.981988 46.605437 35.341869 33.099891 37.825855 40.473379 33.901048 32.933241 
32.810841 33.797447 33.734518 30.636146 32.275256 27.065534 30.966613 31.326810 42.027120 31.857972 29.502399 32.748485 36.035473 30.810121 30.140927 
32.907573 34.471468 34.786954 30.803352 33.413624 26.996392 33.779259 32.257546 43.399970 33.227021 30.466571 34.979207 37.969413 31.188978 30.622326 
