15 15
44.641268 38.105479 43.436171 37.394190 24.731419 30.444393 41.845327 33.734755 45.009122 44.033096 35.616763 30.923476 38.910966 35.293843 27.317800 
33.191499 29.822852 32.758653 27.011369 19.704957 23.296301 31.087083 25.749375 33.397528 33.503612 26.329039 23.302539 29.943894 27.131049 20.303371 
39.474441 35.412397 38.982808 33.340528 24.370724 27.800818 38.251592 31.420929 40.806938 40.203534 31.993895 28.659272 37.276237 32.545781 25.745306 
38.635410 33.601314 37.827651 31.185872 22.597388 26.830269 35.019220 29.417894 37.824304 38.117705 30.628408 26.548623 34.786741 30.494392 23.961780 
44.466658 39.691245 43.056380 36.863104 26.276304 32.076966 41.253156 33.684001 44.899227 43.651669 35.767655 31.165781 40.233720 35.877964 27.743420 
36.194126 31.049227 36.633195 30.448532 21.232053 25.093465 35.292149 28.170667 37.335480 36.942436 28.645037 27.441323 33.486783 29.289063 22.548592 
27.956794 24.425524 26.869314 23.598695 17.046942 19.757425 25.498478 22.280638 28.391409 27.351791 22.882017 20.136965 24.724967 21.475364 16.911164 
31.351613 28.657642 31.155367 26.912691 18.286945 22.010519 29.563171 24.679593 33.021318 31.360423 26.081033 22.513307 29.006924 26.799685 19.387155 
42.448358 36.450364 42.837344 37.154088 25.006809 30.154005 40.917025 33.464764 44.539023 42.599534 34.718855 31.720941 38.645835 33.877698 26.420153 
37.376232 32.656817 37.266289 31.783045 21.280979 25.897645 35.290820 29.580384 39.030517 36.989997 30.535464 27.162283 32.917358 30.089596 23.839946 
33.974771 30.309750 33.230432 27.527849 19.967066 23.423875 31.405381 26.111114 35.466884 34.436906 27.111934 23.306859 30.872568 27.828437 21.162124 
43.615438 37.217799 42.673570 35.206062 25.307803 29.385154 41.032846 32.351273 43.463909 42.589960 34.136887 30.268692 38.994038 32.982330 27.845179 
36.372977 31.091849 35.844500 31.778186 21.046807 25.215514 35.112744 27.781558 37.412272 36.037483 29.105534 26.978841 33.117070 29.397144 22.512466 
41.667285 36.803738 40.990100 35.192084 24.870869 29.548491 39.648659 33.162142 43.239610 41.277150 33.029144 29.971554 38.014757 33.643914 26.455726 
42.064307 36.630722 41.620713 35.240127 25.012699 28.640777 40.236004 32.891695 43.556815 42.451372 33.727147 30.843754 38.747879 34.092727 25.863598 
