15 15
-33.593837 -30.624543 -28.086601 -39.472017 -35.888206 -37.108376 -26.317553 -29.926910 -33.639753 -28.530911 -35.823641 -44.484785 -33.828907 -39.576053 -36.745701 
-22.231263 -20.204577 -17.699721 -26.038414 -23.234473 -24.010418 -17.080191 -19.082746 -22.183339 -18.401599 -23.872254 -28.941701 -22.359625 -26.187826 -24.214505 
-33.236553 -29.631119 -26.864875 -39.004541 -36.360150 -35.361560 -25.389025 -28.204405 -33.589457 -27.639696 -35.901936 -44.029747 -34.257632 -37.927832 -36.974870 
-30.627588 -26.908372 -24.253982 -35.666764 -32.234275 -32.456444 -23.388007 -25.453736 -31.154816 -25.164664 -33.356197 -39.814329 -30.830849 -35.158098 -33.771321 
-33.456827 -29.778637 -27.160029 -39.289366 -36.126467 -36.306896 -25.829952 -28.648338 -34.068923 -28.230444 -36.668599 -44.234024 -34.254447 -38.714081 -36.964156 
-33.407645 -29.969296 -26.904906 -39.247398 -35.690623 -35.275546 -25.555229 -28.270214 -33.710443 -27.415430 -35.709344 -43.840417 -34.280861 -38.465693 -37.042268 
-32.349914 -28.691155 -26.024400 -37.304146 -33.991869 -34.803832 -24.647891 -26.927950 -32.623016 -26.636939 -34.812730 -42.376825 -32.658292 -37.716431 -35.220832 
-31.161200 -28.559322 -25.562643 -36.803543 -33.066599 -34.034339 -23.929590 -26.907662 -31.848326 -26.382380 -34.189045 -41.336585 -32.292280 -37.377601 -34.528520 
-41.440853 -37.808251 -34.315024 -48.742997 -44.796372 -44.685007 -31.482636 -35.505646 -42.378400 -34.604434 -44.964248 -55.507709 -43.035784 -49.106694 -46.477878 
-32.598256 -29.433537 -26.817648 -38.303986 -35.565464 -34.577015 -24.699076 -28.281518 -33.269749 -26.959749 -35.149458 -43.833181 -33.914230 -37.783652 -36.096529 
-25.726712 -23.340934 -20.662870 -30.999841 -28.105583 -27.201806 -19.807369 -22.756697 -26.762277 -21.851460 -28.458966 -35.012858 -27.514284 -30.182152 -28.677416 
-34.917218 -30.862402 -28.841790 -41.214503 -38.039119 -37.662736 -27.290695 -29.886609 -35.829789 -29.417594 -37.968832 -46.369949 -35.694412 -39.831086 -38.854672 
-30.941556 -27.821517 -25.293588 -35.791481 -32.919266 -33.674116 -23.804994 -26.239209 -31.110254 -25.939018 -32.987849 -40.315476 -31.282352 -36.284789 -34.308732 
-38.715026 -34.784248 -31.442531 -45.765354 -40.473653 -41.953337 -30.051774 -33.765943 -39.390555 -32.705947 -42.312291 -51.222979 -39.370334 -45.598058 -41.950912 
-27.075301 -24.370156 -22.211258 -31.061426 -28.264657 -29.091529 -20.467583 -23.111610 -27.711765 -22.437434 -28.865709 -34.814802 -27.439093 -31.593699 -29.973365 
