15 15
-34.415255 -32.105333 -28.509172 -38.900396 -35.596466 -36.214223 -27.102510 -30.314773 -35.166553 -29.291519 -35.694540 -42.868972 -34.957266 -39.307749 -36.713118 
-21.976775 -20.821046 -18.033799 -24.994106 -24.253460 -22.531411 -17.739239 -19.033264 -22.964578 -19.178218 -23.934429 -28.185069 -23.059339 -25.133714 -24.684306 
-32.595861 -29.869406 -27.848994 -38.485171 -36.342953 -34.627672 -26.478314 -28.810810 -35.260639 -27.965408 -35.800788 -43.649481 -35.109169 -36.967367 -36.313686 
-30.080675 -27.522933 -25.114797 -34.539348 -33.042757 -31.818011 -23.905558 -25.977470 -32.219589 -26.156569 -33.103499 -39.206320 -31.766966 -34.304604 -33.157079 
-33.361356 -30.646868 -27.684084 -38.934576 -36.957117 -35.245440 -26.658385 -29.223624 -35.671966 -28.780659 -36.605619 -43.695812 -35.183859 -37.245046 -36.412589 
-32.665216 -30.930813 -28.219859 -37.846679 -35.395333 -34.441895 -26.590309 -28.510712 -34.615230 -28.064874 -35.188228 -43.005299 -34.534584 -38.460541 -36.805027 
-32.764818 -29.564233 -27.395306 -37.428798 -33.975244 -34.269787 -25.569069 -27.994899 -34.480329 -27.687708 -34.725891 -41.731312 -33.069284 -36.690521 -34.667879 
-30.999193 -29.538178 -26.440308 -35.908849 -33.872541 -32.398434 -24.836934 -27.196412 -32.991189 -27.218383 -33.838303 -40.394068 -32.745605 -36.256771 -34.679519 
-41.634635 -39.282287 -35.577308 -48.299081 -44.305495 -43.684854 -33.263701 -36.637792 -43.613920 -35.411972 -44.168574 -54.284217 -43.241391 -48.297961 -45.659665 
-32.221595 -30.465577 -27.478167 -37.904418 -35.435494 -34.349865 -25.764008 -29.028584 -33.910153 -27.199679 -34.499040 -43.540565 -34.161530 -36.646126 -35.290210 
-25.587686 -22.983215 -21.680577 -29.916630 -28.240267 -26.430406 -20.304736 -22.327645 -27.560962 -22.280998 -27.934553 -34.115524 -27.528527 -29.064296 -28.546344 
-35.254914 -32.024443 -29.921420 -41.078663 -37.023467 -38.050470 -27.796857 -30.981076 -37.491924 -29.937634 -37.402110 -46.026630 -36.329516 -39.710511 -37.302714 
-31.009920 -28.781804 -26.234975 -35.545137 -32.950014 -33.034180 -24.572593 -27.132388 -32.593885 -26.592711 -33.008047 -39.444136 -32.404910 -36.007087 -33.653644 
-38.794056 -35.583985 -32.572901 -44.132247 -41.020713 -40.511380 -30.431909 -33.488916 -41.176240 -33.986904 -41.795268 -49.585168 -39.999963 -44.517296 -42.372389 
-26.710053 -24.860220 -23.061237 -30.092161 -27.956013 -28.378609 -20.949346 -23.801349 -28.333889 -23.132923 -28.523987 -34.251831 -27.716138 -31.852563 -29.549179 
