15 15
-43.497723 -37.129253 -41.259715 -36.836128 -24.833454 -30.743831 -40.860497 -34.547190 -45.522392 -42.259057 -37.567515 -30.462686 -38.018276 -34.425295 -26.202773 
-34.541115 -29.207395 -31.589452 -28.716331 -18.908901 -23.655955 -31.419531 -27.020458 -34.497048 -32.902646 -28.845260 -24.427697 -29.464078 -25.369964 -19.854066 
-39.930774 -33.548492 -37.371339 -33.864392 -21.884259 -27.496844 -36.445664 -30.805891 -40.083541 -37.662332 -33.240992 -27.768214 -34.431573 -30.580076 -23.487270 
-37.617300 -32.378026 -35.996995 -32.539525 -22.218187 -27.029711 -36.273677 -30.020223 -41.440466 -38.514254 -33.613651 -27.952023 -33.591310 -30.479025 -21.673762 
-44.974185 -38.278939 -42.582535 -37.630917 -24.782371 -31.134143 -42.790484 -35.336545 -46.069223 -44.877087 -37.589674 -32.344813 -39.512297 -34.528462 -25.476195 
-34.512818 -29.352261 -32.118551 -29.217438 -19.066452 -23.469905 -32.288251 -26.455237 -35.278997 -33.299655 -28.996561 -25.212716 -30.208465 -27.815013 -20.228100 
-28.252501 -24.301868 -27.180279 -24.476963 -17.021789 -20.562720 -27.938237 -23.219249 -30.529167 -29.739399 -24.935498 -20.762668 -25.769577 -22.088328 -15.823759 
-32.940373 -28.488027 -30.409906 -27.025494 -18.776246 -22.555175 -30.932777 -26.504017 -33.863229 -33.302930 -28.703049 -22.860341 -28.434318 -25.412017 -19.377261 
-42.576072 -36.089811 -41.118034 -35.969242 -23.912549 -29.830739 -40.659081 -33.235495 -43.829502 -41.911266 -35.693819 -29.703043 -37.571105 -34.284286 -25.578955 
-37.928915 -32.998086 -36.391550 -32.184202 -21.996135 -27.191396 -36.808906 -30.449684 -39.798855 -37.887292 -32.517042 -26.949371 -33.711872 -29.676444 -22.307363 
-34.044406 -29.269758 -32.129609 -29.347885 -20.389092 -24.717013 -32.558338 -28.256175 -36.802301 -34.245473 -30.306426 -25.305785 -30.529318 -25.715273 -19.644445 
-42.550387 -36.648296 -41.193138 -36.158229 -24.461608 -30.161652 -40.530252 -32.926893 -45.335917 -41.331797 -35.914748 -30.729218 -37.525622 -34.135814 -25.632517 
-35.393516 -29.948476 -34.036804 -29.775160 -19.685878 -24.508937 -33.452689 -27.567762 -36.176614 -34.329575 -29.428818 -24.892636 -31.079847 -28.635142 -21.602998 
-42.415836 -35.712268 -40.647298 -35.760832 -23.817615 -29.703460 -39.720857 -32.935284 -43.378528 -41.027069 -35.593747 -29.045607 -37.226915 -33.092609 -25.514820 
-41.747790 -35.066686 -39.181987 -35.371655 -23.328566 -28.834404 -38.747440 -32.548576 -42.955878 -40.534713 -35.483683 -29.864202 -36.430741 -32.758717 -24.605734 
