15 15
-39.077082 -41.449852 -41.759470 -36.194920 -39.607890 -32.423490 -36.961643 -38.053836 -52.858065 -42.120001 -37.601950 -39.911277 -45.160160 -38.436263 -36.434623 
-29.265197 -30.911374 -31.582909 -27.232150 -30.923490 -23.998476 -28.458407 -29.113086 -39.525601 -31.550383 -28.356172 -30.421683 -34.930649 -28.502703 -28.314712 
-26.772414 -27.907435 -29.488382 -25.420300 -27.275769 -21.913967 -26.397476 -25.568958 -36.169559 -28.391079 -25.921339 -29.283079 -31.896892 -27.348155 -25.187661 
-34.608989 -36.591129 -37.417744 -31.056702 -34.626395 -28.141768 -33.321899 -32.492033 -45.177582 -36.983500 -31.946345 -35.015984 -39.940085 -33.904808 -32.271680 
-36.494273 -36.917405 -38.506895 -32.949963 -35.847315 -29.394795 -34.006012 -34.824209 -47.689376 -37.400576 -34.248928 -35.780675 -41.687735 -34.368833 -33.450661 
-32.881531 -35.846873 -35.268011 -30.307497 -34.687774 -26.895292 -32.620558 -31.958625 -44.046049 -35.879789 -31.046332 -34.366060 -38.876179 -32.404486 -32.090589 
-31.813253 -33.689909 -34.689326 -29.189443 -32.208235 -26.450283 -31.458270 -29.623125 -42.988675 -34.259863 -30.366263 -33.030977 -36.840585 -32.083175 -30.185297 
-30.334165 -31.924750 -31.534080 -26.865196 -30.647004 -24.270994 -28.070148 -28.788292 -40.165362 -33.553323 -28.849974 -30.856534 -34.679011 -29.417885 -26.868820 
-27.846730 -28.841689 -29.799614 -25.248279 -27.506227 -22.328259 -25.900020 -26.708538 -36.056431 -28.663013 -25.763655 -28.000683 -31.853604 -26.719548 -25.690245 
-31.685248 -34.497542 -34.095926 -29.584488 -32.366842 -26.149563 -30.961954 -30.817108 -42.155472 -34.946450 -30.405117 -33.809919 -36.452835 -32.023770 -30.818345 
-38.742029 -41.010925 -41.983801 -35.114496 -39.781870 -31.550453 -37.834444 -37.446718 -50.370706 -41.669168 -36.277071 -39.519393 -45.215681 -37.736892 -37.636022 
-38.397741 -40.329002 -41.574198 -35.194417 -38.328424 -31.202326 -36.642793 -36.587311 -49.847737 -40.544282 -35.559448 -39.745063 -43.954377 -37.856649 -36.562045 
-34.593372 -35.024255 -38.520514 -31.042198 -34.199574 -28.217068 -33.675029 -32.220233 -44.602143 -35.713276 -31.916807 -35.264701 -40.091387 -33.902189 -33.468345 
-31.426092 -33.996446 -33.929095 -29.217361 -32.087514 -25.848582 -31.074505 -30.222360 -41.310065 -33.527068 -29.498452 -32.324110 -36.305488 -31.290181 -30.851203 
-32.151915 -32.921289 -35.077593 -28.585854 -33.142752 -26.112908 -30.825098 -31.014459 -42.068393 -34.926810 -29.915847 -32.108060 -37.934646 -30.675701 -30.130735 
