15 15
-43.159529 -37.430035 -41.179669 -36.359023 -25.836595 -30.128993 -40.584625 -33.913010 -46.008580 -42.570764 -37.438112 -31.132891 -39.352413 -35.182951 -27.140856 
-33.072088 -29.327330 -31.341151 -28.216265 -20.591002 -23.266015 -30.825109 -27.045379 -34.965857 -33.161131 -29.202757 -24.510753 -29.970962 -26.620676 -20.732653 
-37.947485 -33.643354 -36.646915 -33.138666 -24.117321 -27.023020 -36.071610 -31.254282 -40.116756 -37.928239 -33.029627 -28.506350 -34.801518 -30.909813 -24.820261 
-37.130106 -32.526823 -37.087682 -32.490838 -23.820457 -27.152302 -34.605645 -29.767466 -40.941265 -38.233609 -32.782703 -28.007341 -34.549774 -30.834422 -23.271476 
-43.561037 -39.683248 -41.806894 -37.481493 -26.777485 -31.246817 -41.257600 -34.955882 -46.297790 -43.810768 -37.387652 -33.277678 -39.293273 -35.515113 -26.937464 
-33.252699 -29.265990 -32.164985 -28.295872 -20.681576 -23.415583 -32.005420 -26.356344 -35.402555 -33.059325 -28.180808 -25.555212 -30.544391 -27.245183 -21.753492 
-28.436304 -24.157834 -27.617681 -24.358083 -17.974231 -21.127013 -26.296387 -23.416274 -30.993709 -28.659135 -24.546664 -20.970563 -25.874609 -22.183023 -16.987552 
-32.164838 -28.973081 -30.772991 -27.578187 -20.019515 -22.282619 -30.486591 -26.249190 -34.401444 -32.747669 -28.290894 -23.316436 -29.458070 -26.589284 -20.711291 
-41.989636 -36.254276 -40.777142 -35.801987 -25.047063 -29.879294 -40.349162 -33.136716 -44.525560 -40.973633 -35.268486 -31.134016 -38.202835 -34.009593 -26.577737 
-37.732587 -33.224801 -36.379972 -32.150528 -22.979646 -26.991325 -36.072183 -30.722222 -40.266888 -37.400017 -32.123123 -28.109647 -34.026243 -29.937102 -23.643076 
-33.947593 -29.576486 -32.176671 -28.986363 -21.638780 -24.483583 -31.155367 -27.958626 -36.962326 -34.390989 -29.798757 -24.909749 -31.122795 -26.412041 -20.734228 
-41.708737 -36.902313 -41.131739 -35.956716 -26.276829 -30.086247 -39.794056 -32.345590 -45.454749 -41.329887 -35.928162 -31.387866 -38.512426 -34.255495 -27.018572 
-34.548830 -30.215548 -33.462288 -29.688669 -20.723652 -24.348849 -33.602075 -27.427610 -36.483185 -33.780229 -28.709088 -25.980133 -31.691493 -28.096566 -22.369568 
-40.878105 -35.787292 -40.155510 -35.963975 -25.497294 -29.685691 -39.240634 -33.313172 -43.925725 -40.460203 -35.140853 -30.443764 -37.764458 -33.299896 -26.526117 
-40.466033 -35.210935 -39.057139 -34.722821 -25.224509 -28.618361 -38.182351 -32.320941 -43.216843 -40.315025 -34.909872 -30.188953 -37.251520 -32.902799 -25.915726 
