15 15
-42.433776 -36.685659 -39.947791 -37.594331 -26.507504 -31.748177 -39.577709 -33.764699 -44.371430 -41.625046 -38.129880 -32.841454 -38.800676 -35.253546 -27.355066 
-33.300313 -28.292784 -30.806353 -29.520427 -20.140569 -23.990451 -30.065121 -25.835695 -34.429416 -31.835024 -29.990030 -25.566277 -28.640689 -26.692957 -21.579240 
-38.679909 -32.678484 -36.452496 -34.866819 -23.663733 -27.865273 -35.217993 -30.498636 -39.793503 -37.109426 -33.815541 -29.490009 -33.417749 -31.155964 -25.736724 
-37.224210 -31.944374 -35.144808 -33.868270 -23.017389 -27.356323 -35.074137 -30.099129 -39.869121 -37.211027 -33.274442 -29.685954 -33.273742 -31.179052 -23.328649 
-44.012310 -37.797165 -40.623202 -38.575448 -26.487581 -31.281913 -40.788220 -34.262106 -45.740219 -42.793458 -38.256655 -34.641813 -38.757833 -35.777810 -27.488189 
-33.422913 -29.275914 -31.633233 -30.185330 -21.059169 -25.093970 -30.707529 -26.510998 -34.703236 -32.114262 -28.858983 -26.653361 -30.414594 -28.129093 -21.440219 
-28.154332 -24.011585 -26.544669 -24.733484 -17.379382 -21.636538 -26.720299 -23.300451 -29.565588 -27.829845 -24.389527 -21.582568 -25.203256 -23.001792 -16.844924 
-31.634540 -27.717429 -30.282917 -27.656940 -19.820665 -23.479730 -29.799268 -25.646293 -33.512028 -32.315217 -28.330088 -24.549482 -28.579998 -26.942607 -20.643770 
-41.734061 -35.864962 -39.515760 -36.498016 -25.872130 -31.172806 -39.178867 -33.120830 -42.666941 -40.541137 -35.535784 -32.045650 -38.101353 -34.768844 -26.663981 
-37.470094 -32.069925 -35.394897 -32.864991 -23.141480 -28.035852 -35.497751 -30.431027 -38.589172 -36.696772 -32.551465 -28.807362 -33.574448 -30.401808 -23.674200 
-33.394035 -28.617983 -31.575143 -30.027497 -20.598604 -25.654626 -31.266901 -27.523819 -35.641764 -32.950678 -30.477841 -26.292895 -29.973748 -27.424818 -20.898236 
-42.253480 -36.134695 -39.439553 -38.058299 -26.195503 -30.913469 -39.102056 -32.626193 -43.657927 -40.132255 -36.511609 -32.899353 -37.076557 -34.495749 -27.088713 
-34.163258 -29.583623 -32.880783 -30.362503 -21.417185 -25.598131 -32.292803 -27.415226 -35.359260 -33.460757 -29.291176 -26.890165 -31.780678 -29.089867 -22.584757 
-41.337299 -35.117307 -39.424913 -36.830526 -25.345876 -30.607164 -38.593908 -32.724693 -42.313495 -40.032067 -35.384280 -31.013419 -36.285225 -34.010876 -27.328256 
-40.557290 -34.855329 -38.240703 -36.198755 -25.019305 -30.183591 -37.169251 -32.021048 -42.086433 -39.279411 -35.504392 -31.571787 -36.382915 -33.856944 -26.128133 
