15 15
-38.789720 -41.747614 -40.891668 -35.671636 -41.516123 -31.703215 -36.151566 -38.235767 -53.223967 -42.230312 -37.026476 -40.374238 -46.056510 -38.625457 -37.712864 
-28.263167 -31.723835 -31.207900 -26.601844 -31.963773 -23.481441 -27.580814 -28.791778 -39.482341 -31.838238 -27.858513 -30.746443 -35.327760 -29.556764 -28.898193 
-25.407391 -27.505170 -29.631398 -24.522854 -29.192950 -21.767672 -25.922710 -25.802706 -35.888553 -28.354458 -25.734534 -29.331525 -32.741644 -27.074791 -25.973886 
-34.195208 -36.324041 -37.087528 -30.699639 -36.298672 -28.400881 -32.418599 -32.610815 -45.794205 -36.360287 -31.980465 -35.837887 -40.200429 -33.440667 -33.667650 
-35.066485 -37.771879 -37.403404 -32.442227 -37.728274 -28.800598 -33.277059 -35.205389 -47.914757 -37.280669 -33.707694 -36.994929 -41.745592 -35.103850 -34.967963 
-32.391325 -35.526406 -35.357563 -30.117495 -35.538780 -27.318955 -31.328708 -31.624942 -44.743894 -35.615903 -31.114286 -34.783588 -39.555776 -32.900414 -32.390439 
-31.130427 -33.548532 -34.821036 -29.374234 -33.500327 -26.630657 -30.816964 -30.190347 -42.921996 -33.274033 -29.424736 -34.444196 -37.450806 -31.327355 -31.290203 
-29.814769 -31.994448 -32.046761 -26.568980 -32.533541 -24.366905 -26.575312 -29.269629 -40.029331 -32.655628 -27.641344 -30.864044 -34.963362 -29.203712 -28.830697 
-26.972614 -28.833763 -29.719632 -24.643563 -29.156709 -22.142004 -25.141712 -26.732845 -36.209515 -28.725717 -25.665553 -28.248278 -32.221377 -27.032128 -26.924660 
-31.100137 -34.104303 -34.376439 -29.317178 -33.580446 -26.230409 -30.332083 -31.080561 -43.029850 -33.925879 -29.997507 -34.415138 -37.400598 -32.192785 -31.272236 
-37.815899 -41.415497 -41.865853 -34.670739 -40.900513 -31.816835 -36.800332 -37.089665 -51.345339 -40.781390 -35.823144 -40.835063 -45.275991 -38.184477 -38.754313 
-37.330384 -39.877190 -41.649637 -34.540850 -40.073531 -31.106283 -36.380874 -36.756137 -50.795747 -39.748618 -36.012558 -40.475309 -45.154481 -38.331189 -37.714617 
-32.851617 -35.514297 -37.816012 -30.814605 -35.627933 -28.022103 -34.045784 -32.190427 -45.058005 -34.957190 -31.770171 -36.991267 -40.473083 -33.828597 -34.478786 
-30.845845 -33.940592 -33.479582 -28.741597 -32.908208 -25.960529 -30.281803 -30.548749 -41.972408 -32.846150 -29.563448 -33.628118 -36.511600 -31.575226 -31.161086 
-31.679695 -34.449047 -34.063091 -27.869366 -34.525265 -25.800554 -29.976330 -30.318074 -42.312182 -34.327613 -29.728842 -32.892187 -37.687367 -31.133758 -31.742476 
