15 15
-38.368996 -40.439441 -40.677004 -36.425628 -40.328227 -33.685356 -35.528163 -37.574473 -51.224342 -41.176693 -37.584056 -41.681285 -44.702359 -40.279655 -38.119030 
-28.191678 -30.849850 -30.322977 -27.805649 -31.733383 -24.281115 -27.390347 -28.089919 -38.763382 -30.754333 -28.973687 -31.795225 -34.710407 -29.868007 -29.887170 
-26.077587 -27.630269 -28.239610 -26.013966 -28.548311 -22.247525 -25.279869 -25.435792 -35.244250 -27.292814 -26.406148 -30.253286 -31.729008 -27.851407 -26.822108 
-34.173584 -35.539294 -36.076429 -32.026032 -36.420546 -29.174888 -31.529105 -32.589932 -44.165928 -35.321053 -32.389161 -37.060692 -39.475485 -34.135898 -33.504574 
-35.466848 -36.271088 -37.448378 -33.534249 -37.231894 -30.014762 -32.768530 -34.394565 -47.168696 -36.755209 -34.305647 -37.770761 -40.705086 -35.481553 -35.710917 
-32.027201 -35.567800 -33.648272 -31.384999 -35.777332 -27.695411 -31.361925 -31.304732 -42.809937 -34.296529 -31.667630 -35.946411 -38.312380 -33.237118 -33.203924 
-31.275576 -33.172726 -33.390534 -29.847795 -33.440036 -27.050415 -30.544100 -30.344217 -41.429525 -33.158628 -29.593605 -34.974924 -36.837436 -32.265055 -31.761627 
-29.771290 -31.234961 -31.383486 -27.295348 -31.152943 -25.528172 -26.546385 -29.027364 -39.031919 -31.682702 -27.903971 -31.778724 -34.155846 -30.842282 -28.612952 
-27.038924 -28.053042 -29.154868 -25.913633 -28.980787 -22.752167 -24.502773 -26.423944 -35.765897 -27.838524 -26.285555 -29.671074 -31.467437 -27.174560 -27.034845 
-30.805468 -34.498199 -32.943379 -29.243390 -33.323215 -27.676055 -29.550692 -30.266799 -40.861411 -33.179509 -30.005409 -34.983236 -36.705723 -33.760278 -31.824982 
-37.743563 -41.181723 -40.419795 -35.967742 -41.974390 -33.129093 -35.826953 -36.869757 -49.446815 -39.860488 -36.397437 -41.950491 -45.124637 -38.581637 -38.747676 
-37.155007 -39.611765 -40.072935 -35.508240 -40.421570 -32.455174 -34.931183 -35.870903 -49.272427 -38.604241 -36.212662 -41.465514 -44.425669 -38.791713 -38.318691 
-33.195763 -34.521926 -36.699512 -32.027927 -36.886339 -28.876811 -32.159326 -31.786786 -44.228197 -34.510004 -32.571114 -37.707997 -40.626213 -34.010442 -35.051519 
-30.693057 -33.727895 -32.093638 -29.186513 -33.502707 -26.201847 -29.908870 -29.941416 -40.606217 -32.318835 -29.984068 -34.189164 -36.223086 -31.713858 -32.159717 
-31.700492 -32.649525 -33.336413 -29.312081 -34.841801 -26.935847 -28.909516 -30.179468 -41.537917 -33.229974 -30.678092 -34.117912 -38.154055 -31.486358 -31.446875 
