15 15
-34.829551 -31.850140 -29.160151 -38.387546 -34.295898 -36.076648 -27.785999 -30.806341 -34.078769 -29.875750 -35.415340 -42.107790 -34.151727 -38.619588 -35.624808 
-22.327388 -20.736558 -18.077568 -25.588198 -22.416041 -22.783924 -18.177996 -18.909906 -23.037450 -19.618060 -24.268129 -28.248745 -22.374770 -25.510828 -22.848817 
-33.843417 -30.142792 -28.532930 -38.773036 -34.523186 -34.508126 -26.827128 -28.128492 -34.538469 -28.948938 -35.864718 -42.102348 -34.839331 -37.405685 -35.504625 
-30.864280 -27.508042 -25.924169 -35.386452 -31.027675 -31.816766 -24.764991 -25.574087 -31.961235 -26.820170 -32.888475 -38.661476 -31.496145 -34.540757 -31.950451 
-33.849081 -30.908534 -28.614662 -39.378614 -34.968242 -35.426046 -27.126032 -28.396780 -35.243662 -29.582450 -36.720572 -42.675124 -34.626258 -37.946318 -35.219066 
-33.863390 -30.128026 -28.698184 -38.491690 -33.649983 -34.712006 -27.099929 -28.596230 -34.438432 -28.715794 -35.273824 -41.724182 -34.290441 -38.105121 -35.273308 
-33.119676 -29.395171 -27.988404 -37.355316 -32.742064 -33.828791 -26.476584 -28.043562 -33.186764 -29.293853 -34.130328 -40.942322 -32.715251 -36.195881 -34.140740 
-31.505639 -29.158986 -26.414746 -36.603646 -31.954519 -32.964024 -25.395024 -26.960020 -33.052917 -27.688738 -34.432274 -39.939694 -31.998974 -36.263593 -32.828938 
-43.167067 -38.679379 -36.263288 -48.418382 -42.466060 -43.940758 -33.522353 -36.663780 -42.811905 -36.493297 -44.242859 -52.909208 -42.567717 -47.685050 -44.673109 
-34.040547 -30.505536 -27.884433 -37.772141 -33.691681 -34.107164 -26.226169 -27.982756 -33.664161 -28.520024 -35.399313 -41.881993 -34.417641 -37.274709 -34.137033 
-26.054751 -23.451234 -21.615250 -30.948948 -26.814482 -26.474540 -20.870879 -21.836673 -27.981583 -22.575300 -28.908019 -33.566795 -27.128014 -30.396419 -27.529298 
-36.300776 -31.792665 -31.202282 -40.533115 -36.390042 -37.519476 -28.579305 -30.724426 -36.211539 -31.102974 -37.006145 -44.042695 -36.529684 -39.159368 -37.425116 
-31.841969 -28.458841 -26.881924 -35.336105 -31.545965 -32.998940 -25.095050 -27.318919 -31.571325 -27.428647 -32.440835 -38.542568 -31.646302 -35.058147 -32.983833 
-38.791437 -35.155848 -32.936645 -45.067406 -39.104502 -40.548145 -32.002002 -33.758163 -40.992570 -34.469951 -42.349156 -49.161800 -39.650752 -44.775983 -40.487588 
-27.768552 -24.268132 -23.389952 -30.807226 -26.778871 -28.438426 -21.823831 -23.796094 -27.759530 -23.732704 -28.465721 -33.385552 -27.840194 -30.839487 -28.482994 
