15 15
5.118898 4.678175 4.166578 5.343889 4.882995 6.153274 3.587844 4.221816 5.608446 5.031305 5.590526 5.679696 4.997842 6.272938 5.009275 
3.671810 3.273249 3.245242 4.383660 4.271613 3.713894 2.825901 3.131100 4.652381 4.069962 4.888952 4.764779 4.194753 4.209952 4.218989 
3.352235 3.449160 3.116284 4.185887 3.873340 3.104492 2.832343 2.468759 3.693877 3.200115 3.750095 5.074494 3.932456 4.343551 4.237304 
4.764365 4.391484 3.715710 5.487896 4.483711 4.881225 3.924139 3.938002 4.442332 3.180924 4.256120 6.201007 4.090780 4.638280 4.680300 
5.083841 3.597415 3.721179 5.192218 4.541741 4.868862 3.585658 3.991680 5.709201 4.577416 5.470569 5.499116 4.459825 5.433175 5.108582 
4.546914 4.415833 3.241805 5.140460 4.868118 4.018027 3.974807 3.398039 4.121621 3.540872 4.655398 5.341604 4.074011 4.424098 4.957936 
4.342964 3.389776 3.687320 4.582483 4.064991 4.116923 3.688983 3.816105 4.170788 3.651577 4.036970 4.695232 4.795488 5.169901 4.972653 
4.225678 4.202474 3.811224 3.905036 2.973818 4.211390 2.744987 4.088566 3.863870 3.446441 3.576887 4.397120 3.354551 5.637673 4.282204 
3.382770 3.307120 3.005478 4.190516 3.564742 3.500760 2.928665 3.469277 3.960387 3.227181 3.906200 5.117659 3.207442 3.719745 4.062525 
3.594024 4.578990 3.337157 4.104055 4.598000 4.482155 2.608208 3.668555 3.547397 3.624955 4.090894 4.737491 4.720285 5.719363 4.394213 
4.961569 5.207468 4.249245 6.261086 5.656966 5.426797 4.024958 4.912471 5.021098 4.086638 5.099820 6.570943 5.474787 5.670100 5.114517 
4.449438 4.708588 4.067307 5.274608 5.696264 5.208041 3.951910 4.052157 4.689273 3.561770 5.308440 6.690742 5.193574 5.501053 5.441071 
3.881107 3.433529 4.205229 5.810960 5.274628 4.571355 3.738658 3.276430 5.181125 3.495491 4.935519 6.414346 5.367698 4.683838 4.919767 
3.972137 3.314410 2.856682 4.320634 5.060657 3.829868 3.256310 3.797015 4.317399 3.419841 4.548627 5.311912 4.543360 4.192203 4.927995 
4.508541 3.377640 3.797435 5.310242 4.425135 5.058361 2.949958 3.743530 4.581106 3.298256 4.387704 5.984542 4.498490 4.358056 3.752728 
