15 10
5.428892 3.755441 4.774171 5.265312 4.788389 3.305217 3.246698 5.016403 4.860467 5.593262 
3.407942 3.243697 3.633950 4.863132 3.641561 2.887161 2.663431 4.326862 4.275634 3.770846 
3.093925 3.518163 2.418877 4.594026 3.689040 3.485982 3.048073 4.093447 3.336020 4.074536 
4.957473 3.544468 3.934125 4.658687 4.809900 3.575227 3.948363 4.202264 4.945962 4.688103 
4.433082 3.120792 3.845412 5.370265 4.554424 3.631568 3.411053 4.800262 4.382267 4.106037 
5.000507 3.771737 4.099648 5.119994 4.368235 4.041999 4.214252 4.475338 4.316705 4.433717 
4.411648 3.477348 3.751717 4.490956 4.324895 3.967883 3.126972 3.882112 3.619236 4.109417 
4.907211 3.643576 3.221341 4.568960 3.170808 3.889311 2.561473 3.138616 4.735687 4.649352 
3.979824 2.353628 3.420536 4.100077 3.403044 3.325352 3.209470 3.552818 4.020626 3.810500 
4.511221 2.715925 2.853417 5.054240 3.859299 3.533778 3.289322 4.037111 4.759611 5.087054 
5.718282 3.777119 4.686154 5.065030 4.774378 4.462704 4.195941 4.864731 5.139993 4.735889 
4.793841 3.361294 4.024916 5.029149 4.860098 4.969574 4.999023 4.122886 4.413137 4.664345 
4.728316 3.806364 4.388343 4.947957 4.670861 4.082414 3.680209 5.324627 3.735601 3.769082 
4.243751 2.556744 3.539256 4.709479 3.831112 3.459681 3.806426 4.059928 3.425102 3.745837 
4.321382 3.884747 4.481275 4.330376 3.412305 4.045172 3.389159 3.827317 4.577908 3.785129 
