15 10
4.819046 4.090853 6.119061 5.997146 4.765009 3.963346 3.995811 5.521660 5.723629 5.582007 
4.411474 3.777436 4.130621 4.763753 3.792455 3.605959 3.344905 4.035941 4.590727 4.962809 
2.926095 3.710828 3.650122 4.640923 3.286116 3.881191 3.647394 4.509435 3.761287 4.052971 
3.376328 3.721347 5.143093 4.608283 4.369644 4.590082 3.280136 4.667637 4.818204 5.551797 
4.052030 2.945385 5.614142 5.105648 3.810117 4.483895 3.967812 4.819622 4.175616 4.921483 
3.891720 3.992024 5.640741 4.512832 4.154338 4.334119 3.515029 4.179249 4.245716 4.825158 
4.066519 3.795134 5.274709 4.702356 4.236761 4.877105 3.836776 4.432771 3.528944 4.292608 
3.856922 3.119190 4.342662 4.529778 3.173984 4.203912 3.111711 3.674237 4.816001 5.040765 
3.866778 2.843924 4.247539 3.687493 2.870321 3.973449 3.655356 3.779991 3.405290 4.096236 
3.267681 3.801436 4.446185 5.405314 3.538813 3.712254 2.845179 5.018495 4.392275 4.509809 
4.680365 4.562482 6.095981 6.121951 5.429443 5.415957 3.322121 5.613906 5.211960 5.989834 
4.206768 4.292848 5.137484 5.030768 4.092409 5.401993 4.945764 4.681277 4.060790 5.006279 
3.538852 4.068772 4.364373 5.009845 4.816716 4.663826 3.418960 5.505307 3.642871 5.198296 
3.270610 3.539341 4.542935 4.242666 3.927085 5.106389 3.023181 3.678607 3.603649 4.320310 
4.046755 3.528556 4.027981 4.409094 4.521951 4.344250 3.600029 4.454931 4.232836 5.574489 
