15 10
4.965602 4.715432 5.169089 4.739426 3.408321 3.998805 4.965107 4.413428 6.248061 5.016920 
4.772729 3.774149 4.708876 3.764577 2.934465 4.087485 3.055122 3.769847 3.673531 2.605121 
3.328492 3.692237 3.616156 4.576111 3.926134 3.887286 3.118465 3.719663 2.815324 2.407187 
3.944856 3.194933 3.542406 3.509529 1.998411 2.558887 3.441699 2.590596 4.271789 3.464623 
3.255787 3.468644 3.423023 3.295920 2.116585 4.619305 4.512626 4.713634 3.779742 2.582192 
3.146498 4.957718 3.557260 4.704576 4.688130 3.504279 3.350111 4.272980 3.878220 2.747312 
5.147779 4.077070 4.643558 4.235864 2.701690 3.887544 4.677089 3.831753 5.290468 4.392351 
4.577103 2.841153 4.860606 3.447291 2.711056 4.556371 3.905656 4.195655 3.682442 3.123970 
3.216512 4.302367 3.879884 4.689651 4.659992 3.752763 3.474664 4.018939 3.403858 3.018134 
4.127534 3.803994 4.155671 3.621957 2.775656 3.132483 4.181206 2.924914 5.248735 4.454124 
4.028285 2.608843 3.984397 4.056561 2.466269 4.085503 4.008640 3.288197 3.180359 2.446616 
2.634069 4.212251 3.173152 4.711150 4.793757 3.991376 3.229056 3.861728 3.236924 1.709341 
3.943951 3.573529 3.510765 3.265349 1.800380 2.683507 3.651712 3.184278 3.655765 3.220039 
3.230385 2.755372 3.379257 2.933529 2.232972 4.433864 3.604207 4.110876 3.981677 2.710149 
2.774412 3.739662 3.667194 4.505051 4.852764 3.965348 3.492427 3.479530 3.359145 2.727807 
