15 10
4.678240 5.013195 4.301286 4.216142 5.316555 3.278530 4.155030 4.595359 6.613963 5.127231 
4.197255 4.237110 5.605226 3.953771 4.212707 3.085456 3.867583 3.394838 3.043225 3.645404 
2.811458 2.814644 3.294847 4.532852 4.213990 3.389627 3.443226 4.116774 3.869385 2.990668 
2.579834 2.792668 3.685421 2.612083 3.915592 2.412593 2.966933 2.824343 3.990784 3.428002 
3.068981 3.517089 4.267775 3.022555 2.902810 4.205524 4.245538 4.383418 3.422678 4.254469 
3.405612 4.054418 3.676042 5.321199 4.064917 3.538400 4.172014 4.533324 3.414080 4.143282 
3.719991 4.931543 3.540067 3.728128 4.582649 3.293347 3.948136 4.212934 5.515849 4.272444 
4.035869 4.055407 4.918463 4.182308 4.228358 4.066165 3.585188 4.285207 3.492440 3.974976 
3.640174 3.010517 3.546201 5.387495 4.396106 3.820718 3.892192 4.698535 3.899786 3.317984 
3.444708 3.662616 4.287381 3.806748 4.067748 3.312856 3.539899 3.492137 5.182055 3.468295 
3.086758 4.022063 4.594618 3.300740 3.571176 3.566108 4.078338 3.800878 2.884143 4.333153 
2.729979 2.717415 3.654488 4.575119 3.896062 2.782746 3.236566 4.146079 3.022751 3.671218 
3.069836 3.565603 3.430783 2.660632 3.450862 2.497253 2.893404 3.208585 3.808849 3.282743 
3.132283 3.002967 3.747029 3.246109 3.467386 3.848752 3.210968 4.391389 3.714367 3.923753 
2.855258 3.109791 3.930647 5.379429 3.832193 3.557738 4.097646 4.427293 3.528161 3.181698 
