15 15
5.539621 5.986349 4.381241 4.589897 6.070892 4.171133 4.211247 4.883110 7.608071 6.084924 5.032946 4.372650 6.351993 4.618740 4.603109 
3.743300 4.147233 4.130166 3.179855 4.502003 2.914221 3.016368 3.832959 5.371340 5.153867 3.773778 3.715998 4.812105 3.898709 3.230012 
2.682040 3.324061 4.508072 2.694775 4.517979 2.624639 3.475185 2.835673 4.338181 4.261760 3.078481 4.152733 4.945092 3.566935 3.389082 
4.785989 5.176231 4.726809 4.161502 4.361836 4.107218 4.813633 3.958885 6.070609 4.220158 3.847425 4.978202 4.815724 3.943050 4.843376 
4.683479 5.098205 3.676205 4.100196 5.038121 3.654698 4.094188 4.802505 6.455262 5.102876 4.872616 4.723284 5.500331 5.055472 4.365628 
4.911038 4.374438 4.951096 3.872956 4.629566 3.641570 3.941590 3.718249 6.055577 4.860246 4.102055 4.178781 5.317407 4.087394 4.144451 
4.197815 3.765581 5.117822 4.108922 4.125281 3.697164 3.961847 3.662235 5.663258 3.766983 3.868101 4.164505 5.408858 4.232201 4.501229 
4.269158 4.961961 4.474499 3.178668 4.354416 3.050122 2.773914 4.330831 4.861282 4.419367 3.314260 3.482441 4.162066 3.999103 4.499949 
3.316460 4.087841 3.570242 2.920446 3.740664 2.890598 3.567604 3.778179 4.404005 4.114373 3.286198 3.694864 3.961382 3.577313 3.952339 
3.888693 4.185094 4.770216 4.177842 4.855232 3.036509 3.389600 4.482318 5.715836 4.371325 4.082992 4.169393 5.415160 4.151870 3.841467 
5.033905 5.441242 5.695303 4.964083 4.583088 4.114539 4.998337 5.132379 6.919622 5.007541 4.525527 5.455515 5.626141 5.272940 5.121155 
4.624815 4.974013 5.644009 4.307218 5.348225 3.859150 5.401601 4.937391 6.212594 4.706148 5.108337 5.700538 5.922386 5.040530 4.836996 
3.536961 4.425901 5.321728 4.597638 4.016222 3.716647 5.625115 3.680070 6.010933 3.942677 4.134576 5.697616 5.214567 4.501993 4.347034 
4.124926 3.527106 4.242626 3.875719 4.466158 3.588550 3.629242 4.404348 5.683590 3.947157 4.128006 4.750866 4.831874 4.053571 3.929364 
4.487743 5.177163 4.524113 3.867527 4.108599 3.923068 4.016771 3.882137 5.355372 4.395894 3.438454 4.758818 4.031801 4.005457 4.048330 
