15 15
5.112550 4.105202 4.155864 5.864386 4.461457 6.007040 4.476818 4.314729 5.165921 4.635957 5.618184 5.904043 4.289395 5.894017 5.111394 
3.479408 3.547533 3.004641 4.547299 3.492337 4.412567 2.804557 2.873716 3.857700 3.328436 4.848816 4.918688 3.595628 5.059644 4.009161 
3.514878 3.514026 2.415784 4.818252 3.729254 3.229171 2.693999 2.637341 3.928629 2.760283 4.197476 5.196995 4.203241 4.735714 4.323675 
4.813384 3.967070 3.774940 5.079424 5.033534 4.743712 3.370163 3.782443 3.971298 3.365925 4.185184 6.310570 4.204396 4.915519 4.552668 
4.683087 4.017963 3.676255 5.185023 4.658223 5.362777 3.535192 3.417799 5.311982 4.103462 5.404985 5.460979 4.410219 5.529096 5.713003 
4.243197 3.759405 3.296464 5.352292 4.615637 4.605790 3.476475 3.979079 3.896860 3.449772 4.647466 6.010924 4.358781 4.760725 4.208075 
3.983168 4.048409 3.199222 5.185494 4.942159 4.240856 3.544596 4.150962 3.806790 3.468253 3.780629 5.307908 4.321283 4.351309 4.829766 
3.943090 3.969994 3.703908 3.875040 3.313089 4.744678 2.789346 4.134333 3.957648 3.424346 3.576486 4.677356 4.002460 5.311555 3.646968 
3.273268 3.135972 3.520531 4.880528 4.222654 3.791213 2.753385 3.660784 4.130064 3.212464 4.625669 5.275873 3.720450 3.579427 4.108500 
3.846261 3.917460 3.610831 4.379309 3.696645 4.407242 2.567433 3.385833 4.129358 3.429330 4.503253 5.481775 3.955432 5.952590 4.658574 
4.506779 4.725615 4.271739 5.277695 5.584044 5.719377 3.594472 4.138652 4.754246 4.325342 4.865297 6.204412 5.212904 6.085892 5.644172 
5.264765 4.135549 3.852486 5.740269 5.521675 4.633483 3.547331 3.487884 5.217822 3.325756 5.572419 6.465468 5.016725 5.145418 5.997902 
4.328746 3.765274 3.312638 5.563298 5.599521 4.419498 3.598480 3.377254 4.345294 3.884270 4.833456 6.126677 5.295816 4.621711 5.190240 
4.444227 3.941830 3.222393 4.716065 4.686312 4.564573 3.179161 3.978146 4.287429 3.584648 4.171625 5.134351 4.279133 4.656967 4.754785 
4.263251 3.350847 3.196959 4.722954 4.502605 4.170029 3.236426 3.855914 4.261878 3.463814 4.417451 6.059297 4.737184 4.716576 3.915703 
