15 10
5.402969 5.867761 4.378159 4.504982 4.079621 4.454794 5.689794 3.529269 3.221077 4.257887 
4.790120 5.020347 3.332401 3.053133 2.780366 2.958959 4.573726 2.524514 2.560288 4.125681 
3.504526 4.523575 3.477287 2.690419 3.177650 3.399004 4.377991 3.285679 2.628681 2.768381 
4.254300 5.573245 3.835533 3.690256 4.033027 4.432432 4.936388 3.392718 2.691534 4.259080 
4.667310 5.145919 4.718058 3.864606 3.491456 5.007657 4.902330 3.154328 1.917413 4.166443 
4.420066 5.131270 4.275742 3.276453 3.087458 3.985949 5.089662 3.134932 2.473811 4.158122 
5.132965 4.388905 4.356484 3.900897 3.706158 5.120077 5.426795 3.215723 2.117831 2.890903 
4.424978 4.362288 3.398982 3.193354 2.795572 4.252210 4.766725 3.404276 2.940600 3.382854 
3.710695 4.426117 3.307655 2.627017 2.997909 3.338242 4.452551 3.013267 1.565717 3.050748 
3.777557 4.271008 3.247594 3.776523 3.018359 3.149850 4.458625 3.459007 3.137402 3.632591 
5.504160 6.295931 4.740793 4.300012 4.706312 4.273248 5.307273 3.660716 2.810640 4.695644 
4.880663 5.870369 3.823114 3.851444 3.753674 4.742331 6.075817 2.678182 2.524159 4.313441 
4.811892 6.037755 3.574311 3.652924 4.141847 4.125698 4.734465 2.819581 1.462251 4.132223 
3.899781 4.228105 3.527035 3.591943 3.346629 4.494246 4.048850 2.481467 2.312749 3.932636 
5.467823 5.459049 3.508726 2.779967 3.125903 3.381634 5.117347 2.391187 1.737750 4.103952 
