15 15
5.441662 5.126668 5.694358 5.030086 4.170624 4.817125 5.902303 5.081548 7.186906 5.761638 5.415104 3.952978 5.652549 3.789704 3.082200 
4.473233 3.871462 3.911186 3.965668 3.116601 3.413834 4.262461 4.055169 5.209925 4.799960 4.307390 4.114889 4.022765 2.822148 2.410075 
4.478914 3.563188 3.817921 3.806325 2.327816 2.791723 4.019338 2.763585 5.201458 4.428744 3.801700 4.427772 3.851247 4.082006 2.243599 
5.617473 4.938841 5.700737 3.804584 2.583536 3.392544 5.722320 4.251644 4.767452 5.670047 3.686577 3.506107 4.934014 4.325613 3.664233 
6.050253 4.168287 5.438556 5.153706 3.282334 4.239478 4.924041 4.756679 5.597407 5.310984 4.813377 3.770089 5.241694 3.736028 3.383178 
4.571126 4.573154 5.128990 4.368472 3.295808 3.625596 4.996222 4.250490 5.639415 4.943472 3.958177 3.899238 4.155110 4.267038 3.131924 
4.908049 4.535302 4.504044 3.856235 2.970563 3.246726 4.476069 3.563702 5.259099 4.512750 4.287971 2.831927 4.081024 4.712789 3.426496 
4.570792 4.309458 3.497330 3.677712 2.596938 3.041284 4.782952 4.062831 4.878978 5.614752 4.934008 3.365451 4.166890 3.521618 1.828724 
4.334171 3.911526 4.191131 4.055931 2.305800 3.359438 4.286516 3.667220 4.411037 3.399561 3.871955 3.015548 4.203141 3.578095 2.725388 
5.256954 4.338529 4.466300 4.361910 2.727536 3.317436 4.138553 4.297012 5.338873 4.887695 4.794411 4.036892 4.106783 3.622726 3.089120 
6.372341 5.266023 5.573262 4.638571 3.421635 3.995909 5.501246 4.987007 5.591298 6.406813 5.084976 3.723392 4.954428 4.473073 4.016462 
6.573155 5.402027 5.961424 5.298375 2.773897 4.023061 5.636011 4.249316 5.340425 5.688300 4.108772 4.582420 5.070384 4.475528 3.324743 
5.312757 4.023190 5.881766 4.654830 2.652028 3.995849 5.015018 3.498442 5.535933 4.843565 4.286941 3.095336 4.588498 4.754562 3.632310 
5.155385 3.848084 4.815798 4.877764 2.924511 3.435693 4.455305 3.664835 5.086069 4.855635 4.486170 3.326559 4.652741 4.360663 2.957153 
4.601341 4.024399 5.405683 4.278687 2.763412 3.742040 5.401347 4.159316 5.106583 5.659879 3.798907 3.540673 4.538598 4.213326 2.639126 
