15 15
5.533273 5.413376 4.370527 5.110394 5.649354 4.024899 5.100221 4.976023 7.165546 5.689576 5.060604 4.596997 5.643546 4.239819 4.705228 
3.550898 4.421517 3.889565 3.343494 3.722727 3.612894 2.995024 3.575575 4.576659 4.412341 3.733642 3.869907 4.212980 4.748401 3.020184 
2.844683 3.388927 3.807572 3.327140 4.373893 2.749318 3.336841 3.004255 4.572933 3.821928 3.525862 4.275234 5.215877 3.959098 3.475453 
4.835008 4.751817 4.786039 3.753030 4.911659 3.969705 4.259657 3.803326 5.599575 4.405159 3.776489 5.087765 4.929340 4.220289 4.715744 
4.282725 5.518753 3.631281 4.093001 5.154603 4.148613 4.043722 4.228624 6.058043 4.628922 4.807032 4.685147 5.450725 5.151393 4.970049 
4.607321 3.718010 5.005755 4.084788 4.377085 4.229333 3.443258 4.299289 5.830816 4.769146 4.094123 4.848101 5.602177 4.424021 3.394590 
3.838019 4.424214 4.629724 4.711933 5.002449 3.821097 3.817460 3.997092 5.299260 3.583659 3.611760 4.777181 4.934653 3.413609 4.358342 
3.986570 4.729481 4.367183 3.148672 4.693687 3.583410 2.818273 4.376598 4.955060 4.397272 3.313859 3.762677 4.809975 3.672985 3.864713 
3.206958 3.916693 4.085295 3.610458 4.398576 3.181051 3.392324 3.969686 4.573682 4.099656 4.005667 3.853078 4.474390 3.436995 3.998314 
4.140930 3.523564 5.043890 4.453096 3.953877 2.961596 3.348825 4.199596 6.297797 4.175700 4.495351 4.913677 4.650307 4.385097 4.105828 
4.579115 4.959389 5.717797 3.980692 4.510166 4.407119 4.567851 4.358560 6.652770 5.246245 4.291004 5.088984 5.364258 5.688732 5.650810 
5.440142 4.400974 5.429188 4.772879 5.173636 3.284592 4.997022 4.373118 6.741143 4.470134 5.372316 5.475264 5.745537 4.684895 5.393827 
3.984600 4.757646 4.429137 4.349976 4.341115 3.564790 5.484937 3.780894 5.175102 4.331456 4.032513 5.409947 5.142685 4.439866 4.617507 
4.597016 4.154526 4.608337 4.271150 4.091813 4.323255 3.552093 4.585479 5.653620 4.111964 3.751004 4.573305 4.567647 4.518335 3.756154 
4.242453 5.150370 3.923637 3.280239 4.186069 3.034736 4.303239 3.994521 5.036144 4.561452 3.468201 4.833573 4.270495 4.363977 4.211305 
