15 10
5.752380 5.625805 4.720020 3.856744 3.561608 4.957234 6.115572 3.691287 2.653911 5.091182 
3.896364 4.890078 2.995568 2.697683 3.238704 2.977022 5.028751 2.640775 2.368802 3.671756 
4.076264 4.583349 3.023398 1.982930 3.008800 3.221726 4.651099 2.970249 2.039595 2.479345 
4.179765 6.111161 4.090673 3.326255 3.677847 4.570232 5.423337 3.061563 1.988785 4.366821 
5.230712 5.289898 4.529889 3.492671 3.187822 4.287482 4.629456 2.989398 2.373444 4.697189 
4.658540 5.179833 3.771864 3.524882 3.072575 4.385604 5.390874 2.995969 2.231892 3.774620 
4.505455 4.936336 3.849804 3.622482 2.924016 4.902988 4.689539 3.109402 1.756971 3.311415 
4.327823 5.263919 3.481516 3.478483 2.902262 3.447296 4.795100 3.316640 2.139756 3.179752 
3.181090 4.999562 2.970373 3.102424 3.569446 3.344557 4.087351 2.449925 1.474942 3.187878 
3.841778 4.530235 3.310335 3.074914 3.258173 3.368199 5.198923 3.132153 2.795230 3.378654 
5.195645 6.677825 4.256453 4.273861 3.881007 4.859844 5.957582 3.032805 2.260310 4.818910 
4.875427 6.446905 4.320827 3.541680 4.163354 5.120920 5.979396 2.498892 2.281677 4.629050 
5.409810 5.666722 4.179903 3.299961 3.820207 4.411795 5.564726 2.243767 1.572358 3.587693 
4.515299 4.478151 4.312820 3.460618 3.415846 4.210949 4.106997 3.053871 2.420098 3.224974 
4.958237 5.525719 3.982324 3.465472 2.906378 3.890462 5.210817 2.946164 1.768656 3.729324 
