15 10
4.257517 3.705021 4.086623 4.970134 4.128658 5.260671 3.531627 3.934065 4.614338 4.073612 
4.754835 5.544156 4.251075 5.607969 4.618873 3.013966 2.993599 2.509914 4.247030 3.415014 
3.611131 2.624177 2.592988 3.813893 3.130085 4.504801 4.492007 3.499422 4.180628 3.979645 
3.250029 2.917767 2.293633 4.103195 3.270953 2.892446 2.324091 2.457429 3.346480 2.366357 
3.740595 4.438850 3.255139 3.799171 3.751032 4.183900 3.460791 3.372319 4.749072 4.376344 
4.179619 3.164924 3.655159 3.692922 3.025683 3.947095 5.394819 3.808380 4.109310 3.980206 
4.120353 3.430753 3.585041 4.820150 4.086269 4.507511 3.439606 3.402109 4.769788 3.746984 
4.633822 4.831239 3.877957 4.560011 4.971312 3.702041 3.626583 2.575916 4.759944 4.213528 
4.016631 3.043734 3.225991 3.453539 3.076732 4.374061 5.055015 3.455139 4.236490 4.131469 
3.589857 3.286811 2.856879 4.280309 4.007458 3.732615 3.267035 3.646007 3.689585 3.352889 
3.255627 4.552790 3.981248 4.238440 4.042600 3.522628 3.318851 3.137603 3.610511 2.952555 
3.891247 2.688488 3.412223 3.577707 2.923136 3.045373 4.151245 3.338564 4.661321 3.453473 
3.136146 2.784882 2.866019 3.930702 3.274940 3.107415 2.254465 2.899683 3.365231 2.395551 
3.752285 4.425762 2.993089 3.388541 3.577572 3.554083 3.604864 2.958330 3.640580 3.666521 
4.300904 2.328399 3.116884 3.210990 3.085823 3.565640 4.665744 3.732418 5.095654 3.734444 
