15 10
5.795338 4.182148 4.743564 5.292513 4.079829 3.919047 3.500941 5.122018 4.506260 5.759282 
3.369780 3.450562 3.151185 4.429845 3.760806 2.954195 3.475823 4.323477 4.050768 3.536862 
3.625830 3.495493 2.681377 3.754010 3.204693 3.046301 3.501036 3.759315 3.039253 3.312962 
5.292381 4.107767 3.981349 4.241270 4.146162 3.597961 4.373693 3.715794 4.216150 4.710012 
4.689479 3.171629 3.750734 4.951173 3.798425 3.543212 2.733277 4.377456 4.527867 4.678698 
5.296174 3.834960 3.811687 5.196699 4.293863 3.900400 4.307698 3.872002 4.027431 3.557345 
3.930535 3.781795 3.116689 4.657211 4.490978 3.721849 2.797398 3.764471 3.652630 4.231577 
4.616571 3.753146 2.936902 4.470296 3.231427 2.930360 2.945788 3.223780 4.366269 4.343694 
3.950625 2.985534 2.865302 3.982136 3.590524 3.104644 3.347366 3.195836 3.158922 3.485959 
3.845173 3.193311 2.938858 4.338411 4.008428 3.540250 3.270690 4.096380 4.040479 4.646475 
5.640659 4.060481 3.997698 5.695038 4.650691 5.098215 4.645399 4.501120 4.925652 5.273752 
5.234293 3.987989 4.600546 5.005611 5.189361 5.058797 4.963193 3.929793 4.318293 4.908552 
5.093100 3.146553 4.528377 4.770519 4.873121 3.888062 4.422959 4.479581 4.043338 3.616492 
4.496438 2.794709 3.726921 4.140565 4.353999 3.945935 3.195752 4.010987 3.622877 3.304032 
4.379510 3.329575 4.226966 4.807458 3.249367 3.785847 3.866728 4.492790 4.441311 3.565753 
