15 15
5.826983 5.688586 5.249044 5.113181 4.162658 4.891408 5.021324 4.701179 7.242169 5.974613 5.608420 3.909689 5.455643 4.429546 3.324867 
4.745329 3.334772 4.505175 3.810161 3.461720 3.431255 3.893961 4.154268 5.414599 4.866011 4.271437 3.391237 4.414994 2.844648 2.646531 
4.047062 3.726326 4.365057 3.592221 2.600798 2.770933 3.949951 2.601926 4.619186 4.298381 3.265287 4.104288 4.100340 3.840300 2.602857 
5.199770 5.443319 5.057025 4.518566 2.689559 3.848104 5.716933 3.840103 5.453986 4.843371 3.813304 4.156299 4.555380 4.407190 3.447406 
6.111267 4.243732 4.779696 4.607932 3.157162 4.248895 4.823141 4.421324 6.229881 5.222783 5.413850 3.509030 5.442474 4.320455 2.848326 
5.401244 4.694906 4.861544 4.062958 3.778560 3.217908 5.233440 4.051932 5.357733 5.124132 4.034100 3.761253 4.637811 3.591466 3.844601 
4.880641 3.906959 4.986112 3.924131 2.833189 3.516791 4.603154 3.095012 5.729938 4.752812 4.809628 2.751285 4.798637 4.988022 3.396322 
4.788553 4.892263 3.961818 3.474884 2.467879 2.954212 4.268750 3.849495 4.997313 5.317062 4.522890 3.474931 3.877715 4.213276 2.538072 
4.190575 4.095767 3.650224 3.525163 2.090182 3.076852 4.325912 3.753872 4.250921 4.051669 3.384300 3.447269 3.593610 3.264733 2.717925 
4.473805 4.578333 4.489703 4.445152 3.641628 2.955663 4.019471 4.218865 4.841458 5.391896 4.490602 3.564174 4.467397 3.982854 3.387576 
5.960036 5.036670 5.813252 5.407840 3.464446 3.848156 6.032449 5.489431 5.944989 5.895318 4.979454 4.139845 5.565832 4.825355 4.002863 
5.692173 5.425826 5.568571 4.960786 3.603118 3.955193 5.663520 4.768565 5.264583 5.501812 4.655226 4.970291 4.722281 4.565990 3.684425 
5.278716 3.935859 6.026231 4.825231 2.587863 3.911612 5.254361 3.709876 5.555071 4.698763 4.281212 3.971051 4.832871 4.575586 3.336594 
4.705172 3.582960 4.692139 4.351482 3.645464 3.476603 4.421944 4.077959 5.021247 4.628075 4.063010 3.446858 4.625762 3.768526 3.619481 
4.959964 3.649405 5.538615 4.584016 2.726086 4.235422 4.865540 4.578522 5.111582 4.995091 3.625459 3.974691 4.279080 3.547400 2.436588 
