15 10
5.385934 5.199098 4.750627 3.829543 4.270168 4.343404 5.861329 3.585672 3.008118 4.925162 
3.934526 4.683213 3.478333 3.130970 3.119459 2.909988 4.216359 2.644160 2.593668 3.905740 
3.544359 4.606019 2.760898 2.822946 3.493147 3.661407 4.198136 3.304381 2.336362 3.240919 
3.844857 5.547862 4.043449 3.743672 4.341585 4.547498 4.998007 3.548033 2.718597 4.344912 
4.974315 5.239061 4.624567 3.911763 3.943821 4.375838 5.307232 3.412204 2.227844 4.124528 
4.362873 5.116610 4.059825 3.448177 3.146947 4.527203 5.297428 3.599305 2.521166 4.650992 
4.986568 4.631889 4.484832 3.456227 2.757933 5.149022 5.019113 3.227043 1.723577 3.189255 
4.618463 5.154349 3.765955 3.577147 2.841643 4.406247 4.410785 3.231476 2.509174 3.485410 
3.210289 4.367656 3.525607 3.220365 3.381966 3.565265 3.949455 2.806907 2.336646 3.512419 
4.507826 4.052849 3.224894 3.790743 3.109044 3.361727 5.217555 3.072884 3.514362 3.819233 
5.273268 6.394463 4.944909 3.643853 4.004694 4.224333 5.508124 3.396416 2.474651 4.281047 
4.434975 5.820210 3.745197 3.565218 3.834091 5.031697 6.015226 2.691985 2.376521 4.384843 
5.045026 6.326533 4.039869 3.477399 3.617947 4.606147 4.821976 3.088813 1.264621 3.740283 
4.262612 4.240186 4.125155 4.029532 2.892959 3.724695 4.717671 3.102812 2.222323 3.666779 
4.900109 6.080891 4.236633 2.988390 3.069316 4.149787 4.733248 2.280691 1.905253 3.948700 
