15 15
5.154300 5.424431 4.826555 4.506802 6.078858 4.096850 5.092226 5.263479 7.552808 5.871949 4.839630 4.415939 6.548899 3.978898 4.360442 
3.471204 4.683923 3.536177 3.335362 4.156884 2.896800 3.384868 3.733860 5.166666 5.087816 3.809731 4.439650 4.419876 3.876209 2.993556 
3.113892 3.160923 3.960936 2.908879 4.244997 2.645429 3.544572 2.997332 4.920453 4.392123 3.614894 4.476217 4.695999 3.808641 3.029824 
5.203692 4.671753 5.370521 3.447520 4.255813 3.651658 4.819020 4.370426 5.384075 5.046834 3.720698 4.328010 5.194358 3.861473 5.060203 
4.622465 5.022760 4.335065 4.645970 5.163293 3.645281 4.195088 5.137860 5.822788 5.191077 4.272143 4.984343 5.299551 4.471045 4.900480 
4.080920 4.252686 5.218542 4.178470 4.146814 4.049258 3.704372 3.916807 6.337259 4.679586 4.026132 4.316766 4.834706 4.762966 3.431774 
4.225223 4.393924 4.635754 4.041026 4.262655 3.427099 3.834762 4.130925 5.192419 3.526921 3.346444 4.245147 4.691245 3.956968 4.531403 
4.051397 4.379156 4.010011 3.381496 4.483475 3.137194 3.288116 4.544167 4.742947 4.717057 3.725378 3.372961 4.451241 3.307445 3.790601 
3.460056 3.903600 4.111149 3.451214 3.956282 3.173184 3.528208 3.691527 4.564121 3.462265 3.773853 3.263143 4.570913 3.890675 3.959802 
4.671842 3.945290 4.746813 4.094600 3.941140 3.398282 3.508682 4.560465 6.213251 3.867124 4.386801 4.642111 5.054546 3.791742 3.543011 
5.446210 5.670595 5.455313 4.194814 4.540277 4.262292 4.467134 4.629955 6.565931 5.519036 4.631049 5.039062 5.014737 4.920658 5.134754 
5.505797 4.950214 6.036862 4.644807 4.519004 3.927018 5.374092 4.418142 6.288436 4.892636 4.561883 5.312667 6.270489 4.950068 4.477314 
3.571002 4.513232 5.177263 4.427237 4.080387 3.800884 5.385772 3.468636 5.991795 4.087479 4.140305 4.821901 4.970194 4.680969 4.642750 
4.575139 3.792230 4.366285 4.402001 3.745205 3.547640 3.662603 3.991224 5.748412 4.174717 4.551166 4.630567 4.858853 4.645708 3.267036 
4.129120 5.552157 4.391181 3.562198 4.145925 3.429686 4.552578 3.462931 5.350373 5.060682 3.611902 4.324800 4.291319 4.671383 4.250868 
