15 15
43.295157 37.658813 40.027746 37.968086 27.261841 32.640780 39.633926 34.052450 45.365538 42.582739 38.965571 32.976994 39.547443 35.918515 27.745468 
33.958157 28.572434 31.541681 29.657057 20.997168 24.093214 30.266845 26.373807 35.267904 32.774901 30.374181 25.839049 29.336020 26.722281 21.818584 
38.782115 33.209877 37.275147 34.949511 24.266120 28.077319 35.726245 30.509966 40.140900 37.943184 33.825041 30.125653 34.095066 31.700344 26.222996 
37.804675 32.875067 35.488199 34.607094 23.124756 28.057929 35.833352 30.381972 40.618531 37.366268 33.583467 30.492142 33.556142 31.708022 24.028743 
44.975798 37.963827 40.759340 38.947516 26.943053 31.643264 40.934272 34.851677 46.679632 43.623890 39.093402 35.309690 39.339701 36.650974 27.625459 
34.267786 30.065164 32.299122 30.565846 21.713759 25.095366 31.638602 26.683046 35.371318 32.578402 29.140320 26.939950 31.033466 28.316701 22.266686 
28.907439 24.114550 27.375110 25.035658 17.436915 22.020846 27.142247 23.470549 30.046791 28.128533 25.170870 21.725010 26.017496 23.933253 17.774977 
32.337590 28.601052 30.956538 27.951465 19.841928 23.799873 29.855767 26.322636 33.798191 32.838522 28.861602 24.795357 28.595985 27.918959 21.472501 
41.980685 36.387200 39.655219 36.757830 26.161932 31.566151 39.853067 33.690424 43.262097 41.372767 35.689699 32.737547 38.315706 35.100048 27.148934 
37.510035 33.044051 35.773724 33.328466 24.072959 28.217103 35.777560 30.982698 38.925579 37.235904 33.076719 28.879109 34.562315 31.025517 24.333969 
33.856148 29.374087 32.253506 31.015349 21.112623 25.864003 32.046988 28.491260 36.601315 33.210510 30.761081 26.791556 30.791085 27.951879 21.354637 
42.370854 36.857265 39.955478 38.443375 27.070801 31.507194 40.064897 33.254615 44.100002 40.486293 37.226475 33.885351 37.708639 34.954831 27.507175 
34.324878 29.586224 33.858838 31.305737 21.795285 26.192597 32.981048 27.739776 36.321256 33.647495 30.025565 27.795066 32.462825 29.448433 22.619053 
41.757055 35.322921 39.692638 36.997527 26.230388 30.779634 39.092331 33.245709 42.989879 40.382724 35.833916 31.588627 37.093442 34.345146 28.255104 
41.223405 35.115698 39.107614 37.123759 25.554079 31.116593 37.268283 32.885985 42.792511 39.469130 35.686469 32.338304 36.662577 33.940139 26.171513 
