15 15
35.276636 33.078487 28.589127 39.274151 36.350803 37.106826 27.158727 30.602524 36.160661 30.249212 36.530231 43.004512 35.704033 39.972718 37.103520 
22.634619 21.100696 18.769127 25.130736 25.110059 22.634174 17.940963 19.571376 23.803066 20.118095 24.318580 28.457841 23.754670 25.163038 24.923650 
32.698067 30.400799 28.671645 38.567863 36.945340 34.839718 26.986566 28.822140 35.608036 28.799166 35.810288 44.285125 35.786486 37.511747 36.799958 
30.661140 28.453626 25.458188 35.278172 33.150124 32.519617 24.664773 26.260313 32.968999 26.311810 33.412524 40.012508 32.049366 34.833574 33.857173 
34.324844 30.813530 27.820222 39.306644 37.412589 35.606791 26.804437 29.813195 36.611379 29.611091 37.442366 44.363689 35.765727 38.118210 36.549859 
33.510089 31.720063 28.885748 38.227195 36.049923 34.443291 27.521382 28.682760 35.283312 28.529014 35.469565 43.291888 35.153456 38.648149 37.631494 
33.517925 29.667198 28.225747 37.730972 34.032777 34.654095 25.991017 28.164997 34.961532 27.986396 35.507234 41.873754 33.883524 37.621982 35.597932 
31.702243 30.421801 27.113929 36.203374 33.893804 32.718577 24.893433 27.872755 33.277352 27.741688 34.369817 40.639943 32.761592 37.233123 35.508250 
41.881259 39.804525 35.716767 48.558895 44.595297 44.078199 33.937901 37.207386 44.209076 36.243602 44.322489 54.976114 43.455744 48.629165 46.144618 
32.261536 31.439703 27.856994 38.367893 36.366973 34.531116 26.043817 29.580255 34.246560 27.738811 35.024294 43.612312 35.149397 37.269835 35.949979 
26.049799 23.739319 22.358940 30.904482 28.754286 26.639783 21.084823 23.295086 28.520513 22.540830 28.217793 34.614185 28.345864 29.591357 29.002745 
35.372288 32.747013 30.437345 41.463739 37.898765 38.644195 28.759698 31.609498 37.933999 30.291672 38.116976 47.012628 36.961598 40.169593 37.721176 
31.171540 28.784405 27.213030 36.488371 33.328114 33.628646 25.260838 27.456938 33.555881 26.779449 33.742436 40.349037 33.087057 36.365653 33.687940 
39.213812 35.789599 32.840626 44.299248 41.905225 40.683850 30.930332 34.009932 41.852624 34.337561 42.244904 50.160376 40.808180 44.851566 43.299237 
27.376168 25.120589 23.928148 31.017165 28.490787 29.311611 21.048378 24.666286 29.039967 23.322642 28.706064 35.018348 27.995800 31.935758 29.592559 
