15 15
44.359104 38.102407 41.339670 37.209883 25.587791 31.636434 40.916714 34.834941 46.516500 43.216750 38.403206 30.598226 38.765043 35.090264 26.593175 
35.198959 29.487045 32.324780 28.852961 19.765500 23.758718 31.621255 27.558570 35.335536 33.842523 29.229411 24.700469 30.159409 25.399288 20.093410 
40.032980 34.079885 38.193990 33.947084 22.486646 27.708890 36.953916 30.817221 40.430938 38.496090 33.250492 28.403858 35.108890 31.124456 23.973542 
38.197765 33.308719 36.340386 33.278349 22.325554 27.731317 37.032892 30.303066 42.189876 38.669495 33.922676 28.758211 33.873710 31.007995 22.373856 
45.937673 38.445601 42.718673 38.002985 25.237843 31.495494 42.936536 35.926116 47.008636 45.707519 38.426421 33.012690 40.094165 35.401626 25.613465 
35.357691 30.141511 32.784440 29.597954 19.721042 23.471301 33.219324 26.627285 35.947079 33.763795 29.277898 25.499305 30.827337 28.002621 21.054567 
29.005608 24.404833 28.010720 24.779137 17.079322 20.947028 28.360185 23.389347 31.010370 30.038087 25.716841 20.905110 26.583817 23.019789 16.753812 
33.643423 29.371650 31.083527 27.320019 18.797509 22.875318 30.989276 27.180360 34.149392 33.826235 29.234563 23.106216 28.450305 26.388369 20.205992 
42.822696 36.612049 41.257493 36.229056 24.202351 30.224084 41.333281 33.805089 44.424658 42.742896 35.847734 30.394940 37.785458 34.615490 26.063908 
37.968856 33.972212 36.770377 32.647677 22.927614 27.372647 37.088715 31.001355 40.135262 38.426424 33.042296 27.021118 34.699739 30.300153 22.967132 
34.506519 30.025862 32.807972 30.335737 20.903111 24.926390 33.338425 29.223616 37.761852 34.505305 30.589666 25.804446 31.346655 26.242334 20.100846 
42.667761 37.370866 41.709063 36.543305 25.336906 30.755377 41.493093 33.555315 45.777992 41.685835 36.629614 31.715216 38.157704 34.594896 26.050979 
35.555136 29.951077 35.014859 30.718394 20.063978 25.103403 34.140934 27.892312 37.138610 34.516313 30.163207 25.797537 31.761994 28.993708 21.637294 
42.835592 35.917882 40.915023 35.927833 24.702127 29.875930 40.219280 33.456300 44.054912 41.377726 36.043383 29.620815 38.035132 33.426879 26.441668 
42.413905 35.327055 40.048898 36.296659 23.863340 29.767406 38.846472 33.413513 43.661956 40.724432 35.665760 30.630719 36.710403 32.841912 24.649114 
