15 15
35.690932 32.823294 29.240106 38.761301 35.050235 36.969251 27.842216 31.094092 35.072877 30.833443 36.251031 42.243330 34.898494 39.284557 36.015210 
22.985232 21.016208 18.812896 25.724828 23.272640 22.886687 18.379720 19.448018 23.875938 20.557937 24.652280 28.521517 23.070101 25.540152 23.088161 
33.945623 30.674185 29.355581 38.855728 35.125573 34.720172 27.335380 28.139822 34.885866 29.782696 35.874218 42.737992 35.516648 37.950065 35.990897 
31.444745 28.438735 26.267560 36.125276 31.135042 32.518372 25.524206 25.856930 32.710645 26.975411 33.197500 39.467664 31.778545 35.069727 32.650545 
34.812569 31.075196 28.750800 39.750682 35.423714 35.787397 27.272084 28.986351 36.183075 30.412882 37.557319 43.343001 35.208126 38.819482 35.356336 
34.708263 30.917276 29.364073 38.872206 34.304573 34.713402 28.031002 28.768278 35.106514 29.179934 35.555161 42.010771 34.909313 38.292729 36.099775 
33.872783 29.498136 28.818845 37.657490 32.799597 34.213099 26.898532 28.213660 33.667967 29.592541 34.911671 41.084764 33.529491 37.127342 35.070793 
32.208689 30.042609 27.088367 36.898171 31.975782 33.284167 25.451523 27.636363 33.339080 28.212043 34.963788 40.185569 32.014961 37.239945 33.657669 
43.413691 39.201617 36.402747 48.678196 42.755862 44.334103 34.196553 37.233374 43.407061 37.324927 44.396774 53.601105 42.782070 48.016254 45.158062 
34.080488 31.479662 28.263260 38.235616 34.623160 34.288415 26.505978 28.534427 34.000568 29.059156 35.924567 41.953740 35.405508 37.898418 34.796802 
26.516864 24.207338 22.293613 31.936800 27.328501 26.683917 21.650966 22.804114 28.941134 22.835132 29.191259 34.065456 27.945351 30.923480 27.985699 
36.418150 32.515235 31.718207 40.918191 37.265340 38.113201 29.542146 31.352848 36.653614 31.457012 37.721011 45.028693 37.161766 39.618450 37.843578 
32.003589 28.461442 27.859979 36.279339 31.924065 33.593406 25.783295 27.643469 32.533321 27.615385 33.175224 39.447469 32.328449 35.416713 33.018129 
39.211193 35.361462 33.204370 45.234407 39.989014 40.720615 32.500425 34.279179 41.668954 34.820608 42.798792 49.737008 40.458969 45.110253 41.414436 
28.434667 24.528501 24.256863 31.732230 27.313645 29.371428 21.922863 24.661031 28.465608 23.922423 28.647798 34.152069 28.119856 30.922682 28.526374 
