15 15
44.020910 38.403189 41.259624 36.732778 26.590932 31.021596 40.640842 34.200761 47.002688 43.528457 38.273803 31.268431 40.099180 35.847920 27.531258 
33.729932 29.606980 32.076479 28.352895 21.447601 23.368778 31.026833 27.583491 35.804345 34.101008 29.586908 24.783525 30.666293 26.650000 20.971997 
38.049691 34.174747 37.469566 33.221358 24.719708 27.235066 36.579862 31.265612 40.464153 38.761997 33.039127 29.141994 35.478835 31.454193 25.306533 
37.710571 33.457516 37.431073 33.229662 23.927824 27.853908 35.364860 30.050309 41.690675 38.388850 33.091728 28.813529 34.832174 31.363392 23.971570 
44.524525 39.849910 41.943032 37.853561 27.232957 31.608168 41.403652 35.545453 47.237203 44.641200 38.224399 33.945555 39.875141 36.388277 27.074734 
34.097572 30.055240 32.830874 28.676388 21.336166 23.416979 32.936493 26.528392 36.070637 33.523465 28.462145 25.841801 31.163263 27.432791 22.579959 
29.189411 24.260799 28.448122 24.660257 18.031764 21.511321 26.718335 23.586372 31.474912 28.957823 25.328007 21.113005 26.688849 23.114484 17.917605 
32.867888 29.856704 31.446612 27.872712 20.040778 22.602762 30.543090 26.925533 34.687607 33.270974 28.822408 23.562311 29.474057 27.565636 21.540022 
42.236260 36.776514 40.916601 36.061801 25.336865 30.272639 41.023362 33.706310 45.120716 41.805263 35.422401 31.825913 38.417188 34.340797 27.062690 
37.772528 34.198927 36.758799 32.614003 23.911125 27.172576 36.351992 31.273893 40.603295 37.939149 32.648377 28.181394 35.014110 30.560811 24.302845 
34.409706 30.332590 32.855034 29.974215 22.152799 24.692960 31.935454 28.926067 37.921877 34.650821 30.081997 25.408410 31.940132 26.939102 21.190629 
41.826111 37.624883 41.647664 36.341792 27.152127 30.679972 40.756897 32.974012 45.896824 41.683925 36.643028 32.373864 39.144508 34.714577 27.437034 
34.710450 30.218149 34.440343 30.631903 21.101752 24.943315 34.290320 27.752160 37.445181 33.966967 29.443477 26.885034 32.373640 28.455132 22.403864 
41.297861 35.992906 40.423235 36.130976 26.381806 29.858161 39.739057 33.834188 44.602109 40.810860 35.590489 31.018972 38.572675 33.634166 27.452965 
41.132148 35.471304 39.924050 35.647825 25.759283 29.551363 38.281383 33.185878 43.922921 40.504744 35.091949 30.955470 37.531182 32.985994 25.959106 
