15 15
39.938463 42.423006 41.839425 36.568675 40.362227 33.316093 37.017860 38.341587 53.852173 43.077694 38.437641 40.046817 45.906927 39.101232 36.825025 
29.923041 31.191024 32.318237 27.368780 31.780089 24.101239 28.660131 29.651198 40.364089 32.490260 28.740323 30.694455 35.625980 28.532027 28.554056 
26.874620 28.438828 30.311033 25.502992 27.878156 22.126013 26.905728 25.580288 36.516956 29.224837 25.930839 29.918723 32.574209 27.892535 25.673933 
35.189454 37.521822 37.761135 31.795526 34.733762 28.843374 34.081114 32.774876 45.926992 37.138741 32.255370 35.822172 40.222485 34.433778 32.971774 
37.457761 37.084067 38.643033 33.322031 36.302787 29.756146 34.152064 35.413780 48.628789 38.231008 35.085675 36.448552 42.269603 35.241997 33.587931 
33.726404 36.636123 35.933900 30.688013 35.342364 26.896688 33.551631 32.130673 44.714131 36.343929 31.327669 34.652649 39.495051 32.592094 32.917056 
32.566360 33.792874 35.519767 29.491617 32.265768 26.834591 31.880218 29.793223 43.469878 34.558551 31.147606 33.173419 37.654825 33.014636 31.115350 
31.037215 32.808373 32.207701 27.159721 30.668267 24.591137 28.126647 29.464635 40.451525 34.076628 29.381488 31.102409 34.694998 30.394237 27.697551 
28.093354 29.363927 29.939073 25.508093 27.796029 22.721604 26.574220 27.278132 36.651587 29.494643 25.917570 28.692580 32.067957 27.050752 26.175198 
31.725189 35.471668 34.474753 30.047963 33.298321 26.330814 31.241763 31.368779 42.491879 35.485582 30.930371 33.881666 37.440702 32.647479 31.478114 
39.204142 41.767029 42.662164 36.102348 40.295889 31.759830 38.614531 38.414159 51.330257 41.929000 36.560311 40.018054 46.033018 38.263953 38.092423 
38.515115 41.051572 42.090123 35.579493 39.203722 31.796051 37.605634 37.215733 50.289812 40.898320 36.274314 40.731061 44.586459 38.315731 36.980507 
34.754992 35.026856 39.498569 31.985432 34.577674 28.811534 34.363274 32.544783 45.564139 35.900014 32.651196 36.169602 40.773534 34.260755 33.502641 
31.845848 34.202060 34.196820 29.384362 32.972026 26.021052 31.572928 30.743376 41.986449 33.877725 29.948088 32.899318 37.113705 31.624451 31.778051 
32.818030 33.181658 35.944504 29.510858 33.677526 27.045910 30.924130 31.879396 42.774471 35.116529 30.097924 32.874577 38.214308 30.758896 30.174115 
