15 15
3.720089 3.508508 1.729339 2.259177 3.301503 2.935710 2.328748 2.970169 3.324854 3.137107 3.874974 2.744684 2.849782 3.761738 2.996336 
3.078409 2.680326 2.208057 1.945757 3.749423 2.347555 1.819417 3.121948 2.720358 3.001093 3.400077 2.643129 2.105776 3.062689 3.029337 
3.172224 4.063450 3.183433 2.031273 4.978270 3.972666 3.116770 3.591834 2.856731 4.098523 3.651170 3.590590 2.732958 4.224160 3.906139 
3.641415 3.980525 1.975232 2.626232 3.613607 3.392943 3.080739 3.417520 2.851761 2.473206 3.776583 3.529722 2.006104 3.835690 3.920510 
3.602885 2.969559 1.983261 2.559357 3.241734 3.098309 2.581370 3.541858 3.277018 3.240862 3.713461 3.800317 3.010812 4.386589 3.456572 
4.277157 3.742572 3.115826 2.772766 4.203727 3.016064 3.590703 3.535433 3.725478 3.797122 3.813152 3.411137 3.493664 3.860031 4.615678 
3.012360 2.174338 3.078073 1.942912 2.368448 2.741399 2.358767 2.265541 2.255842 2.766617 3.512538 2.208703 3.051467 3.690668 3.387516 
3.540169 3.604613 3.158911 2.331719 3.523707 3.593389 2.325790 3.061093 2.450281 3.650910 3.956735 2.832920 2.383902 4.216585 3.771348 
3.825858 3.729777 2.205615 2.597190 3.943019 3.353299 3.417327 3.749931 3.096078 3.607930 4.052702 3.821308 2.658194 4.038101 4.144584 
2.557387 3.037610 1.753324 2.887326 3.968952 2.652262 2.078260 3.126469 3.432697 3.178269 2.730216 2.892818 3.205863 3.583242 4.068410 
2.721580 2.646519 2.271001 2.388516 2.237965 1.805786 2.603685 3.017488 2.710334 2.263371 2.581283 2.656706 2.762138 2.716181 2.599448 
1.486075 2.281175 1.958069 1.660753 2.808025 2.380039 2.182513 2.731051 2.120727 2.008667 2.581842 2.436275 1.621844 2.721557 2.142368 
2.576258 2.802925 3.025319 2.152522 3.126936 3.344147 3.056041 2.819603 2.420064 2.674476 3.464895 3.325270 2.756850 2.905867 2.445472 
2.807095 2.361190 1.753141 2.025006 3.282658 2.315985 2.434917 2.862479 2.809334 2.600205 2.655144 3.179675 3.325464 3.102497 4.166963 
3.016154 2.716758 3.170113 2.537065 3.413131 3.553004 1.876329 3.365080 2.298906 2.626555 3.631802 2.806887 1.694220 3.161071 2.345257 
