15 15
39.230377 41.412595 40.756959 36.799383 41.082564 34.577959 35.584380 37.862224 52.218450 42.134386 38.419747 41.816825 45.449126 40.944624 38.509432 
28.849522 31.129500 31.058305 27.942279 32.589982 24.383878 27.592071 28.628031 39.601870 31.694210 29.357838 32.067997 35.405738 29.897331 30.126514 
26.179793 28.161662 29.062261 26.096658 29.150698 22.459571 25.788121 25.447122 35.591647 28.126572 26.415648 30.888930 32.406325 28.395787 27.308380 
34.754049 36.469987 36.419820 32.764856 36.527913 29.876494 32.288320 32.872775 44.915338 35.476294 32.698186 37.866880 39.757885 34.664868 34.204668 
36.430336 36.437750 37.584516 33.906317 37.687366 30.376113 32.914582 34.984136 48.108109 37.585641 35.142394 38.438638 41.286954 36.354717 35.848187 
32.872074 36.357050 34.314161 31.765515 36.431922 27.696807 32.292998 31.476780 43.478019 34.760669 31.948967 36.233000 38.931252 33.424726 34.030391 
32.028683 33.275691 34.220975 30.149969 33.497569 27.434723 30.966048 30.514315 41.910728 33.457316 30.374948 35.117366 37.651676 33.196516 32.691680 
30.474340 32.118584 32.057107 27.589873 31.174206 25.848315 26.602884 29.703707 39.318082 32.206007 28.435485 32.024599 34.171833 31.818634 29.441683 
27.285548 28.575280 29.294327 26.173447 29.270589 23.145512 25.176973 26.993538 36.361053 28.670154 26.439470 30.362971 31.681790 27.505764 27.519798 
30.845409 35.472325 33.322206 29.706865 34.254694 27.857306 29.830501 30.818470 41.197818 33.718641 30.530663 35.054983 37.693590 34.383987 32.484751 
38.205676 41.937827 41.098158 36.955594 42.488409 33.338470 36.607040 37.837198 50.406366 40.120320 36.680677 42.449152 45.941974 39.108698 39.204077 
37.272381 40.334335 40.588860 35.893316 41.296868 33.048899 35.894024 36.499325 49.714502 38.958279 36.927528 42.451512 45.057751 39.250795 38.737153 
33.357383 34.524527 37.677567 32.971161 37.264439 29.471277 32.847571 32.111336 45.190193 34.696742 33.305503 38.612898 41.308360 34.369008 35.085815 
31.112813 33.933509 32.361363 29.353514 34.387219 26.374317 30.407293 30.462432 41.282601 32.669492 30.433704 34.764372 37.031303 32.048128 33.086565 
32.366607 32.909894 34.203324 30.237085 35.376575 27.868849 29.008548 31.044405 42.243995 33.419693 30.860169 34.884429 38.433717 31.569553 31.490255 
