15 15
3.497669 2.866975 2.213178 2.923849 3.343680 3.075068 2.604910 2.531734 3.941668 2.224793 3.473116 2.582668 2.612221 2.788805 3.162088 
3.065973 2.261466 2.495295 2.456584 3.552015 2.337447 2.386077 2.624702 3.800829 2.129447 2.855005 2.814170 2.665646 2.103916 2.938285 
3.324519 3.539159 3.229177 3.303495 4.008724 2.812677 3.184430 3.007481 4.965042 3.391267 2.949344 3.902812 3.739723 3.447423 4.146224 
3.228762 3.018356 2.471052 3.220593 3.057312 3.264100 3.117017 2.683851 4.202926 2.001012 3.114493 3.492245 2.320117 3.298603 3.565332 
3.759515 2.710722 2.756254 3.046330 3.415892 2.738072 2.853808 2.931279 4.616540 2.562684 3.397141 3.692214 3.066241 3.601420 3.040507 
4.061807 3.697037 3.603070 3.513526 4.125417 2.340184 3.606369 3.245842 4.780904 3.163402 3.660385 3.345928 3.721036 2.840468 4.661879 
3.140248 2.109668 3.339152 3.003084 2.648103 2.100481 2.713839 2.467568 3.513509 2.201011 2.865775 2.493709 3.562772 2.666819 3.516741 
3.888485 3.526068 3.306671 3.607722 3.186946 2.754385 2.824368 3.476942 4.412030 2.462705 3.050455 3.518484 3.274224 2.896287 4.229575 
3.410410 2.900850 2.939911 3.255224 3.679481 3.257696 3.518367 3.397242 4.507870 2.928370 3.320492 3.856870 2.798032 3.193057 3.807785 
2.920371 3.809826 2.456266 2.610358 3.862039 2.054449 2.178094 3.098552 3.877323 2.352206 3.336942 2.938287 3.303507 2.567822 4.069916 
2.386805 2.392141 2.553905 2.983428 2.308023 1.814598 2.728826 2.430053 3.291116 1.538685 2.292037 2.398430 2.555675 2.122270 2.688295 
2.089588 2.230809 2.244609 2.141584 2.885268 1.831789 2.581187 2.474545 2.543282 1.772871 2.110968 2.710610 2.384489 1.938543 2.205712 
2.303311 2.155769 3.011757 3.496703 2.523250 2.563219 2.927367 2.111398 4.422347 2.096449 2.755413 3.274806 3.064901 2.627025 2.554606 
2.419850 2.601098 2.251169 2.295569 3.489769 1.773834 2.286334 2.622594 3.862759 2.255039 3.150518 2.821971 3.051639 2.546201 3.815579 
3.384181 2.109549 3.231640 3.826768 3.269633 3.228496 2.731804 3.155949 3.772343 1.697834 2.184411 3.444204 2.917989 1.933800 2.593211 
