15 15
39.651101 42.720768 40.971623 36.045391 42.270460 32.595818 36.207783 38.523518 54.218075 43.188005 37.862167 40.509778 46.803277 39.290426 38.103266 
28.921011 32.003485 31.943228 26.738474 32.820372 23.584204 27.782538 29.329890 40.320829 32.778115 28.242664 31.019215 36.023091 29.586088 29.137537 
25.509597 28.036563 30.454049 24.605546 29.795337 21.979718 26.430962 25.814036 36.235950 29.188216 25.744034 29.967169 33.418961 27.619171 26.460158 
34.775673 37.254734 37.430919 31.438463 36.406039 29.102487 33.177814 32.893658 46.543615 36.515528 32.289490 36.644075 40.482829 33.969637 34.367744 
36.029973 37.938541 37.539542 32.814295 38.183746 29.161949 33.423111 35.794960 48.854170 38.111101 34.544441 37.662806 42.327460 35.977014 35.105233 
33.236198 36.315656 36.023452 30.498011 36.193370 27.320351 32.259781 31.796990 45.411976 36.080043 31.395623 35.070177 40.174648 33.088022 33.216906 
31.883534 33.651497 35.651477 29.676408 33.557860 27.014965 31.238912 30.360445 43.403199 33.572721 30.206079 34.586638 38.265046 32.258816 32.220256 
30.517819 32.878071 32.720382 26.863505 32.554804 24.687048 26.631811 29.945972 40.315494 33.178933 28.172858 31.109919 34.979349 30.180064 29.659428 
27.219238 29.356001 29.859091 24.903377 29.446511 22.535349 25.815912 27.302439 36.804671 29.557347 25.819468 28.940175 32.435730 27.363332 27.409613 
31.140078 35.078429 34.755266 29.780653 34.511925 26.411660 30.611892 31.632232 43.366257 34.465011 30.522761 34.486885 38.388465 32.816494 31.932005 
38.278012 42.171601 42.544216 35.658591 41.414532 32.026212 37.580419 38.057106 52.304890 41.041222 36.106384 41.333724 46.093328 38.711538 39.210714 
37.447758 40.599760 42.165562 34.925926 40.948829 31.700008 37.343715 37.384559 51.237822 40.102656 36.727424 41.461307 45.786563 38.790271 38.133079 
33.013237 35.516898 38.794067 31.757839 36.006033 28.616569 34.734029 32.514977 46.020001 35.143928 32.504560 37.896168 41.155230 34.187163 34.513082 
31.265601 34.146206 33.747307 28.908598 33.792720 26.132999 30.780226 31.069765 42.648792 33.196807 30.013084 34.203326 37.319817 31.909496 32.087934 
32.345810 34.709416 34.930002 28.794370 35.060039 26.733556 30.075362 31.183011 43.018260 34.517332 29.910919 33.658704 37.967029 31.216953 31.785856 
