15 15
2.655539 4.105514 2.381912 2.824057 2.817977 3.456506 2.769708 3.030948 3.292170 3.188600 3.077417 2.238168 3.284242 3.857965 3.082996 
2.537198 3.723209 3.841723 3.737977 3.117999 2.964598 2.947419 3.791487 3.189957 3.129045 2.596269 2.766152 3.547316 3.337871 2.667847 
2.224823 4.400449 3.389753 3.380662 3.248288 3.353956 3.881869 3.446110 3.378949 3.456343 2.536571 3.279122 3.877155 4.257091 3.398622 
1.981307 4.114058 2.532742 3.314912 2.305537 2.802163 3.425880 3.091303 2.793928 2.072521 2.222455 2.771089 2.618500 3.678005 3.077635 
2.635465 2.910079 1.986009 2.523275 2.601566 2.700681 2.432060 2.962370 2.569199 2.400113 2.825409 2.574085 2.420824 3.461603 1.961615 
2.570008 3.685671 3.176858 2.950815 2.509891 2.200093 3.014288 2.704798 2.704561 2.220512 2.157295 2.774680 2.860841 2.880836 2.340335 
2.622635 4.082639 4.031805 3.521625 2.703155 3.538751 3.505035 3.900943 2.398265 2.390749 4.023889 3.155806 3.255636 4.708914 3.588784 
1.924446 3.738231 3.027609 3.606379 2.172421 2.648319 2.394761 3.695651 1.963613 2.080633 2.526414 2.184469 2.026251 3.955211 2.633352 
1.655934 3.571119 2.593526 2.845971 2.359520 2.324819 2.829817 3.321128 2.685281 2.738734 2.205976 3.496626 2.345311 3.223610 1.991931 
1.037406 3.254218 1.672845 2.307618 2.890378 1.423906 1.916305 2.111256 2.022646 2.206177 1.732440 1.164666 2.623408 2.547905 2.317432 
2.278047 4.836862 3.722138 3.911223 3.330853 2.639818 3.888623 4.431421 3.190974 2.538271 2.854464 3.388894 3.448516 4.490508 3.111173 
1.133061 3.086783 2.608280 2.834460 2.510367 2.514604 2.655324 2.841581 1.711790 1.735144 2.541882 2.737082 2.242572 2.428557 1.961722 
1.445822 2.844767 2.939750 2.631411 2.426120 2.337236 2.953818 2.506132 2.421342 1.959367 2.605445 2.649047 2.500816 2.924551 2.410094 
1.542682 2.541277 1.881081 2.398786 2.871636 2.208415 2.746954 2.846696 1.646798 1.469085 1.979857 1.820166 2.302381 2.635496 2.839308 
1.480367 2.515264 3.093032 3.215990 1.960786 2.482977 1.704228 3.108361 1.682048 1.315727 1.756575 2.563539 1.735349 2.154517 1.408848 
