15 15
34.455218 31.597697 28.166556 39.845772 36.642543 38.000979 26.373770 30.214661 34.633861 29.488604 36.659332 44.620325 34.575674 40.241022 37.136103 
22.889107 20.484227 18.435049 26.175044 24.091072 24.113181 17.281915 19.620858 23.021827 19.341476 24.256405 29.214473 23.054956 26.217150 24.453849 
33.338759 30.162512 27.687526 39.087233 36.962537 35.573606 25.897277 28.215735 33.936854 28.473454 35.911436 44.665391 34.934949 38.472212 37.461142 
31.208053 27.839065 24.597373 36.405588 32.341642 33.158050 24.147222 25.736579 31.904226 25.319905 33.665222 40.620517 31.113249 35.687068 34.471415 
34.420315 29.945299 27.296167 39.661434 36.581939 36.668247 25.976004 29.237909 35.008336 29.060876 37.505346 44.901901 34.836315 39.587245 37.101426 
34.252518 30.758546 27.570795 39.627914 36.345213 35.276942 26.486302 28.442262 34.378525 27.879570 35.990681 44.127006 34.899733 38.653301 37.868735 
33.103021 28.794120 26.854841 37.606320 34.049402 35.188140 25.069839 27.098048 33.104219 26.935627 35.594073 42.519267 33.472532 38.647892 36.150885 
31.864250 29.442945 26.236264 37.098068 33.087862 34.354482 23.986089 27.584005 32.134489 26.905685 34.720559 41.582460 32.308267 38.353953 35.357251 
41.687477 38.330489 34.454483 49.002811 45.086174 45.078352 32.156836 36.075240 42.973556 35.436064 45.118163 56.199606 43.250137 49.437898 46.962831 
32.638197 30.407663 27.196475 38.767461 36.496943 34.758266 24.978885 28.833189 33.606156 27.498881 35.674712 43.904928 34.902097 38.407361 36.756298 
26.188825 24.097038 21.341233 31.987693 28.619602 27.411183 20.587456 23.724138 27.721828 22.111292 28.742206 35.511519 28.331621 30.709213 29.133817 
35.034592 31.584972 29.357715 41.599579 38.914417 38.256461 28.253536 30.515031 36.271864 29.771632 38.683698 47.355947 36.326494 40.290168 39.273134 
31.103176 27.824118 26.271643 36.734715 33.297366 34.268582 24.493239 26.563759 32.072250 26.125756 33.722238 41.220377 31.964499 36.643355 34.343028 
39.134782 34.989862 31.710256 45.932355 41.358165 42.125807 30.550197 34.286959 40.066939 33.056604 42.761927 51.798187 40.178551 45.932328 42.877760 
27.741416 24.630525 23.078169 31.986430 28.799431 30.024531 20.566615 23.976547 28.417843 22.627153 29.047786 35.581319 27.718755 31.676894 30.016745 
