15 15
3.832545 3.647811 2.663523 3.584147 3.773368 2.919587 2.726368 3.047917 4.755794 3.140933 3.859444 2.910788 3.763823 2.676218 4.043070 
3.324153 2.650576 2.672388 2.458162 3.389974 2.084124 2.577779 2.501540 3.764758 2.117581 2.431684 2.964157 2.858115 2.033640 2.918404 
2.618905 3.194967 2.889845 2.590944 2.538322 1.936574 2.920941 1.574547 3.624579 2.283678 1.962272 3.276708 3.152341 2.253228 3.389043 
2.799099 3.143924 2.081124 3.386171 2.524985 2.313651 2.953353 2.327117 3.699304 1.611692 2.649871 3.013763 2.716328 2.175229 3.605657 
3.088763 2.023029 1.717818 2.422383 2.603168 2.023383 1.921100 2.383445 3.488787 1.952179 3.118022 2.793823 2.457080 2.150101 2.796019 
3.492488 3.308057 3.143712 2.864057 3.060795 1.680034 3.235438 2.291378 4.018700 2.163426 2.155817 3.013223 3.296006 1.905245 3.537978 
2.545719 1.769778 2.306688 2.502792 2.217575 1.737831 2.085553 2.062238 3.061478 1.699084 2.287761 2.006458 3.045916 2.294295 2.991987 
2.749155 3.343150 2.149578 2.752154 2.166024 1.818957 2.153869 2.363580 3.442604 1.483961 2.458089 2.663547 2.403992 2.434452 3.562333 
2.703348 2.601351 2.065411 3.005513 2.702396 2.408239 3.219894 2.669589 3.932038 2.169593 2.022528 3.210745 2.496553 2.449117 2.934182 
1.746453 2.836878 1.775116 2.172779 2.719258 1.372851 1.808569 2.006628 2.604867 1.866133 2.263918 1.788828 2.706776 2.169959 2.811451 
3.101598 3.154787 2.830112 3.648834 3.439368 1.725954 2.809853 3.737208 4.292533 2.293626 2.469439 2.950073 3.651605 2.162545 3.407076 
3.234560 3.005534 3.099985 3.693096 3.806848 2.765733 4.041426 3.280402 3.837374 1.954785 2.924353 3.821028 3.478819 2.493802 3.360966 
2.941521 2.062485 3.535513 3.340936 2.692187 2.530385 3.328357 2.327135 3.864055 1.266061 2.443649 3.631666 2.826953 2.152722 2.321196 
3.047353 2.154215 2.897750 2.679651 3.158113 2.659958 3.087210 2.368534 4.007900 2.189320 2.600973 3.290239 3.012012 2.770871 3.389294 
3.058251 2.536063 3.263655 3.258153 3.265325 2.875094 2.197590 3.126051 4.046137 2.263221 2.467281 3.315901 2.749262 2.445761 2.675741 
