15 15
-31.095099 -29.349662 -26.606330 -37.689303 -32.731049 -34.850619 -24.777543 -27.977757 -31.398881 -26.483557 -33.897367 -41.622756 -31.383934 -37.412384 -34.635368 
-21.447825 -19.754035 -18.300510 -25.963673 -22.032865 -23.471704 -16.947251 -17.991979 -21.884129 -17.762166 -22.884607 -27.656433 -21.160566 -25.054551 -24.261027 
-32.186244 -29.498279 -26.553904 -38.697167 -34.118153 -34.727894 -25.490221 -27.510861 -32.339637 -27.148168 -34.308776 -42.368948 -32.362832 -37.685209 -36.098276 
-30.258599 -27.134242 -24.375984 -36.474174 -31.416259 -31.964117 -23.740227 -24.888026 -30.533473 -24.770168 -32.724815 -39.436569 -29.843373 -34.527058 -33.788160 
-32.344238 -29.670439 -27.350907 -39.123230 -34.290191 -35.548455 -25.686024 -27.810462 -33.176050 -27.551102 -34.862311 -42.931144 -32.960128 -38.471520 -36.489726 
-31.852938 -29.308485 -26.496297 -38.976425 -33.989320 -34.517571 -25.460471 -27.288730 -32.485104 -27.020843 -34.581999 -42.308287 -32.848233 -37.073363 -36.079998 
-30.803240 -28.109145 -24.978548 -36.675187 -31.486499 -32.622923 -23.589441 -25.523281 -31.135869 -24.995528 -33.948553 -41.000925 -30.443803 -36.626644 -34.314830 
-29.694043 -27.695877 -26.050740 -36.313380 -31.579432 -33.241187 -23.642996 -25.722713 -31.119892 -25.662285 -32.708038 -39.757944 -30.910834 -35.966984 -34.169885 
-39.495127 -36.629670 -33.484568 -47.904801 -41.905985 -43.054297 -31.218835 -34.297053 -41.019760 -33.676898 -43.514352 -53.401433 -40.908700 -47.727502 -44.974773 
-31.868888 -29.638797 -27.136643 -39.028014 -34.069388 -34.761147 -25.842077 -27.968506 -33.108940 -27.489926 -34.570610 -42.323796 -32.396960 -37.998472 -36.673481 
-26.369239 -24.713724 -22.674908 -32.022478 -28.727881 -28.943929 -20.775202 -23.451300 -27.566895 -22.819960 -27.969844 -35.325795 -27.687174 -31.574315 -30.363375 
-33.248970 -30.772278 -27.166567 -40.736297 -35.852095 -36.310884 -26.818692 -29.133383 -34.012985 -28.613826 -37.013764 -44.976580 -34.080507 -39.564165 -37.582558 
-28.685777 -26.357056 -23.680101 -34.410368 -29.815345 -31.200484 -22.658250 -24.540292 -28.978081 -24.065610 -31.411952 -37.993954 -28.726888 -34.091525 -32.069527 
-37.820748 -35.320746 -32.280710 -46.109284 -40.225064 -41.860419 -29.766367 -33.075347 -38.776005 -32.232524 -41.355023 -50.618042 -38.809857 -44.958111 -42.731955 
-25.965115 -23.791929 -21.350378 -31.014318 -27.116632 -28.102952 -20.368201 -21.919591 -26.327541 -21.764896 -28.450161 -33.931851 -26.000107 -30.262394 -29.294966 
