15 15
-32.330813 -30.575259 -27.679880 -36.604832 -31.138741 -33.818891 -26.245988 -28.857187 -31.837897 -27.828396 -33.489066 -39.245761 -31.706753 -36.455918 -33.514475 
-21.543951 -20.286016 -18.678358 -25.513457 -21.214433 -22.245209 -18.045057 -17.819140 -22.738240 -18.978627 -23.280482 -26.963477 -21.175711 -24.377553 -22.895339 
-32.793108 -30.009952 -28.221959 -38.465662 -32.281188 -33.874460 -26.928323 -27.434948 -33.288649 -28.457410 -34.271558 -40.441549 -32.944532 -37.163061 -34.628031 
-30.495291 -27.733912 -26.046172 -36.193862 -30.209658 -31.324439 -25.117211 -25.008378 -31.339892 -26.425673 -32.257093 -38.283716 -30.508669 -33.909717 -31.967289 
-32.736492 -30.800335 -28.805540 -39.212478 -33.131966 -34.667605 -26.982104 -27.558904 -34.350790 -28.903108 -34.914285 -41.372244 -33.331938 -37.703758 -34.744636 
-32.308683 -29.467215 -28.289575 -38.220717 -31.948680 -33.954030 -27.005171 -27.614746 -33.213092 -28.321206 -34.146479 -40.192053 -32.857814 -36.712791 -34.311038 
-31.573001 -28.813161 -26.942552 -36.726356 -30.236694 -31.647883 -25.418135 -26.638893 -31.699616 -27.652442 -33.266151 -39.566422 -30.500762 -35.106094 -33.234739 
-30.038483 -28.295541 -26.902843 -36.113484 -30.467352 -32.170871 -25.108430 -25.775072 -32.324482 -26.968644 -32.951268 -38.361052 -30.617528 -34.852976 -32.470303 
-41.221341 -37.500798 -35.432831 -47.580186 -39.575673 -42.310048 -33.258552 -35.455186 -41.453266 -35.565761 -42.792964 -50.802931 -40.440632 -46.305858 -43.170004 
-33.311179 -30.710796 -28.203428 -38.496169 -32.195605 -34.291297 -27.369170 -27.669744 -33.503352 -29.050201 -34.820465 -40.372608 -32.900370 -37.489530 -34.713985 
-26.697278 -24.824025 -23.627288 -31.971584 -27.436780 -28.216663 -21.838712 -22.531276 -28.786201 -23.543800 -28.418897 -33.879733 -27.300904 -31.788583 -29.215258 
-34.632528 -31.702542 -29.527060 -40.054909 -34.203018 -36.167623 -28.107302 -29.971201 -34.394736 -30.299207 -36.051076 -42.649327 -34.915779 -38.892447 -36.153002 
-29.586189 -26.994379 -25.268437 -33.954993 -28.442045 -30.525308 -23.948306 -25.620002 -29.439151 -25.555239 -30.864938 -36.221046 -29.090838 -32.864883 -30.744629 
-37.897159 -35.692346 -33.774824 -45.411336 -38.855914 -40.455227 -31.716595 -33.067567 -40.378019 -33.996529 -41.391888 -48.556863 -39.090276 -44.136036 -41.268631 
-26.658366 -23.689905 -22.529072 -30.760118 -25.630846 -27.449849 -21.724449 -22.604075 -26.375306 -23.060166 -28.050173 -32.502600 -26.401208 -29.508182 -27.804595 
