15 15
-2.300371 -2.772188 -1.898116 -1.827915 -3.012960 -2.969599 -2.017389 -2.566833 -1.861940 -2.574293 -2.853080 -2.884919 -1.976946 -3.139587 -2.852596 
-2.763307 -2.583885 -2.124805 -2.371792 -3.255938 -2.830573 -1.946599 -2.986832 -3.001045 -3.166719 -3.125449 -3.096930 -2.221984 -3.469902 -3.186313 
-3.114164 -3.256595 -2.410050 -2.212129 -3.582834 -3.258564 -2.435280 -3.467696 -2.444712 -3.224899 -3.638204 -3.400738 -2.533560 -3.782980 -3.863542 
-2.707455 -2.582859 -1.445972 -1.764974 -3.091486 -2.450949 -2.054830 -2.618376 -2.127094 -2.302798 -2.823124 -2.563393 -1.710093 -2.735832 -2.828400 
-2.184680 -2.130385 -1.751280 -1.521125 -2.468317 -2.302846 -1.873890 -1.964352 -1.301164 -1.893773 -2.672703 -1.860829 -1.838782 -2.656846 -2.567871 
-2.482659 -2.102741 -1.862313 -1.876899 -2.127581 -2.005942 -1.944634 -2.340806 -2.237110 -2.438271 -2.580734 -2.600175 -2.404512 -2.811746 -2.743798 
-2.859221 -3.085697 -2.433061 -2.596614 -3.217809 -3.434770 -2.931710 -3.099400 -2.680938 -2.777723 -3.361577 -3.270637 -2.678168 -4.089723 -3.347761 
-2.541222 -1.937898 -1.654453 -2.191295 -2.795741 -2.408677 -1.849217 -2.160191 -2.505751 -2.485777 -2.549382 -2.402905 -1.916674 -2.641707 -2.882371 
-2.741334 -2.450987 -1.941942 -1.770660 -2.143936 -2.207954 -2.575897 -2.643971 -2.440459 -2.601843 -2.433458 -2.907626 -2.712428 -2.649728 -2.712997 
-1.868398 -1.775565 -0.785801 -1.118365 -2.448630 -1.738531 -1.215157 -1.825181 -1.387760 -1.676065 -1.727285 -1.736180 -1.337293 -1.761448 -2.488505 
-3.489599 -3.257467 -1.846595 -2.156629 -3.530403 -2.943763 -3.000683 -3.097511 -2.638240 -2.691129 -3.441825 -3.161462 -2.489933 -3.387000 -3.246030 
-1.599494 -1.738786 -1.508502 -1.670550 -2.059802 -2.056097 -1.468136 -2.198111 -2.143633 -2.031015 -1.828198 -2.087551 -1.597005 -2.544492 -2.186825 
-2.032140 -2.586794 -1.260737 -1.167812 -2.796628 -2.413267 -1.991819 -2.361672 -1.495108 -1.765672 -2.348113 -2.043398 -1.306783 -2.484834 -1.986592 
-1.938339 -1.858973 -1.301151 -1.200965 -2.753275 -2.095958 -1.482862 -1.818095 -1.337930 -1.579141 -2.457934 -1.154361 -0.759492 -2.103346 -1.758568 
-1.775834 -1.645868 -1.239218 -1.552627 -1.910131 -1.719599 -1.582725 -2.014186 -2.269275 -1.840547 -1.760785 -1.946720 -1.375601 -2.165723 -1.655785 
