15 15
-2.248802 -3.498439 -3.185970 -3.489759 -2.691457 -2.867214 -2.584793 -3.102758 -2.311588 -2.214472 -2.184748 -3.028194 -2.680164 -3.177382 -1.893985 
-1.092524 -2.717683 -2.024392 -2.654306 -1.425755 -2.452522 -2.503293 -2.764021 -1.759322 -1.508765 -1.954969 -1.726800 -2.270152 -2.383844 -2.279230 
-1.264924 -2.481764 -2.141913 -2.697323 -1.637910 -2.172918 -2.083957 -2.565909 -2.059578 -1.872018 -1.838310 -2.308605 -2.169596 -2.437617 -1.717850 
-1.836118 -2.658641 -2.291970 -2.526694 -1.845280 -2.460104 -2.204053 -2.324611 -1.945502 -1.774208 -1.653682 -2.148159 -2.314879 -2.296041 -1.824705 
-1.521055 -2.473899 -2.178348 -2.446809 -1.700149 -1.926251 -1.918408 -2.229099 -1.748858 -1.505139 -1.397691 -1.847659 -2.028971 -2.464200 -1.478569 
-1.348175 -2.626189 -2.418066 -2.825252 -2.027673 -2.221448 -1.823193 -2.524723 -1.608562 -1.747455 -2.180941 -2.275883 -1.776287 -2.451099 -1.543310 
-1.537000 -2.033886 -1.576222 -2.035442 -1.743339 -2.271081 -1.944478 -1.850869 -1.364397 -1.444668 -1.471799 -1.340572 -1.704341 -1.852722 -1.827194 
-1.626456 -2.370370 -2.190016 -2.033910 -1.668160 -2.016229 -1.651844 -1.829558 -1.740117 -1.865386 -1.760276 -1.897290 -1.925532 -2.073613 -1.766872 
-1.729494 -2.949600 -2.305010 -2.034036 -2.021720 -2.392357 -2.490785 -2.484111 -1.696357 -1.894253 -2.125200 -2.188789 -2.136614 -2.714025 -2.421309 
-0.909391 -2.038523 -1.497475 -2.039842 -1.372777 -1.675883 -1.663968 -1.873504 -1.468925 -1.324820 -1.370588 -1.479835 -1.651267 -1.638057 -1.429255 
-1.656958 -2.770839 -2.561449 -3.223080 -2.460744 -2.646348 -2.053863 -2.511145 -1.442115 -1.747244 -2.040399 -1.973810 -1.923037 -2.247519 -1.858663 
-2.032254 -3.185193 -2.861951 -2.946327 -2.034214 -3.150019 -2.847352 -3.135262 -1.813792 -1.769666 -2.278873 -2.668725 -2.535711 -2.888592 -2.316132 
-1.260353 -2.743597 -2.577094 -2.304471 -1.562565 -2.054503 -1.902147 -2.626103 -1.329939 -1.395299 -2.251392 -2.415611 -1.717843 -2.606890 -1.542233 
-1.589733 -3.191518 -2.060663 -2.440180 -2.119489 -2.372987 -2.974292 -3.167148 -2.304882 -1.937751 -2.140154 -2.532350 -2.416563 -3.565495 -2.232234 
-1.454297 -3.063119 -2.083819 -2.651314 -2.315725 -2.332987 -2.395503 -2.685652 -1.941787 -1.887911 -2.226047 -2.088122 -2.077561 -2.783413 -2.045195 
