15 15
-37.106443 -41.185083 -40.167882 -34.890581 -39.005902 -31.950566 -35.933869 -35.169848 -49.180163 -40.018836 -35.763655 -39.284784 -44.306061 -39.666878 -39.441412 
-28.541611 -32.506764 -30.369112 -27.889415 -30.330262 -24.592698 -27.837519 -26.926279 -38.319234 -30.507880 -28.721239 -30.637673 -34.400551 -30.772597 -30.980942 
-26.099876 -29.606636 -27.628467 -25.424757 -28.848774 -22.460606 -25.865514 -24.633545 -35.174186 -27.567315 -26.101216 -28.984879 -32.185756 -27.650402 -28.531337 
-32.696812 -35.425961 -35.332458 -30.344567 -35.547311 -27.594820 -30.788694 -30.393239 -42.364544 -34.370415 -31.520066 -34.347740 -39.638107 -33.738984 -34.551908 
-34.241062 -37.358858 -36.690485 -32.535049 -35.640619 -29.019539 -32.765572 -31.345397 -45.771734 -36.081942 -32.962536 -35.053240 -40.615830 -35.386432 -36.510487 
-32.031317 -35.573105 -33.498041 -30.467658 -34.591779 -27.317332 -30.001782 -30.223433 -41.534622 -33.717913 -31.550533 -33.733254 -38.037513 -33.602356 -33.706522 
-30.330584 -33.393927 -32.171751 -28.840969 -33.326804 -25.414276 -29.827547 -29.340334 -40.648664 -32.817660 -28.702901 -32.139144 -37.703954 -31.861641 -32.821324 
-28.545214 -32.449074 -30.903675 -26.823199 -30.884787 -24.324566 -27.759818 -28.076935 -38.304415 -30.874877 -28.064205 -29.666042 -35.613582 -31.365336 -30.720630 
-26.240522 -28.807358 -28.396917 -24.765375 -27.828612 -22.039658 -24.490445 -24.490814 -34.490031 -27.137524 -25.616565 -27.618746 -31.102814 -26.905048 -27.922425 
-30.162176 -35.096302 -32.130142 -28.393934 -33.012550 -26.636888 -28.371466 -29.209481 -39.509253 -32.314349 -29.268891 -32.170229 -36.915370 -33.254055 -32.305574 
-37.179671 -41.835845 -39.896638 -35.430254 -40.437839 -32.292694 -34.542664 -35.084381 -48.194930 -38.917419 -36.196227 -38.959261 -45.263961 -39.371559 -39.568669 
-35.563588 -40.016699 -37.768131 -32.978499 -39.022426 -30.685294 -32.825989 -32.891256 -46.335005 -37.330058 -34.478256 -37.282968 -43.151323 -37.316148 -38.229767 
-32.187083 -35.682867 -34.985672 -30.707439 -36.202307 -27.847779 -30.537515 -29.499955 -42.912265 -34.367583 -31.204331 -34.530106 -40.309977 -33.540253 -35.394551 
-30.355309 -33.744115 -31.868602 -28.643640 -32.673433 -25.672315 -28.757477 -28.321660 -39.771022 -31.848644 -29.338563 -32.089208 -36.423145 -31.657264 -32.480865 
-30.414762 -34.124607 -33.162398 -28.722170 -32.939486 -26.118714 -29.350313 -27.888809 -39.812687 -32.289282 -30.133072 -32.365242 -37.969586 -32.841824 -33.243734 
