15 15
-31.916517 -30.830452 -27.028901 -37.117682 -32.439309 -33.956466 -25.562499 -28.365619 -32.925681 -27.244165 -33.768267 -40.006943 -32.512292 -37.144079 -34.602785 
-21.193338 -20.370505 -18.634589 -24.919365 -23.051852 -21.992697 -17.606300 -17.942498 -22.665368 -18.538784 -22.946782 -26.899801 -21.860280 -24.000440 -24.730828 
-31.545552 -29.736566 -27.538024 -38.177798 -34.100955 -33.994006 -26.579509 -28.117266 -34.010819 -27.473880 -34.207628 -41.988682 -33.214369 -36.724744 -35.437092 
-29.711685 -27.748804 -25.236800 -35.346758 -32.224740 -31.325685 -24.257778 -25.411760 -31.598245 -25.762073 -32.472117 -38.828560 -30.779489 -33.673564 -33.173917 
-32.248767 -30.538669 -27.874962 -38.768439 -35.120841 -34.486999 -26.514458 -28.385747 -34.779094 -28.101317 -34.799331 -42.392932 -33.889540 -37.002486 -35.938159 
-31.110509 -30.270002 -27.811250 -37.575706 -33.694029 -33.683920 -26.495551 -27.529228 -33.389891 -27.670286 -34.060883 -41.473170 -33.101957 -37.068211 -35.842758 
-31.218144 -28.982223 -26.349453 -36.799838 -31.469874 -32.088879 -24.510620 -26.590230 -32.993182 -26.046297 -33.861714 -40.355412 -30.854796 -35.600734 -33.761877 
-29.532037 -28.674733 -26.928405 -35.418687 -32.385374 -31.605281 -24.550340 -26.011463 -32.262754 -26.498288 -32.357297 -38.815427 -31.364159 -34.846154 -34.320884 
-39.688909 -38.103706 -34.746851 -47.460885 -41.415108 -42.054145 -32.999900 -35.429199 -42.255281 -34.484436 -42.718679 -52.177940 -41.114307 -46.918768 -44.156560 
-31.492227 -30.670837 -27.797162 -38.628446 -33.939418 -34.533997 -26.907010 -28.715572 -33.749344 -27.729856 -33.920192 -42.031180 -32.644260 -36.860947 -35.867162 
-26.230213 -24.356006 -23.692615 -30.939266 -28.862565 -28.172529 -21.272569 -23.022247 -28.365580 -23.249499 -27.445431 -34.428461 -27.701416 -30.456460 -30.232303 
-33.586666 -31.934319 -28.246197 -40.600457 -34.836443 -36.698617 -27.324854 -30.227851 -35.675121 -29.133866 -36.447041 -44.633261 -34.715611 -39.443590 -36.030600 
-28.754141 -27.317343 -24.621488 -34.164024 -29.846093 -30.560548 -23.425850 -25.433471 -30.461712 -24.719303 -31.432150 -37.122614 -29.849446 -33.813823 -31.414440 
-37.899779 -36.120483 -33.411080 -44.476177 -40.772124 -40.418463 -30.146502 -32.798320 -40.561690 -33.513482 -40.837999 -48.980231 -39.439486 -43.877349 -43.153432 
-25.599868 -24.281993 -22.200358 -30.045053 -26.807988 -27.390033 -20.849964 -22.609331 -26.949665 -22.460386 -28.108439 -33.368879 -26.277152 -30.521258 -28.870780 
