15 15
-41.139465 -36.461133 -38.721788 -33.189593 -24.168155 -28.391702 -39.138282 -33.297626 -43.252231 -40.852421 -35.603268 -29.140143 -36.902675 -33.326662 -26.171930 
-31.047854 -28.721002 -29.686470 -25.134451 -19.589277 -22.729377 -30.657699 -26.162229 -33.537205 -31.404626 -27.689112 -22.484655 -28.776065 -24.756850 -19.709665 
-36.479347 -33.659443 -35.183638 -30.105415 -23.674608 -26.793029 -36.528695 -30.279775 -40.302187 -36.766567 -32.716333 -26.542054 -34.516918 -29.905631 -24.135514 
-36.856677 -33.179098 -34.958483 -29.894072 -22.418329 -26.326080 -33.490310 -29.575047 -38.543500 -35.083242 -31.993350 -25.370837 -33.266903 -29.087415 -23.721413 
-42.603404 -39.325433 -39.822400 -34.530343 -25.625064 -31.338590 -40.545832 -34.772518 -45.631785 -40.969503 -37.858773 -30.442490 -38.212432 -34.592783 -27.306069 
-34.074825 -30.323960 -31.492958 -26.481427 -20.196045 -23.484554 -32.776030 -26.440138 -35.690575 -32.907694 -29.051220 -24.268180 -31.186013 -26.652183 -22.037035 
-28.986963 -24.848010 -25.855838 -22.355467 -16.634149 -20.136163 -24.991438 -23.220328 -29.361605 -26.300564 -24.311263 -19.837106 -24.713416 -21.108610 -17.849109 
-29.472627 -27.817681 -27.244976 -23.929616 -18.194782 -20.831022 -28.086885 -24.964831 -31.671334 -29.013222 -26.343618 -20.546817 -26.598245 -23.377472 -19.050996 
-41.071314 -35.988855 -38.095845 -33.025227 -23.923783 -28.534313 -38.891681 -32.658887 -43.605193 -39.361151 -35.360508 -29.719067 -36.698035 -32.740045 -26.132273 
-36.042034 -32.417108 -33.720531 -29.228730 -21.541386 -25.338947 -33.899332 -29.650176 -38.434926 -34.578374 -31.035978 -26.143764 -31.598832 -28.316077 -23.301745 
-33.925855 -30.202299 -31.157982 -27.008005 -20.347499 -23.834337 -30.765648 -27.705434 -35.170849 -32.790342 -28.775721 -23.385594 -29.962203 -25.695495 -21.124814 
-40.027504 -36.209613 -38.187700 -32.720957 -24.653163 -28.715353 -38.699808 -31.406718 -43.345055 -38.897648 -35.239711 -28.995862 -36.931860 -32.602030 -26.098577 
-34.247622 -30.499033 -31.865716 -27.984442 -20.359867 -23.859970 -33.241812 -27.224016 -36.886384 -33.398160 -29.450155 -25.119641 -31.308498 -27.654706 -21.913832 
-38.973660 -35.461265 -37.142727 -32.610718 -24.889487 -28.657278 -37.981415 -32.291992 -43.449342 -38.347355 -34.825057 -28.507802 -36.236381 -31.493541 -25.503477 
-40.146351 -35.833496 -37.478575 -31.982022 -24.241758 -28.203092 -38.332131 -32.027491 -42.519418 -39.193633 -34.800945 -28.362598 -36.867360 -31.711388 -25.605870 
