15 15
-41.477658 -36.160350 -38.801833 -33.666698 -23.165014 -29.006540 -39.414155 -33.931806 -42.766042 -40.540713 -35.732670 -28.469938 -35.568538 -32.569005 -25.233847 
-32.516882 -28.601068 -29.934772 -25.634517 -17.907176 -23.119317 -31.252121 -26.137308 -33.068395 -31.146140 -27.331614 -22.401598 -28.269181 -23.506138 -18.831078 
-38.462637 -33.564581 -35.908062 -30.831141 -21.441546 -27.266853 -36.902749 -29.831383 -40.268971 -36.500660 -32.927699 -25.803918 -34.146972 -29.575894 -22.802523 
-37.343870 -33.030301 -33.867796 -29.942759 -20.816059 -26.203489 -35.158341 -29.827804 -39.042701 -35.363886 -32.824298 -25.315519 -32.308440 -28.732018 -22.123699 
-44.016552 -37.921124 -40.598041 -34.679768 -23.629950 -31.225917 -42.078717 -35.153181 -45.403218 -42.035821 -38.060794 -29.509625 -38.431457 -33.606132 -25.844799 
-35.334944 -30.410231 -31.446524 -27.402992 -18.580921 -23.538877 -33.058862 -26.539030 -35.567016 -33.148024 -29.866972 -23.925684 -30.850087 -27.222014 -20.511643 
-28.803160 -24.992043 -25.418436 -22.474347 -15.681708 -19.571870 -26.633288 -23.023303 -28.897062 -27.380827 -24.700097 -19.629211 -24.608384 -21.013915 -16.685317 
-30.248161 -27.332627 -26.881891 -23.376923 -16.951513 -21.103578 -28.533071 -25.219658 -31.133119 -29.568484 -26.755773 -20.090722 -25.574493 -22.200205 -17.716967 
-41.657751 -35.824390 -38.436737 -33.192482 -22.789269 -28.485757 -39.201600 -32.757666 -42.909134 -40.298784 -35.785841 -28.288094 -36.066305 -33.014738 -25.133491 
-36.238362 -32.190393 -33.732109 -29.262404 -20.557875 -25.539018 -34.636055 -29.377639 -37.966894 -35.065648 -31.429896 -24.983487 -31.284462 -28.055419 -21.966033 
-34.022669 -29.895571 -31.110920 -27.369527 -19.097812 -24.067767 -32.168619 -28.002982 -35.010824 -32.644826 -29.283390 -23.781630 -29.368726 -24.998727 -20.035032 
-40.869154 -35.955595 -38.249099 -32.922470 -22.837942 -28.790758 -39.436004 -31.988020 -43.226223 -38.899558 -35.226298 -28.337215 -35.945056 -32.482349 -24.712522 
-35.092308 -30.231961 -32.440231 -28.070933 -19.322093 -24.020059 -33.092426 -27.364168 -36.579812 -33.947506 -30.169886 -24.032145 -30.696852 -28.193281 -21.147262 
-40.511392 -35.386241 -37.634515 -32.407575 -23.209808 -28.675047 -38.461637 -31.914104 -42.902145 -38.914221 -35.277951 -27.109645 -35.698837 -31.286254 -24.492180 
-41.428108 -35.689248 -37.603423 -32.630855 -22.345815 -28.419134 -38.897220 -32.255125 -42.258454 -39.413321 -35.374757 -28.037847 -36.046581 -31.567306 -24.295878 
