15 15
-37.814529 -42.195494 -41.250348 -34.659872 -38.285565 -30.688701 -37.367349 -35.649211 -50.813886 -40.962144 -35.781549 -37.514777 -44.763862 -37.823485 -37.757005 
-29.615130 -32.568288 -31.629045 -27.315917 -29.520368 -24.310060 -28.905579 -27.949446 -39.081452 -31.303929 -28.103724 -29.264130 -34.620793 -29.407293 -29.408484 
-26.794703 -29.883802 -28.877239 -24.831091 -27.576232 -22.127048 -26.983122 -24.766711 -36.099495 -28.665580 -25.616408 -28.014672 -32.353640 -27.147151 -26.896890 
-33.132216 -36.477796 -36.673773 -29.375237 -33.753159 -26.561700 -32.581488 -30.295340 -43.376198 -36.032862 -31.077251 -32.303033 -40.102708 -33.507894 -33.319015 
-35.268487 -38.005175 -37.749003 -31.950763 -34.256040 -28.399572 -34.003054 -31.775040 -46.292414 -36.727309 -32.905817 -33.063154 -41.598479 -34.273712 -34.250231 
-32.885647 -35.852178 -35.117781 -29.390155 -33.502221 -26.517213 -31.260415 -30.877326 -42.770734 -35.301173 -30.929235 -32.152904 -38.601313 -32.769724 -32.593186 
-30.868261 -33.911110 -33.470543 -28.182617 -32.095002 -24.814144 -30.741718 -28.619242 -42.207814 -33.918895 -29.475559 -30.195197 -37.707104 -31.679761 -31.244993 
-29.108089 -33.138863 -31.054270 -26.393047 -30.378848 -23.067388 -29.283580 -27.837864 -39.437857 -32.745498 -29.010207 -28.743853 -36.136746 -29.940940 -28.976499 
-27.048328 -29.596005 -29.041664 -24.100021 -26.354052 -21.615750 -25.887692 -24.775408 -34.780566 -27.962012 -25.094665 -25.948355 -31.488982 -26.450036 -26.577825 
-31.041956 -35.095644 -33.282689 -28.735031 -32.056178 -25.110396 -29.782728 -29.759790 -40.803314 -34.081291 -29.668598 -30.996911 -36.662482 -31.517547 -31.298938 
-38.178137 -41.665047 -41.460644 -34.577008 -38.245319 -30.714053 -36.550155 -35.661342 -49.118822 -40.726099 -36.075861 -36.528163 -45.355005 -38.526814 -38.457016 
-36.806323 -40.733937 -39.269395 -32.664677 -36.929280 -29.432446 -34.537599 -33.607664 -46.910315 -39.270100 -33.825043 -35.562517 -42.680030 -36.381085 -36.473120 
-33.584693 -36.185197 -36.806673 -29.721710 -33.515541 -27.188036 -32.053218 -29.933401 -43.286212 -35.570855 -30.550024 -32.086811 -39.775151 -33.432000 -33.811377 
-31.088344 -34.012666 -33.704059 -28.674488 -31.258240 -25.319050 -29.923112 -28.602604 -40.474870 -33.056878 -28.852947 -30.224154 -36.505547 -31.233587 -31.172351 
-30.866185 -34.396372 -34.903578 -27.995944 -31.240437 -25.295776 -31.265895 -28.723800 -40.343163 -33.986117 -29.370828 -30.355390 -37.750177 -32.031167 -31.927594 
