15 15
-37.527167 -42.493256 -40.382545 -34.136589 -40.193799 -29.968425 -36.557272 -35.831142 -51.179789 -41.072455 -35.206075 -37.977737 -45.660212 -38.012680 -39.035246 
-28.613101 -33.380748 -31.254036 -26.685611 -30.560651 -23.793025 -28.027986 -27.628138 -39.038193 -31.591785 -27.606065 -29.588891 -35.017903 -30.461354 -29.991965 
-25.429681 -29.481536 -29.020255 -23.933646 -29.493413 -21.980754 -26.508356 -25.000459 -35.818489 -28.628959 -25.429602 -28.063118 -33.198393 -26.873787 -27.683115 
-32.718435 -36.210708 -36.343557 -29.018174 -35.425436 -26.820813 -31.678188 -30.414122 -43.992821 -35.409649 -31.111371 -33.124936 -40.363052 -33.043754 -34.714984 
-33.840699 -38.859648 -36.645512 -31.443026 -36.136998 -27.805375 -33.274102 -32.156221 -46.517795 -36.607401 -32.364582 -34.277409 -41.656336 -35.008729 -35.767533 
-32.395441 -35.531710 -35.207333 -29.200154 -34.353227 -26.940875 -29.968565 -30.543642 -43.468579 -35.037287 -30.997189 -32.570432 -39.280909 -33.265651 -32.893037 
-30.185435 -33.769732 -33.602253 -28.367408 -33.387095 -24.994518 -30.100411 -29.186464 -42.141134 -32.933065 -28.534032 -31.608417 -38.317324 -30.923940 -32.349900 
-28.588693 -33.208561 -31.566951 -26.096831 -32.265385 -23.163299 -27.788745 -28.319200 -39.301827 -31.847803 -27.801578 -28.751363 -36.421097 -29.726766 -30.938375 
-26.174212 -29.588079 -28.961681 -23.495305 -28.004534 -21.429496 -25.129384 -24.799715 -34.933649 -28.024716 -24.996563 -26.195950 -31.856755 -26.762616 -27.812240 
-30.456845 -34.702406 -33.563202 -28.467721 -33.269782 -25.191242 -29.152857 -30.023244 -41.677693 -33.060719 -29.260988 -31.602131 -37.610245 -31.686563 -31.752828 
-37.252006 -42.069619 -41.342696 -34.133251 -39.363962 -30.980436 -35.516043 -35.304289 -50.093455 -39.838321 -35.621934 -37.843833 -45.415315 -38.974399 -39.575307 
-35.738965 -40.282124 -39.344833 -32.011110 -38.674387 -29.336403 -34.275680 -33.776490 -47.858325 -38.474436 -34.278153 -36.292764 -43.880135 -36.855625 -37.625692 
-31.842938 -36.675238 -36.102171 -29.494118 -34.943901 -26.993071 -32.423972 -29.903595 -43.742073 -34.814769 -30.403388 -33.813376 -40.156847 -33.358408 -34.821817 
-30.508097 -33.956811 -33.254546 -28.198724 -32.078934 -25.430997 -29.130410 -28.928993 -41.137212 -32.375959 -28.917943 -31.528162 -36.711659 -31.518632 -31.482234 
-30.393964 -35.924130 -33.889076 -27.279455 -32.622950 -24.983421 -30.417126 -28.027416 -40.586953 -33.386920 -29.183822 -31.139517 -37.502898 -32.489224 -33.539336 
