15 15
-40.413711 -35.716756 -37.489910 -34.424901 -24.839064 -30.010886 -38.131366 -33.149315 -41.615081 -39.906702 -36.295035 -30.848706 -36.350938 -33.397257 -26.386140 
-31.276079 -27.686457 -29.151673 -26.438614 -19.138844 -23.453813 -29.897711 -24.952545 -33.000764 -30.078518 -28.476384 -23.540179 -27.445792 -24.829131 -20.556253 
-37.211771 -32.694572 -34.989219 -31.833568 -23.221019 -27.635281 -35.675078 -29.524128 -39.978933 -35.947755 -33.502247 -27.525713 -33.133149 -30.151783 -25.051977 
-36.950781 -32.596650 -33.015609 -31.271505 -21.615261 -26.530102 -33.958802 -29.906709 -37.471356 -34.060659 -32.485089 -27.049450 -31.990872 -29.432044 -23.778586 
-43.054677 -37.439350 -38.638708 -35.624299 -25.335160 -31.373686 -40.076452 -34.078742 -45.074214 -39.952193 -38.727776 -31.806625 -37.676992 -34.855479 -27.856794 
-34.245039 -30.333884 -30.961205 -28.370885 -20.573637 -25.162941 -31.478139 -26.594792 -34.991256 -31.962631 -29.729394 -25.366329 -31.056216 -27.536093 -21.723762 
-28.704992 -24.701761 -24.782826 -22.730868 -16.039301 -20.645689 -25.415349 -23.104504 -27.933483 -25.471273 -24.154126 -20.449111 -24.042064 -21.927380 -17.706482 
-28.942328 -26.562029 -26.754903 -24.008369 -17.995932 -22.028132 -27.399562 -24.361933 -30.781918 -28.580770 -26.382813 -21.779863 -25.720173 -23.730794 -18.983476 
-40.815740 -35.599541 -36.834463 -33.721256 -24.748849 -29.827824 -37.721386 -32.643001 -41.746574 -38.928655 -35.627806 -30.630701 -36.596553 -33.499296 -26.218517 
-35.779541 -31.262232 -32.735456 -29.943193 -21.703220 -26.383474 -33.324900 -29.358982 -36.757211 -33.875128 -31.464320 -26.841479 -31.147038 -28.780784 -23.332869 
-33.372297 -29.243796 -30.556454 -28.049139 -19.307324 -25.005380 -30.877182 -27.270627 -33.850287 -31.350031 -29.454805 -24.768741 -28.813156 -26.708272 -21.288823 
-40.572247 -35.441994 -36.495514 -34.822540 -24.571837 -29.542575 -38.007809 -31.687320 -41.548233 -37.700017 -35.823158 -30.507350 -35.495991 -32.842284 -26.168719 
-33.862050 -29.867108 -31.284210 -28.658276 -21.053401 -25.109252 -31.932540 -27.211633 -35.762459 -33.078688 -30.032244 -26.029673 -31.397683 -28.648007 -22.129021 
-39.432855 -34.791280 -36.412130 -33.477269 -24.738069 -29.578751 -37.334688 -31.703514 -41.837112 -37.919219 -35.068485 -29.077457 -34.757147 -32.204520 -26.305616 
-40.237608 -35.477891 -36.662139 -33.457955 -24.036554 -29.768321 -37.319031 -31.727598 -41.389008 -38.158019 -35.395466 -29.745432 -35.998755 -32.665532 -25.818277 
