15 15
5.538203 4.563845 4.897541 5.262116 3.250175 4.442474 5.316145 4.789381 5.722614 4.844107 5.175517 3.657300 3.787615 4.196296 3.880636 
4.846868 4.206703 4.005728 3.466036 2.040882 3.670459 3.845598 3.580580 3.661547 3.623840 3.458996 3.472778 3.630346 3.107615 2.314510 
5.338014 4.724035 4.384188 4.619110 2.693485 3.721311 4.677044 3.470638 5.358023 4.060113 4.415601 3.886145 5.479431 4.382139 3.282529 
4.708042 4.454770 3.938539 3.697968 3.289792 3.779090 4.505354 3.650269 5.418621 4.649891 4.662974 4.027532 4.241656 4.378865 2.757872 
6.081434 4.720977 5.179843 4.430935 3.080001 4.763051 5.382911 4.393613 5.580947 5.822177 5.115850 4.178772 5.492687 4.724307 3.611841 
4.891438 3.746706 4.352321 3.855489 2.291974 2.908488 4.389866 3.715652 4.447745 4.369371 3.742387 4.271278 4.535044 4.370743 2.693698 
3.571766 3.795585 3.067448 3.472078 3.143423 2.610482 3.690522 3.246492 3.510978 4.211533 3.494166 3.186554 3.341122 2.575338 2.270109 
4.440282 4.276935 3.693332 2.818063 2.155507 3.377460 3.384351 4.175781 3.875539 4.060284 3.974607 2.579854 3.487520 3.130906 2.585945 
4.938305 4.373317 5.625751 5.082427 3.699844 3.978170 5.090766 4.576799 5.755739 5.768699 4.933979 3.980139 4.791884 4.526037 3.801788 
4.263103 4.303705 4.782397 4.241174 2.791595 3.407279 4.693284 3.629329 5.625056 4.778344 4.651776 3.404849 4.040015 3.991242 3.183778 
3.736654 3.907319 4.044399 3.137349 3.104941 3.378166 4.204007 3.798760 5.156038 4.629558 3.656461 3.333801 4.038837 3.470751 3.020385 
5.640531 4.390782 5.057164 4.535860 3.364150 3.562404 5.597496 3.590388 6.403926 4.585636 5.048859 4.183633 4.862732 4.038881 3.920350 
4.740011 3.794256 4.286409 4.048120 2.954425 3.139167 4.266363 3.590531 4.489044 4.585663 3.941778 3.347637 4.013174 4.159090 3.268933 
6.038804 5.071160 5.168522 4.281834 3.270554 4.369711 4.990627 4.164874 5.833680 5.051038 4.366341 3.232222 5.179047 4.438149 3.813916 
5.509996 4.361601 4.673037 4.328653 3.066417 3.166557 4.803555 4.842936 5.339729 4.940628 4.493177 4.564554 4.707309 4.426012 3.289561 
