15 15
5.544551 5.136818 4.908255 4.741619 3.671713 4.588708 4.427171 4.696468 6.165139 5.239455 5.147859 3.432953 4.496062 4.575217 3.778517 
5.039270 3.932419 4.246329 3.302397 2.820158 2.971786 3.866942 3.837964 4.456228 4.365366 3.499132 3.318869 4.229471 2.257923 2.524338 
5.175371 4.659169 5.084688 3.986745 2.837571 3.596632 4.815388 3.302056 5.123271 4.499945 3.968220 3.763644 5.208646 3.989976 3.196158 
4.659023 4.879184 3.879309 4.106440 2.739969 3.916603 5.059330 3.805828 5.889655 4.464890 4.733910 3.917969 4.128040 4.101626 2.885504 
6.482188 4.300429 5.224767 4.438130 2.963519 4.269136 5.433377 4.967494 5.978166 6.296131 5.181434 4.216909 5.542293 4.628386 3.007420 
5.195155 4.403134 4.297662 3.643657 2.544455 2.320725 4.888198 3.134612 4.672506 4.460471 3.750319 3.601958 4.250274 4.034116 3.443559 
3.931562 3.136952 3.555546 2.869067 2.266255 2.486549 3.834909 2.911635 3.874976 4.394857 3.750507 2.573878 3.815327 3.393930 2.412996 
4.722870 4.509415 3.800648 2.848059 1.816236 2.844172 3.339992 4.130014 3.781761 4.082379 3.975008 2.299618 2.839611 3.457024 3.221181 
5.047807 4.544465 5.110698 4.392415 3.041932 3.687717 5.266046 4.385292 5.586062 5.783416 4.214510 3.821925 4.278876 4.666355 3.755813 
4.010866 4.965235 4.508723 3.965920 3.692950 3.482192 4.734059 3.912051 5.043095 4.973969 4.239417 2.660565 4.804868 3.758015 2.919417 
4.191444 4.389172 4.021905 4.120740 3.177863 3.085586 4.634493 4.572579 5.422890 4.390854 3.890984 3.700332 4.300720 3.054959 2.490730 
4.825204 4.963821 5.271985 4.070199 3.538739 4.136962 6.002075 4.154661 5.875377 4.821650 4.784880 4.408907 5.039581 4.394516 3.363519 
4.292372 3.462511 5.179000 4.295782 2.629532 3.291024 4.406541 3.489707 5.324875 4.196884 4.043841 3.635306 4.085056 4.221217 2.998460 
5.566714 4.443740 4.802811 3.886403 3.644899 3.635006 5.067776 3.983743 5.863650 4.886231 4.743343 3.409783 5.443274 3.973385 3.987126 
5.755286 4.388394 5.273513 4.915941 2.988947 4.054889 4.517087 4.730552 5.658957 4.775070 4.463430 4.489799 4.468615 4.067492 3.126586 
