15 10
4.344977 4.464447 4.748254 3.890759 3.920517 3.081266 4.095082 3.774538 5.657219 4.593469 
4.182766 3.967619 5.083431 4.667905 4.326197 2.912398 3.772704 3.262700 2.665701 3.645661 
2.479083 3.070796 3.324773 4.086549 3.683974 3.472479 3.129154 4.041024 3.479311 3.163581 
3.089876 4.222637 3.537613 3.178327 4.468246 2.910762 3.933082 3.739118 4.809090 3.932094 
3.747355 3.866136 4.901274 3.775332 4.042877 3.591365 4.097288 4.626605 3.318928 4.234873 
3.337588 2.632083 3.270228 4.641044 4.029004 3.593937 3.167099 4.804103 3.928053 3.783124 
4.105552 5.538077 4.312988 3.916638 4.503161 4.020459 3.754441 3.997260 5.267320 4.399380 
4.142665 4.481896 4.741400 4.741873 4.331419 3.090163 3.527613 3.678207 2.341575 3.504990 
2.265006 3.674293 2.863672 4.127983 3.756001 2.653229 3.657865 3.967328 3.276677 4.142484 
3.362258 2.889953 3.162507 2.448013 3.161164 2.666535 1.771111 2.938561 3.858316 3.015906 
2.580330 2.639331 3.106119 2.557163 2.646735 3.244285 4.110846 3.490112 3.106227 3.038241 
2.251473 2.837308 3.198844 4.033813 3.003813 3.031339 2.509838 3.847376 3.657940 3.726480 
4.214746 4.186692 4.630347 3.965345 3.886644 3.342928 4.281927 3.716919 5.686964 4.014154 
3.635262 4.561001 4.696253 4.060458 4.269642 3.774596 4.217824 4.118318 3.468771 3.744982 
3.100870 3.717527 3.632918 5.174720 3.947563 3.320245 3.749095 4.131372 3.394964 3.595360 
