15 15
4.474256 4.120251 3.585617 6.020319 4.924225 5.446820 4.033357 4.006890 4.571652 4.210096 5.737882 6.036069 4.570015 5.024548 5.032929 
3.606065 3.292093 3.222629 4.270132 3.272550 4.004955 2.491188 2.395817 3.593916 2.556218 4.603766 4.611359 2.806957 4.430609 4.039685 
4.087149 3.854026 3.465345 5.621537 4.472959 4.089740 3.449373 3.163383 5.067985 3.507208 4.990150 5.607940 4.465607 4.958027 5.531983 
4.314953 4.021119 3.086353 5.026713 4.088994 4.105702 3.305814 3.729174 3.847276 3.346664 4.323765 5.761464 3.924088 5.078891 4.412759 
5.119559 4.239204 3.220510 5.375467 4.785211 4.910821 3.380647 3.319173 5.251943 3.738548 5.782831 6.475772 4.738222 5.973654 5.623836 
3.801533 3.670359 3.867002 4.823381 4.284691 4.532553 2.809143 3.771414 3.871985 3.183978 3.604809 5.711923 4.741172 4.684822 3.905817 
3.473597 3.505302 2.431839 3.728599 3.501016 3.684301 2.472584 3.327693 2.547399 2.301980 2.948195 4.006454 2.774801 3.488802 3.291274 
3.134449 3.506337 3.566343 3.449509 3.199925 4.302015 2.250843 3.318057 3.524338 3.072571 3.601647 4.268995 3.633200 4.661496 3.852455 
4.096294 4.148468 4.023477 5.611200 5.659424 5.320237 3.610552 4.462134 4.593179 4.398571 4.775944 6.322747 5.322132 5.010595 4.886814 
3.804282 3.375544 3.785744 4.921963 3.936940 4.251735 3.382129 3.610672 4.415373 3.587824 4.686200 5.262841 3.902591 4.716607 4.550614 
3.086282 3.255544 3.489933 3.816961 3.314453 4.315779 2.912570 3.066404 3.995501 3.334763 3.827876 4.320911 3.483267 5.180296 4.274176 
5.343624 3.877180 3.303579 6.435931 5.098044 4.314221 4.169301 3.289688 4.725936 3.386094 5.645719 6.353768 4.413667 4.398816 5.376547 
3.509753 3.429404 3.130388 4.635463 4.685733 4.228360 3.106477 3.437995 3.671691 3.716845 3.804136 5.345166 4.714006 4.613816 4.250692 
4.960267 4.476199 3.946137 5.351528 4.798815 5.273415 3.863679 3.954284 4.768647 4.056036 4.156874 5.200034 4.237357 5.356416 5.627352 
4.319496 4.150244 3.731753 5.155752 4.757157 4.515743 3.225365 4.315408 4.470283 3.685326 4.513886 6.272139 4.659483 5.524239 4.811960 
