15 15
5.206358 5.437601 4.828209 4.264514 4.674854 3.973869 4.151299 4.062289 6.651327 5.551162 5.018457 4.103159 5.830198 5.332874 4.716599 
3.570242 4.052354 3.998028 2.802331 4.502260 2.581846 3.272520 3.862885 4.925037 4.623851 3.856630 3.401926 4.736355 3.508635 3.402925 
3.192082 4.754030 4.360264 3.261019 5.070633 3.122808 4.441334 3.750448 5.156487 4.765852 3.756855 4.501780 5.578591 4.319712 4.529149 
4.171830 5.027981 4.969996 4.057752 4.342240 4.039194 3.391298 3.553071 5.390454 4.184245 3.902962 3.973287 5.086503 4.457023 4.483218 
5.069040 5.704739 4.449126 4.288706 4.958633 4.381810 3.900493 4.586831 6.206733 5.229812 4.979412 5.149773 5.323268 5.615037 4.468689 
3.935036 4.316863 4.344096 2.722091 4.159580 2.266402 4.605366 3.035720 4.796065 4.220141 2.934566 3.944454 4.586200 3.464285 4.968951 
4.115365 2.992918 3.992948 2.750187 3.218697 3.050843 2.193059 3.108659 4.339519 3.314594 3.361673 2.781773 3.920359 3.488624 3.576788 
3.947335 4.994469 4.163733 3.400752 3.059504 2.571616 2.893807 3.875187 4.319976 3.527118 3.562853 2.755713 3.863363 4.634292 4.555211 
4.461370 4.708930 4.769806 4.225159 4.176446 3.736273 4.956127 4.286513 6.282120 4.845784 3.789177 5.252898 4.910606 4.391662 4.754595 
3.814537 5.191950 4.497145 3.932246 4.676461 3.282121 3.997336 4.184589 5.511127 4.486695 3.845499 3.820842 5.119239 4.018673 4.255129 
4.094630 4.695900 4.068967 3.759218 4.427551 2.852156 3.231522 4.275030 5.582915 4.536370 3.383315 3.304296 4.894197 3.751727 3.580513 
3.983553 5.217838 5.210586 3.868687 5.353960 4.061557 5.265880 3.573359 5.994209 4.819740 4.798294 5.067554 6.026385 4.514196 4.749574 
3.447685 3.729584 4.604484 4.209291 3.667306 3.130935 4.555928 3.349555 5.631447 3.647537 3.324110 4.722803 4.696702 3.682642 3.765030 
4.028982 4.518764 4.311023 4.089546 5.324578 3.617237 4.587554 4.361631 6.410847 4.319365 4.290449 4.807940 5.980817 4.180673 4.998423 
4.473529 4.532642 5.148666 4.267107 4.884891 3.838846 3.951997 4.502917 5.919921 4.555382 3.889619 4.814550 5.289394 4.211574 4.436577 
