15 15
4.440888 3.778860 5.251174 4.878159 3.679622 4.776669 3.574660 4.731883 4.018198 4.883460 2.743467 2.333881 3.321579 3.415116 2.941817 
3.121759 2.993423 2.986414 3.418259 3.730505 3.296864 2.494627 4.046887 4.057498 3.148669 3.524765 3.705118 4.073182 3.649486 4.393219 
3.881646 3.861387 4.018137 4.326992 3.070460 4.290396 2.970383 3.545916 3.474526 4.725555 3.836372 3.783195 4.252920 4.844978 4.183083 
4.596513 3.642141 4.308947 4.337735 5.344655 2.740275 2.959826 3.831596 4.411389 3.186416 3.787032 2.856827 4.143879 3.661487 4.403327 
2.321718 2.759605 3.565666 2.956756 2.582168 2.934306 1.957649 2.270577 2.786911 3.271884 3.474823 2.564741 3.742964 3.413733 2.250057 
3.213867 2.556218 3.104980 3.086525 3.774439 3.655387 3.837285 5.137524 4.680071 3.864460 4.571778 3.215305 4.879818 3.820171 4.723040 
3.271722 3.330860 4.752411 3.569919 3.476355 3.886895 2.548627 3.740395 3.489338 4.392696 3.143281 2.750941 4.023559 3.887908 3.345351 
3.064902 2.600192 3.331444 4.038444 4.355883 3.515570 3.683046 4.477580 4.543944 4.023942 4.263519 3.418134 4.909233 3.775254 5.256224 
3.065059 2.950781 4.216761 4.046109 3.337517 3.684600 2.813879 4.523832 3.504874 4.234057 3.420123 3.052790 4.795927 4.196135 3.683075 
3.495445 3.211447 4.645097 3.757307 4.563593 3.660230 3.362210 4.461576 5.070702 3.642154 4.101548 3.552010 4.723152 4.251438 4.910663 
0.000000 0.000000 9968417670417707213450716905472.000000 0.000000 0.000000 0.000000 0.000000 0.000000 0.000000 0.000000 0.000000 0.000000 0.000000 0.000000 0.000000 
0.000000 0.000000 0.000000 0.000000 0.000000 0.000000 0.000000 0.000000 0.000000 -nan 0.000000 0.000000 0.000000 0.000000 0.000000 
0.000000 0.000000 0.000000 0.000000 0.000000 0.000000 0.000000 0.000000 0.000000 0.000000 0.000000 0.000000 0.000000 0.000000 0.000000 
0.000000 0.000000 0.000000 0.000000 0.000000 0.000000 0.000000 0.000000 0.000000 0.000000 0.000000 0.000000 0.000000 0.000000 0.000000 
0.000000 0.000000 0.000000 0.000000 0.000000 0.000000 0.000000 0.000000 0.000000 0.000000 0.000000 0.000000 0.000000 0.000000 0.000000 
