15 15
4.095283 4.131306 4.041645 5.416727 5.353729 5.518771 4.025362 4.294346 4.958914 4.392469 5.516908 5.855011 5.475368 4.763627 4.688143 
3.526371 3.554499 2.869241 4.262000 3.706707 3.288861 2.881032 2.554102 4.183923 3.231693 4.679855 5.181102 3.013853 3.558417 4.013057 
4.356358 3.626022 3.618709 5.203276 4.344063 3.985851 3.657104 3.156460 5.415505 4.077403 5.079182 5.808923 3.945729 4.807570 5.086354 
4.683637 3.941055 3.670835 4.721203 3.433148 3.787655 3.865177 4.296274 3.631776 3.988339 4.267974 5.001709 4.189106 4.720075 4.757218 
5.459299 3.743211 3.924294 5.928436 4.793901 4.407489 3.532013 4.228409 5.016688 4.300703 5.247942 6.774968 4.587048 5.293306 5.554267 
3.275132 4.205035 4.079789 4.917063 4.054420 4.352478 3.070257 3.388932 4.378428 3.094418 3.536818 5.180588 3.973701 5.023767 3.943001 
3.860801 3.475012 2.437869 3.057692 2.761222 3.290303 2.489886 3.461526 2.440558 2.245242 2.682879 3.474420 2.531393 4.032161 3.464335 
3.199276 3.156012 3.209171 3.682333 2.989713 3.855799 2.720686 3.485626 3.312225 3.392356 4.013166 3.879279 3.274466 4.295956 3.778343 
4.349392 4.135375 4.049331 5.451956 5.217130 5.312370 3.746436 4.183975 4.583618 3.761180 4.544130 5.732812 5.418655 5.464275 4.848302 
4.335194 3.797270 3.488667 4.563467 3.924203 4.688421 3.541986 3.971541 4.330827 3.279248 4.577650 4.991275 4.306830 4.123252 3.987797 
3.953377 3.966750 3.227449 4.031083 3.344564 4.170952 2.811853 3.337799 3.908662 3.607554 4.167921 4.270989 3.133746 4.412222 3.758120 
5.409279 4.426420 3.911253 6.307859 4.443412 4.956647 4.546371 3.334712 4.273229 3.808596 4.835286 6.191171 4.938619 4.663989 4.460034 
3.096155 3.184990 3.878514 4.712724 4.425005 4.464454 3.007312 3.125737 4.488384 3.472868 3.911928 4.757120 4.541515 4.854919 4.275935 
4.938390 4.113903 3.704085 5.482379 4.452207 4.497800 3.974189 3.360029 4.863439 4.118789 4.957036 5.257296 4.528563 5.483789 5.138234 
4.206163 4.552031 4.199297 5.437711 4.717013 4.910693 3.474704 3.783818 4.784512 4.184556 4.657587 5.763366 4.680307 5.831645 4.851523 
