15 15
5.159230 4.574900 5.353569 4.658524 3.679679 4.514425 5.308150 5.076837 6.109876 5.026480 4.954543 3.476242 4.692968 3.935375 3.535850 
4.767174 4.469109 3.652340 3.457904 2.475039 2.954365 4.235442 3.738865 4.251554 4.299315 3.535085 4.042521 3.837242 2.235423 2.287882 
5.607223 4.496031 4.537552 4.200849 2.564589 3.617422 4.884775 3.463715 5.705543 4.630308 4.504633 4.087128 4.959553 4.231682 2.836900 
5.076726 4.374706 4.523021 3.392458 2.633946 3.461043 5.064717 4.217369 5.203121 5.291566 4.607183 3.267777 4.506674 4.020049 3.102331 
6.421174 4.224984 5.883627 4.983904 3.088691 4.259719 5.534277 5.302849 5.345692 6.384332 4.580961 4.477968 5.341513 4.043959 3.542272 
4.365037 4.281382 4.565108 3.949171 2.061703 2.728413 4.650980 3.333170 4.954188 4.279811 3.674396 3.739943 3.767573 4.709688 2.730882 
3.958970 3.765295 3.073478 2.801171 2.403629 2.216484 3.707824 3.380325 3.404137 4.154795 3.228850 2.654520 3.097714 3.118697 2.443170 
4.505109 3.926610 3.336160 3.050887 1.945295 2.931244 3.854194 4.343350 3.663426 4.380069 4.386126 2.190138 3.128786 2.765366 2.511833 
5.191403 4.360224 5.651605 4.923183 3.257550 3.970303 5.226650 4.298640 5.746178 5.131308 4.702165 3.390204 4.888407 4.979717 3.763276 
4.794015 4.725431 4.485320 3.882678 2.778858 3.843965 4.853141 3.990198 5.540510 4.469768 4.543226 3.133283 4.444254 3.397887 2.620961 
4.603749 4.618525 3.781915 3.351471 3.135052 3.233339 4.103290 4.070155 5.069199 4.902349 3.996506 3.283879 3.689316 2.702677 2.504329 
5.706186 4.940022 5.664838 4.407788 2.709518 4.204830 5.974566 3.635412 5.951219 5.008138 4.238426 4.021036 5.387684 4.304054 3.003837 
4.326413 3.549842 5.034535 4.125381 2.693697 3.375261 4.167198 3.278273 5.305737 4.341686 4.049570 2.759591 3.840683 4.400193 3.294176 
6.016927 4.708864 4.926470 4.412685 2.923946 3.594096 5.101137 3.570619 5.928472 5.113791 5.166503 3.289484 5.470253 4.565522 3.324798 
5.396663 4.763388 5.140581 4.610612 3.026273 3.561507 5.052894 4.311346 5.653958 5.439858 4.636878 4.055781 4.728133 4.733418 3.329124 
