15 10
3.619223 3.720070 3.516376 5.126067 4.591426 4.700451 3.088166 3.626226 4.020069 3.647751 
4.874533 5.676182 4.531695 4.738500 4.540408 3.140623 2.738159 2.727902 3.969863 3.195227 
3.203519 2.310808 2.115089 3.550109 2.357867 4.259751 4.184678 2.710751 3.551593 4.010169 
3.822300 3.257767 3.343194 4.906480 4.014658 3.753015 3.079465 2.983471 4.485836 3.113282 
4.533269 4.849795 3.517505 4.021484 4.959340 3.685469 3.514840 2.683732 4.696361 3.431804 
3.541609 3.100575 3.601890 3.568900 3.006422 4.085676 4.845713 3.528072 4.272682 3.840297 
4.556825 3.651994 3.129296 5.010594 4.213257 4.055555 3.285061 3.303483 4.709749 3.382070 
5.011668 5.846032 4.205960 5.004569 4.882145 3.260377 3.537537 3.146454 4.231033 3.882582 
3.943394 2.376402 3.018326 3.428664 2.810938 3.331404 4.756014 3.837530 4.160587 3.829211 
3.080286 2.743704 2.089496 2.823414 2.566315 3.176060 2.195023 2.822738 2.430194 2.186616 
2.423193 3.251336 2.434766 3.375933 2.504108 2.713987 2.855194 3.000038 3.184980 2.839391 
3.448584 2.149985 2.595947 3.144397 2.571361 3.070534 3.742884 2.969304 4.011262 3.658960 
3.959172 3.797378 3.368965 4.661374 4.711710 4.636439 3.111632 3.701033 3.828346 3.581658 
3.902560 5.472636 4.594771 4.819709 4.355886 3.512104 3.062948 3.133243 4.183234 3.906816 
4.145397 3.143095 3.341723 3.497005 3.244317 3.748587 4.446810 3.679577 3.859671 3.626484 
