15 15
4.728370 3.182321 4.345393 5.095297 4.180794 3.648449 3.604046 4.524368 4.035621 3.744184 3.557498 2.476991 2.657524 3.846058 2.794801 
2.587435 2.992021 3.196798 3.288235 3.093396 3.696587 2.702918 2.893917 4.244255 3.570003 3.170035 3.061730 3.883509 3.391835 3.616400 
3.855539 3.300743 2.727187 4.709196 3.697757 2.962981 2.889070 3.496536 4.232873 3.636651 4.112269 3.243801 3.180062 4.986264 3.612676 
3.415287 3.225802 4.193508 4.656374 4.039362 3.780432 2.660962 3.262098 3.608213 3.178789 3.430435 3.180271 3.554544 3.635886 3.464909 
3.315297 2.277252 1.966718 2.982419 2.716098 2.547419 2.221803 1.862559 3.357832 2.962982 3.480532 2.071732 2.667993 3.949526 3.051356 
2.666913 2.100341 3.232903 3.734429 3.283541 4.495345 3.083445 3.801635 4.546632 4.402526 3.691553 3.244997 4.137149 4.081866 4.032700 
4.806886 3.112693 3.330371 3.966926 3.833248 2.796272 3.144346 3.492509 3.921821 3.639271 3.917289 2.985483 3.011212 3.950571 2.796287 
2.464754 2.561664 3.324612 3.812248 3.416814 4.370642 4.058819 3.683601 5.228278 4.414944 3.085105 3.422596 4.194649 4.339916 3.816295 
3.679284 2.550768 3.543706 3.740973 3.564936 2.978098 2.622721 4.054055 3.303622 3.374856 4.092510 3.239987 3.048676 4.763924 4.549244 
3.161782 2.615004 4.163430 3.997263 4.108430 3.988957 3.074471 3.496501 4.723213 3.754031 3.648996 3.113814 4.218517 4.176722 4.106557 
0.000000 0.000000 152105982519801440634929152.000000 0.000000 0.000000 0.000000 0.000000 0.000000 0.000000 0.000000 0.000000 0.000000 0.000000 0.000000 0.000000 
0.000000 0.000000 0.000000 0.000000 0.000000 0.000000 0.000000 0.000000 0.000000 -nan 0.000000 0.000000 0.000000 0.000000 0.000000 
0.000000 0.000000 0.000000 0.000000 0.000000 0.000000 0.000000 0.000000 0.000000 0.000000 0.000000 0.000000 0.000000 0.000000 0.000000 
0.000000 0.000000 0.000000 0.000000 0.000000 0.000000 0.000000 0.000000 0.000000 0.000000 0.000000 0.000000 0.000000 0.000000 0.000000 
0.000000 0.000000 0.000000 0.000000 0.000000 0.000000 0.000000 0.000000 0.000000 0.000000 0.000000 0.000000 0.000000 0.000000 0.000000 
