15 10
5.581026 5.869270 4.229495 3.936167 3.016424 4.520252 5.643445 2.837424 1.944336 4.666340 
2.731777 5.088419 2.526849 2.329337 3.578601 3.138071 4.993688 2.098998 2.203932 3.924186 
4.528730 5.720629 3.623515 2.623640 3.607826 4.200466 5.066961 3.173236 1.744478 3.706972 
4.442637 5.393084 3.799748 3.099155 2.705380 3.940112 5.325864 3.449122 1.884735 3.668139 
5.442733 5.975351 4.692785 3.401468 2.793894 4.059032 5.229570 3.281122 2.440944 4.916945 
4.352430 5.295099 3.267961 3.001725 3.253072 3.848517 4.670086 2.829698 1.756783 2.706778 
2.989583 4.155907 2.970747 2.936270 2.191572 3.566422 3.530692 2.474701 1.799109 2.942505 
3.855472 4.987862 2.803367 3.491440 2.002986 3.024438 4.320204 2.120136 1.335282 3.381669 
5.123456 5.929168 4.192581 4.033395 3.980254 4.440048 5.094650 3.031348 1.934337 3.807651 
4.207813 5.333402 3.317907 3.263341 3.328939 4.057364 5.528417 2.782541 1.687748 3.917155 
3.817034 4.756379 2.791258 3.198964 2.533769 3.856926 5.039798 2.719412 1.956048 4.138773 
5.096756 6.321954 4.350832 2.739902 4.076031 4.893541 6.172664 2.763541 1.750172 4.322026 
4.799578 4.487821 3.614649 3.176686 3.117125 3.844802 4.788750 2.489514 1.736740 2.897079 
4.895175 5.267097 4.619140 3.193087 3.924411 4.978228 4.790682 3.629098 2.319956 3.840410 
4.395770 5.361720 3.940431 3.642775 3.529351 4.328809 5.314782 3.623228 2.489887 3.589527 
