15 15
4.683170 4.163664 4.828300 4.367864 2.917376 3.696105 4.370954 4.408717 5.171031 4.281762 4.312168 3.297413 3.749295 3.910248 3.388115 
4.381426 3.652769 3.511001 3.165767 1.963559 2.869023 3.665218 3.299852 3.617740 3.425489 3.114981 3.046097 3.534140 2.228599 2.284994 
5.073165 4.127776 4.262037 3.904053 2.235184 3.384586 4.307136 3.290726 4.775874 3.666187 3.958720 3.128000 4.531329 3.445596 2.709886 
4.078558 3.948491 3.535918 3.367616 2.632602 3.214997 4.300115 3.522985 5.140245 4.309649 4.424885 3.111781 3.845640 3.572656 2.185410 
5.518700 4.133767 5.088629 4.066062 2.508047 3.907785 5.287325 4.377923 5.038753 5.465699 4.344687 3.549032 4.960425 3.755222 2.870150 
4.350282 3.613884 3.631773 3.263141 1.889865 2.319329 3.957125 2.962564 4.004424 3.996331 3.468982 3.315369 3.631402 3.846508 2.617092 
3.178455 3.033987 2.725105 2.566893 2.208722 2.102241 3.412961 2.741537 3.393773 4.096169 2.969164 2.431436 3.001087 2.462469 1.482943 
4.019820 3.625792 3.127027 2.553534 1.794973 2.524029 3.283493 3.453671 3.495598 3.559074 3.443494 2.053743 2.823624 2.480672 2.392450 
4.801183 4.022227 4.971239 4.132601 2.752130 3.294372 4.591846 3.815698 4.990906 4.951786 4.060595 3.130028 4.064523 4.335151 3.270860 
3.970925 3.991109 4.129896 3.502445 2.761471 3.300941 4.454250 3.360380 4.706688 4.434837 3.714163 2.588818 3.817001 3.134306 2.259648 
3.729331 3.633068 3.343542 3.132888 2.663844 2.876209 3.854406 3.605138 4.463339 4.131022 3.607744 3.201671 3.483383 2.527898 2.034329 
4.707830 4.241251 4.756060 3.685123 2.663441 3.543237 5.039234 3.526239 5.433302 4.467612 4.070014 3.422909 4.407499 3.935434 2.945057 
4.130752 3.459910 4.200945 3.352548 2.251432 2.696558 3.718296 3.165157 4.362879 4.010146 3.309452 2.730405 3.402909 3.862651 2.964164 
5.146958 4.238126 4.535086 3.719402 2.760387 3.462536 4.569353 3.462727 5.187266 4.535574 4.293707 2.834575 4.635057 3.639115 3.060278 
5.089171 4.128025 4.406602 3.990937 2.454173 3.121887 4.418055 3.865615 4.952879 4.585351 4.281353 3.723282 4.188953 3.984297 3.083206 
