15 15
4.821037 4.875683 5.273523 4.181419 4.682820 3.899586 5.032278 4.442658 6.596064 5.338187 4.825141 4.146448 6.027104 4.693032 4.473932 
3.298146 4.589044 3.404039 2.957838 4.157141 2.564425 3.641020 3.763786 4.720363 4.557800 3.892583 4.125578 4.344126 3.486135 3.166469 
3.623934 4.590892 3.813128 3.475123 4.797651 3.143598 4.510721 3.912107 5.738759 4.896215 4.293268 4.825264 5.329498 4.561418 4.169891 
4.589533 4.523503 5.613708 3.343770 4.236217 3.583634 3.396685 3.964612 4.703920 5.010921 3.776235 3.323095 5.465137 4.375446 4.700045 
5.008026 5.629294 5.107986 4.834480 5.083805 4.372393 4.001393 4.922186 5.574259 5.318013 4.378939 5.410832 5.122488 5.030610 5.003541 
3.104918 4.195111 4.611542 3.027605 3.676828 2.674090 4.368148 3.234278 5.077747 4.039481 2.858643 4.082439 4.103499 4.139857 4.256274 
4.142773 3.621261 3.510880 2.682291 3.356071 2.780778 2.065974 3.577349 3.868680 3.074532 2.840016 2.862415 3.202746 3.213391 3.606962 
3.729574 4.411664 3.699245 3.603580 3.188563 2.658688 3.408009 4.088523 4.201641 3.824808 3.973971 2.646233 4.152538 3.942634 3.845863 
4.604966 4.524689 5.310713 4.755927 4.392064 4.018859 4.916731 4.199861 6.442236 4.193676 4.276832 4.821177 5.520137 4.705024 4.762058 
4.597686 4.952146 4.473742 3.849004 3.762369 3.643894 4.116418 4.262736 6.008542 3.982494 4.149308 4.293560 4.758625 3.658545 3.956673 
4.506935 4.925253 3.828977 2.989949 4.384740 2.999909 2.700319 3.772606 5.229224 5.047865 3.488837 2.887843 4.282793 3.399445 3.594112 
4.864535 5.194039 5.603439 4.206276 4.524739 4.129425 5.238371 3.054110 6.070051 5.006228 4.251840 4.679683 6.374488 4.423734 4.389892 
3.481726 3.816915 4.460019 4.038890 3.731471 3.215172 4.316585 3.138121 5.612309 3.792339 3.329839 3.847088 4.452329 3.861618 4.060746 
4.479195 4.783888 4.434682 4.615828 4.603625 3.576327 4.620915 3.948507 6.475669 4.546925 4.713609 4.687641 6.007796 4.772810 4.336095 
4.114906 4.907636 5.015734 3.961778 4.922217 3.345464 4.487804 4.083711 5.914922 5.220170 4.063067 4.380532 5.548912 4.877500 4.639115 
