15 15
41.953718 36.571586 39.327102 33.957358 23.927317 29.824860 40.351351 34.599926 43.704887 41.285431 36.375045 28.648767 36.512211 32.594132 25.381582 
32.902630 29.417408 30.076111 25.926654 18.418656 23.204659 31.822345 26.576321 33.702209 32.019966 27.751718 23.398022 28.572283 23.512962 18.833966 
38.996695 33.932836 36.183577 31.127937 21.770951 27.499689 37.480388 30.004372 41.198640 37.464781 33.473612 26.763046 34.575196 30.361980 22.929537 
38.342038 33.456516 34.854899 29.967601 20.817403 26.449535 35.922943 30.522188 39.105577 36.345803 33.006596 25.471515 32.969474 29.179411 23.040620 
44.919026 38.012341 41.393039 35.597610 24.210594 31.577851 42.325669 36.078107 45.710157 42.954454 38.297068 30.438561 38.812545 33.894869 26.516921 
35.349699 31.077729 32.379859 28.089022 18.752759 23.947961 33.752717 26.909636 36.516780 33.431504 30.072386 24.350258 30.986258 28.085194 20.625433 
29.583675 25.723351 25.766809 22.708625 15.876615 19.686113 26.928151 23.662091 28.907426 27.439453 24.959783 19.852295 24.705011 21.670143 17.645544 
30.733450 27.633445 27.091024 23.874276 17.101835 21.510793 29.103772 26.109337 31.300947 30.389479 27.698405 20.227117 25.879655 22.484899 17.836350 
42.047971 36.162387 39.117103 33.983064 23.294689 29.161688 39.836404 33.240608 43.664406 40.478306 36.427411 28.548270 36.890189 33.659304 25.625907 
37.061452 32.924715 34.087533 29.642637 20.575262 26.082042 35.034946 30.007457 38.800716 35.100579 32.258959 25.527952 31.911715 28.319000 22.327346 
34.897087 30.881028 31.549293 27.588110 19.569020 24.424897 32.417503 28.467999 35.616684 33.416153 29.672152 23.863838 29.574659 25.173506 20.505032 
41.867510 36.654366 39.157877 33.645135 22.884019 29.452351 40.371336 32.097193 43.744140 39.440084 35.394710 28.935342 36.925241 32.850969 24.771302 
35.287969 30.321893 33.273821 28.843766 19.764358 24.698762 33.541328 27.477284 37.522670 34.279046 30.910004 24.061331 31.134626 28.730823 21.477274 
41.381361 35.856979 38.025899 33.100858 23.373367 28.806607 38.993421 32.021996 43.643351 39.492438 36.150747 27.564554 36.534033 32.212661 24.756700 
41.735600 36.324611 38.337402 33.250530 22.917915 28.858754 39.532059 32.700856 42.959533 40.267828 35.730282 28.370346 36.585761 32.316427 24.541796 
