15 15
32.392577 31.241688 27.554170 37.408342 33.201612 34.774786 26.499695 29.033739 33.864526 27.988883 34.410642 40.185772 33.455965 37.169206 34.750520 
21.579086 21.186845 18.775928 25.211502 23.563332 22.078039 18.176524 18.381511 23.299182 19.412610 23.366886 27.896225 22.163382 24.007264 24.733716 
32.079610 30.104821 27.813539 38.474594 34.430360 34.226842 27.157148 28.290255 34.940488 28.438001 34.753541 42.947810 33.642593 37.510830 35.564106 
30.709853 28.175019 26.223903 35.371600 32.226084 31.571731 25.022380 26.106144 31.661121 26.743990 32.654415 38.984556 31.440523 34.120957 34.090838 
33.151241 30.629886 28.669960 39.686281 35.701485 34.838933 26.761410 29.310673 35.086033 29.019950 35.035605 43.321868 34.270628 37.291223 36.610281 
31.125264 30.937500 28.744585 38.261736 33.865867 34.093004 27.189406 27.899834 34.339655 27.953766 34.266297 41.897744 33.238128 37.931391 35.956548 
31.998659 29.713531 26.697826 37.034116 31.664781 32.203122 24.805483 27.229018 33.003546 26.104923 34.121400 40.578496 30.951423 36.256962 34.722104 
30.017326 28.975551 27.137538 35.916040 32.535696 32.012496 25.121041 26.901142 32.430582 27.319283 33.299929 38.951822 31.669321 35.130848 34.440267 
40.079129 38.441703 35.427217 48.251467 41.920528 42.730076 33.634704 35.912141 43.010553 34.663958 43.360249 52.438116 41.938191 47.563334 44.648976 
32.315317 31.405159 28.152586 39.008679 33.956805 35.077021 27.305901 29.345390 34.583166 27.764787 34.749255 42.575645 33.271513 37.124528 36.228475 
27.104631 25.341463 24.130988 31.157849 29.333773 28.529659 21.521453 23.487264 28.971440 24.020826 27.834193 34.510669 27.907349 30.631239 30.702303 
34.585022 32.633090 29.154975 41.323122 34.882520 37.360210 28.260186 30.337024 36.193038 29.674392 36.615453 45.231388 35.695796 39.812210 36.089380 
28.949802 27.407275 25.455078 34.936857 30.288358 31.239251 23.874752 25.546587 31.404570 25.050843 32.172268 37.151800 30.287220 34.351365 31.744452 
38.769748 36.591221 33.802464 45.169460 40.935683 40.550023 30.678286 32.906212 41.302896 34.091699 41.710795 49.435140 40.274682 44.803756 43.417952 
25.907360 24.917356 22.934337 30.664728 27.380088 27.829653 21.484803 23.055062 27.650744 23.314893 28.463964 33.701378 26.816332 31.270379 29.116698 
