15 15
3.447224 3.085893 3.108837 3.501052 3.781334 2.845304 3.607347 3.428286 4.700531 2.927958 3.666128 2.954077 3.960729 2.036376 3.800403 
3.052057 3.187266 2.078399 2.613669 3.044855 2.066703 2.946279 2.402441 3.560084 2.051530 2.467637 3.687809 2.465886 2.011140 2.681948 
3.050757 3.031829 2.342709 2.805048 2.265340 1.957364 2.990328 1.736206 4.206851 2.414041 2.498685 3.600192 2.903248 2.494934 3.029785 
3.216802 2.639446 2.724836 2.672189 2.418962 1.858091 2.958740 2.738658 3.012770 2.438368 2.523144 2.363571 3.094962 2.093652 3.822484 
3.027749 1.947584 2.376678 2.968157 2.728340 2.013966 2.022000 2.718800 2.856313 2.040380 2.517549 3.054882 2.256300 1.565674 3.330871 
2.662370 3.186305 3.411158 3.169571 2.578043 2.087722 2.998220 2.489936 4.300382 1.982766 2.079894 3.151208 2.813305 2.580817 2.825301 
2.573127 2.398121 1.824620 2.434896 2.354949 1.467766 1.958468 2.530928 2.590639 1.459022 1.766104 2.087100 2.328303 2.019062 3.022161 
2.531394 2.760345 1.685090 2.954982 2.295083 1.906029 2.668071 2.576916 3.324269 1.781651 2.869207 2.554067 2.693167 1.742794 2.852985 
2.846944 2.417110 2.606318 3.536281 2.918014 2.690825 3.180498 2.582937 4.092154 1.517485 2.510183 2.779024 3.106084 2.762479 2.941645 
2.529602 2.597074 1.751713 2.089537 1.805166 1.734624 1.927651 2.084775 3.102282 1.361932 2.567727 2.261546 2.346162 1.809831 2.512995 
3.513903 3.384140 2.590122 2.879565 3.396557 1.873707 2.278650 3.234784 3.938842 2.805121 2.574961 2.533620 3.040201 1.810263 3.420675 
4.115542 2.981735 3.492838 4.030685 2.977627 2.833601 4.013917 2.761153 3.913216 2.141273 2.377899 3.433157 3.826922 2.403340 3.001284 
2.975562 2.149816 3.391048 3.170535 2.756352 2.614622 3.089014 2.115701 3.844917 1.410863 2.449378 2.755951 2.582580 2.331698 2.616912 
3.497566 2.419339 3.021409 3.205933 2.437160 2.619048 3.120571 1.955410 4.072722 2.416880 3.024133 3.169940 3.038991 3.363008 2.726966 
2.699628 2.911057 3.130723 2.952824 3.302651 2.381712 2.733397 2.706845 4.041138 2.928009 2.640729 2.881883 3.008780 3.111687 2.878279 
