15 15
38.290589 42.606730 41.775617 34.950532 39.047868 31.507021 38.304545 36.317331 51.752731 41.706862 36.423924 37.693606 45.707535 37.848612 37.904740 
30.000878 33.384628 31.770384 27.608054 30.031848 24.395402 29.475803 28.388459 39.715266 32.177755 28.523828 30.260554 34.923895 29.414117 29.411372 
27.328761 30.252057 29.152754 25.127887 27.905637 22.359884 27.560761 24.939700 37.029164 29.629701 26.162321 28.973800 32.781864 27.933237 27.023904 
34.130384 36.904011 37.660876 29.400079 33.754503 26.807746 33.346090 30.989724 43.439074 37.014779 31.259549 32.459029 40.763742 33.955287 34.235936 
36.170961 38.096392 38.544001 32.868605 34.836684 28.751506 34.250006 32.699966 46.599353 37.645942 33.142091 33.992090 41.979567 34.562449 34.922353 
32.900402 36.519676 36.051116 30.076185 33.674059 26.926297 31.954270 31.247932 43.720498 35.584653 31.134649 32.577478 38.737484 33.632904 32.706976 
31.648776 34.642418 33.818916 28.416895 32.289909 24.928387 31.036581 29.258030 42.218178 33.977521 29.735245 30.418281 37.803731 32.335989 32.205220 
29.593378 33.439681 31.263403 26.890400 30.529170 23.474603 29.854281 28.727543 39.605685 33.566493 29.952839 28.880248 36.441908 30.225634 29.095882 
27.438548 29.934002 29.722030 24.890603 26.859472 22.291681 26.522496 25.258350 35.535838 28.141534 25.736235 26.208531 32.312866 27.094602 27.070241 
31.865046 35.829966 33.638113 29.115264 32.073565 25.653420 30.181619 30.389608 41.637136 34.116222 30.497661 31.541376 37.289735 31.781128 31.660251 
39.052555 42.650504 41.899017 34.795591 38.716527 31.071183 36.799039 36.126359 49.724682 41.497426 36.464623 36.610371 45.560938 38.701593 38.927016 
37.804679 41.432708 40.178173 33.387342 36.975357 30.094039 35.472931 33.716837 47.428232 39.810626 33.993455 36.160644 43.660215 36.749705 36.531900 
33.780354 36.275129 37.640263 30.494543 33.957806 27.866739 32.502120 30.046517 44.229070 35.902395 31.290142 32.115997 40.212925 33.969542 34.141389 
31.958313 34.483404 34.095443 29.367771 31.421799 25.450610 30.454896 28.710496 41.216076 33.635095 29.725743 30.679063 37.340743 32.159994 31.436871 
31.173677 35.031735 35.637557 28.615619 31.812537 25.735396 31.900734 29.169531 41.044242 34.840624 29.726353 30.687889 38.289357 32.780288 32.173512 
