15 15
40.889771 36.127992 38.015179 34.715561 25.601367 30.829206 39.068562 33.817435 42.553926 40.651420 36.937410 31.027535 37.294611 33.422384 26.533875 
31.661827 28.502797 29.293012 26.730751 19.650324 23.539155 30.467935 25.391558 33.634578 30.952344 28.896488 24.536603 27.748894 24.835955 20.559141 
37.745829 33.062827 35.264734 32.130364 23.550424 27.868117 36.252717 29.697117 40.908602 36.911876 34.048160 28.484841 33.561373 30.937869 25.178991 
37.948949 33.022865 34.002712 31.296347 21.616605 26.776148 34.723404 30.601093 37.534232 35.042576 32.667387 27.205446 32.651906 29.879437 24.695507 
43.957151 37.530567 39.433706 36.542141 25.915804 31.725620 40.323404 35.003668 45.381153 40.870826 38.964050 32.735561 38.058080 35.144216 28.528916 
34.259794 31.001382 31.894540 29.056915 20.745475 25.572025 32.171994 26.965398 35.941020 32.246111 29.934808 25.790903 31.192387 28.399273 21.837552 
29.485507 25.433069 25.131199 22.965146 16.234208 20.759932 25.710212 23.743292 27.943847 25.529899 24.413812 20.672195 24.138691 22.583608 18.666709 
29.427617 26.862847 26.964036 24.505722 18.146254 22.435347 27.970263 25.251612 30.949746 29.401765 27.325445 21.916258 26.025335 24.015488 19.102859 
41.205960 35.937538 37.514829 34.511838 25.254269 30.503755 38.356190 33.125943 42.501846 39.108177 36.269376 30.890877 37.420437 34.143862 26.710933 
36.602631 31.996554 33.090880 30.323426 21.720607 26.926498 33.723791 29.988800 37.591033 33.910059 32.293383 27.385944 31.774291 29.044365 23.694182 
34.246715 30.229253 30.994827 28.267722 19.778532 25.362510 31.126066 27.735644 34.456147 32.121358 29.843567 24.850949 29.019089 26.883051 21.758823 
41.570603 36.140765 37.404292 35.545205 24.617914 30.204168 38.943141 31.796493 42.066150 38.240543 35.991570 31.105477 36.476176 33.210904 26.227499 
34.057711 29.957040 32.117800 29.431109 21.495666 25.787955 32.381442 27.324749 36.705317 33.410228 30.772362 26.058859 31.835457 29.185549 22.459033 
40.302824 35.262018 36.803514 34.170552 24.901628 29.710311 37.866472 31.811406 42.578318 38.497436 35.941281 29.532366 35.592343 33.130927 26.570136 
40.545100 36.113254 37.396118 34.077630 24.608654 30.207941 37.953870 32.173329 42.090087 39.012526 35.750991 30.077931 36.537935 33.414653 26.064195 
