15 15
3.112348 2.305057 2.658492 2.840754 3.351646 3.000785 3.485889 2.912103 3.886405 2.011818 3.279800 2.625957 2.809127 2.148963 2.919421 
2.793877 2.798156 1.901306 2.612091 3.206896 2.320026 2.754577 2.525603 3.596155 2.063396 2.890958 3.537822 2.273417 2.081416 2.701829 
3.756371 3.376021 2.682041 3.517599 3.735742 2.833467 3.253817 3.169140 5.547314 3.521630 3.485757 4.226296 3.490630 3.689129 3.786966 
3.646465 2.513878 3.114764 2.506611 2.951289 2.808540 3.122404 3.095392 3.516392 2.827688 2.987766 2.842053 2.698751 3.217026 3.782159 
3.698501 2.635277 3.415114 3.592104 3.541064 2.728655 2.954708 3.266634 3.984066 2.650885 2.796668 3.953273 2.865461 3.016993 3.575359 
3.231689 3.575285 3.870516 3.819040 3.642665 2.747872 3.369151 3.444400 5.062586 2.982742 3.584462 3.483913 3.238335 3.516040 3.949202 
3.167656 2.738011 2.857084 2.935188 2.785477 1.830416 2.586754 2.936258 3.042670 1.960949 2.344118 2.574351 2.845159 2.391586 3.546915 
3.670724 2.943263 2.842183 3.810550 3.316005 2.841457 3.338570 3.690278 4.293695 2.760395 3.461573 3.409004 3.563399 2.204629 3.520227 
3.554006 2.716609 3.480818 3.785992 3.895099 3.540282 3.478971 3.310590 4.667986 2.276262 3.808147 3.425149 3.407563 3.506419 3.815248 
3.703520 3.570022 2.432863 2.527116 2.947947 2.416222 2.297176 3.176699 4.374738 1.848005 3.640751 3.411005 2.942893 2.207694 3.771460 
2.799110 2.621494 2.313915 2.214159 2.265212 1.962351 2.197623 1.927629 2.937425 2.050180 2.397559 1.981977 1.944271 1.769988 2.701894 
2.970570 2.207010 2.637462 2.479173 2.056047 1.899657 2.553678 1.955296 2.619124 1.959359 1.564514 2.322739 2.732592 1.848081 1.846030 
2.337352 2.243100 2.867292 3.326302 2.587415 2.647456 2.688024 1.899964 4.403209 2.241251 2.761142 2.399091 2.820528 2.806001 2.850322 
2.870063 2.866222 2.374828 2.821851 2.768816 1.732924 2.319695 2.209470 3.927581 2.482599 3.573678 2.701672 3.078618 3.138338 3.153251 
3.025558 2.484543 3.098708 3.521439 3.306959 2.735114 3.267611 2.736743 3.767344 2.362622 2.357859 3.010186 3.177507 2.599726 2.795749 
