15 15
41.615525 36.872369 39.247057 33.480253 24.930458 29.210022 40.075478 33.965746 44.191076 41.597139 36.245643 29.318972 37.846348 33.351789 26.319665 
31.433602 29.537342 29.827809 25.426588 20.100757 22.814719 31.227923 26.601242 34.171019 32.278452 28.109216 23.481079 29.079167 24.763674 19.712553 
37.013405 34.027698 35.459153 30.402211 24.004013 27.025865 37.106334 30.452764 41.231856 37.730688 33.262246 27.501182 34.945142 30.691717 24.262528 
37.854845 33.605313 35.945586 29.918914 22.419673 26.572126 34.254912 30.269431 38.606376 36.065159 32.175648 25.526833 33.927937 29.534808 24.638334 
43.505878 39.416650 40.617398 35.448185 26.205708 31.690524 40.792784 35.697444 45.938724 41.888136 38.095047 31.371426 38.593520 34.881520 27.978191 
34.089580 30.991458 32.426293 27.167457 20.367883 23.893638 33.469885 26.810744 36.640339 33.191174 29.256634 24.692754 31.322184 27.515363 22.150825 
29.767478 25.579318 26.204211 22.589745 16.829056 20.250406 25.286301 23.859116 29.371969 26.359190 24.570949 20.060190 24.810043 21.764838 18.809336 
29.957916 28.118499 27.454109 24.426969 18.345104 21.238237 28.657586 25.854510 31.839162 29.834217 27.286250 20.683212 26.903407 23.662166 19.170379 
41.461534 36.326852 38.776211 33.815809 24.429203 29.210244 39.526485 33.141829 44.360465 39.540673 36.002078 29.979243 37.521919 33.384611 26.624689 
36.865124 33.151430 34.075955 29.608963 21.558773 25.881971 34.298223 30.279994 39.268748 34.613305 31.865041 26.688229 32.226085 28.579658 23.663058 
34.800273 31.187756 31.596355 27.226588 20.818707 24.191467 31.014532 28.170451 35.776709 33.561669 29.164483 23.467802 30.168136 25.870274 21.594814 
41.025860 36.908384 39.096478 33.443622 24.699240 29.376946 39.635140 31.515891 43.862972 39.438174 35.408123 29.593989 37.912045 32.970650 26.157357 
34.443283 30.588965 32.699306 28.757275 20.802132 24.538673 33.690714 27.337132 37.829242 33.729700 30.190273 25.148827 31.746272 28.192248 22.243844 
39.843629 35.932003 37.534111 33.304001 25.053046 28.788838 38.513199 32.399884 44.190548 38.925572 35.697853 28.962711 37.071577 32.419948 25.767997 
40.453843 36.468859 38.212554 32.601697 24.813858 28.642712 38.966970 32.473222 43.220497 40.048140 35.156470 28.695097 37.406540 32.460509 25.851788 
