15 15
2.724862 3.909675 3.711239 3.780419 3.453760 3.685534 3.521989 3.770878 3.250433 2.959190 2.827123 3.207023 3.623837 3.202509 2.041720 
1.478272 3.534023 2.165731 2.946443 1.937235 2.537864 3.073517 3.203034 2.393136 2.382591 2.375073 2.723224 2.573254 2.390668 2.282118 
1.798982 2.850019 2.417428 2.994119 1.967315 2.405754 2.661596 2.738898 2.989247 2.836139 2.384223 3.267733 2.597820 3.223703 1.844864 
2.834286 3.084856 3.279073 2.551536 1.846624 2.706150 2.968655 3.018995 2.008378 2.756125 1.835980 2.304155 2.975913 2.743434 2.741626 
2.423529 2.565116 2.973346 3.364651 2.280793 2.278185 2.165360 3.154025 2.055797 2.423772 1.633965 2.776595 2.410059 2.752937 2.150691 
1.362930 3.293687 3.351401 3.511282 2.199511 2.630532 2.517048 2.895329 2.558326 2.030935 2.386355 2.700457 1.912458 3.314279 1.657100 
2.317515 2.765194 1.924595 2.269720 1.938246 2.385324 2.239341 2.489657 1.374761 1.503294 1.731485 1.563656 1.800968 2.508950 2.787421 
2.111745 2.671188 2.399149 2.531263 1.818482 2.423444 2.222545 2.719237 1.907945 2.686381 2.702908 2.033685 2.230694 2.358307 1.886255 
2.119714 3.287597 2.985376 2.824618 2.527140 3.068288 3.125589 2.967053 2.451629 2.073775 2.766770 2.448965 2.960498 3.358591 2.913725 
1.732481 2.772845 1.852899 2.420075 1.390164 2.218907 2.062859 2.503322 2.302747 1.359751 2.199651 2.024300 2.278520 1.901638 1.790568 
2.531376 3.756296 2.999822 3.441663 2.931952 3.003478 2.302747 2.976162 2.047975 2.518571 2.429161 2.056018 2.128970 2.422298 2.328663 
3.030610 3.883964 3.770729 3.668992 2.080291 3.811612 3.782684 3.244435 2.331709 2.310192 2.447285 3.266852 3.515896 3.257212 2.374912 
1.456014 2.833529 3.410684 3.077304 2.004830 2.733206 2.351049 2.739219 2.272797 1.726839 2.991510 2.444797 2.155617 3.144432 1.872245 
2.459702 3.662256 2.452047 3.133463 2.283048 2.504547 3.506076 3.275040 3.046088 2.515968 3.012950 2.987259 3.251759 4.491902 2.496754 
1.761789 3.698482 2.817798 3.270989 2.887825 2.772607 3.030342 3.131383 2.642866 2.742418 2.581572 2.420621 2.616741 3.532534 2.291113 
