15 15
32.806873 30.986495 28.205149 36.895492 31.901044 34.637211 27.183184 29.525307 32.776742 28.573114 34.131441 39.424590 32.650426 36.481045 33.662210 
21.929699 21.102356 18.819697 25.805594 21.725913 22.330551 18.615281 18.258153 23.372054 19.852453 23.700586 27.959901 21.478813 24.384377 22.898227 
33.327166 30.378207 28.497474 38.762458 32.610593 34.107296 27.505962 27.607937 34.218318 29.421531 34.817471 41.400677 33.372756 37.949147 34.755045 
31.493459 28.160127 27.033275 36.218704 30.211002 31.570485 25.881813 25.702762 31.402768 27.407590 32.439391 38.439712 31.169703 34.357110 32.884210 
33.638966 30.891552 29.600538 40.130320 33.712610 35.019539 27.229056 28.483830 34.657729 29.821741 35.150559 42.301180 33.713026 37.992495 35.416758 
32.323438 30.134713 29.222910 38.906747 32.120518 34.363114 27.699026 27.985352 34.162856 28.604686 34.351893 40.616627 32.993985 37.575971 34.424828 
32.353516 29.544469 27.290925 36.960634 30.431601 31.762126 25.712998 27.277681 31.709980 27.711068 33.525837 39.789506 30.597389 35.762322 34.194966 
30.523772 28.596359 27.111976 36.610837 30.617674 32.578086 25.679131 26.664751 32.492310 27.789639 33.893900 38.497447 30.922690 35.137670 32.589686 
41.611561 37.838795 36.113197 48.370768 40.081093 42.985979 33.893356 35.938128 42.208538 35.745283 43.434534 51.063107 41.264516 46.950424 43.662420 
34.134269 31.445118 28.558852 38.876402 32.212992 34.834321 27.768061 28.299562 34.337174 29.085132 35.649528 40.917073 33.527623 37.753111 35.075298 
27.571696 25.809482 24.065661 32.190167 27.907988 28.573793 22.087596 22.996293 29.392061 24.315127 28.807659 33.961941 27.506837 31.963362 29.685258 
35.630884 32.401313 30.435838 40.777574 34.249095 36.829216 29.042634 30.080374 34.912653 30.839733 36.219488 43.247454 35.895964 39.261067 36.211782 
29.781850 27.084311 26.102027 34.727826 28.884310 31.204011 24.397208 25.733118 30.382009 25.886779 31.605056 36.250232 29.528612 33.402425 31.074641 
38.767128 36.163084 34.166208 46.104619 39.019473 40.586787 32.248379 33.175459 41.119225 34.574746 42.264684 49.011772 39.925472 45.062443 41.533151 
26.965858 24.325268 23.263051 31.379793 26.202946 27.889469 22.359288 23.049806 27.076385 23.914673 28.405698 32.835099 26.940388 30.257303 28.050513 
