15 15
3.334768 2.946590 2.174653 2.176082 3.309469 2.861427 3.209727 3.350538 3.269591 2.924132 3.681658 2.787973 3.046688 3.121896 2.753669 
2.806313 3.217016 1.614068 2.101264 3.404304 2.330134 2.187917 3.022849 2.515684 2.935042 3.436030 3.366781 1.713547 3.040189 2.792881 
3.604076 3.900312 2.636297 2.245377 4.705288 3.993456 3.186157 3.753493 3.439003 4.228886 4.187583 3.914074 2.483865 4.465866 3.546881 
4.059118 3.476047 2.618944 1.912250 3.507584 2.937383 3.086126 3.829061 2.165227 3.299882 3.649856 2.879530 2.384738 3.754113 4.137337 
3.541871 2.894114 2.642121 3.105131 3.366906 3.088892 2.682270 3.877213 2.644544 3.329063 3.112988 4.061376 2.810032 3.802162 3.991424 
3.447039 3.620820 3.383272 3.078280 3.720975 3.423752 3.353485 3.733991 4.007160 3.616462 3.737229 3.549122 3.010963 4.535603 3.903001 
3.039768 2.802681 2.596005 1.875016 2.505822 2.471334 2.231682 2.734231 1.785003 2.526555 2.990881 2.289345 2.333854 3.415435 3.417690 
3.322408 3.021808 2.694423 2.534547 3.652766 3.680461 2.839992 3.274429 2.331946 3.948600 4.367853 2.723440 2.673077 3.524927 3.062000 
3.969454 3.545536 2.746522 3.127958 4.158637 3.635885 3.377931 3.663279 3.256194 2.955822 4.540357 3.389587 3.267725 4.351463 4.152047 
3.340536 2.797806 1.729921 2.804084 3.054860 3.014035 2.197342 3.204616 3.930112 2.674068 3.034025 3.365536 2.845249 3.223114 3.769954 
3.133885 2.875872 2.031011 1.619247 2.195154 1.953539 2.072482 2.515064 2.356643 2.774866 2.686805 2.240253 2.150734 2.363899 2.613047 
2.367057 2.257376 2.350922 1.998342 1.978804 2.447907 2.155004 2.211802 2.196569 2.195155 2.035388 2.048404 1.969947 2.631095 1.782686 
2.610299 2.890256 2.880854 1.982121 3.191101 3.428384 2.816698 2.608169 2.400926 2.819278 3.470624 2.449555 2.512477 3.084843 2.741188 
3.257308 2.626314 1.876800 2.551288 2.561705 2.275075 2.468278 2.449355 2.874156 2.827765 3.078304 3.059376 3.352443 3.694634 3.504635 
2.657531 3.091752 3.037181 2.231736 3.450457 3.059622 2.412136 2.945874 2.293907 3.291343 3.805250 2.372869 1.953738 3.826997 2.547795 
