15 15
38.003227 42.904492 40.907814 34.427249 40.956102 30.786745 37.494468 36.499262 52.118634 41.817173 35.848450 38.156566 46.603885 38.037807 39.182981 
28.998849 34.197088 31.395375 26.977748 31.072131 23.878367 28.598210 28.067151 39.672007 32.465611 28.026169 30.585315 35.321005 30.468178 29.994853 
25.963739 29.849791 29.295770 24.230442 29.822818 22.213590 27.085995 25.173448 36.748158 29.593080 25.975515 29.022246 33.626617 27.659873 27.810129 
33.716603 36.636923 37.330660 29.043016 35.426780 27.066859 32.442790 31.108506 44.055697 36.391566 31.293669 33.280932 41.024086 33.491147 35.631905 
34.743173 38.950865 37.440510 32.360868 36.717642 28.157309 33.521054 33.081147 46.824734 37.526034 32.600856 35.206345 42.037424 35.297466 36.439655 
32.410196 36.199208 36.140668 29.886184 34.525065 27.349959 30.662420 30.914248 44.418343 35.320767 31.202603 32.995006 39.417080 34.128831 33.006827 
30.965950 34.501040 33.950626 28.601686 33.582002 25.108761 30.395274 29.825252 42.151498 32.991691 28.793718 31.831501 38.413951 31.580168 33.310127 
29.073982 33.509379 31.776084 26.594184 32.415707 23.570514 28.359446 29.208879 39.469655 32.668798 28.744210 28.887758 36.726259 30.011460 31.057758 
26.564432 29.926076 29.642047 24.285887 28.509954 22.105427 25.764188 25.282657 35.688921 28.204238 25.638133 26.456126 32.680639 27.407182 28.304656 
31.279935 35.436728 33.918626 28.847954 33.287169 25.734266 29.551748 30.653062 42.511515 33.095650 30.090051 32.146596 38.237498 31.950144 32.114141 
38.126424 43.055076 41.781069 34.351834 39.835170 31.337566 35.764927 35.769306 50.699315 40.609648 36.010696 37.926041 45.621248 39.149178 40.045307 
36.737321 40.980895 40.253611 32.733775 38.720464 29.997996 35.211012 33.885663 48.376242 39.014962 34.446565 36.890891 44.860320 37.224245 37.684472 
32.038599 36.765170 36.935761 30.266951 35.386166 27.671774 32.872874 30.016711 44.684931 35.146309 31.143506 33.842562 40.594621 33.895950 35.151829 
31.378066 34.427549 33.645930 28.892007 32.242493 25.562557 29.662194 29.036885 41.878418 32.954176 29.790739 31.983071 37.546855 32.445039 31.746754 
30.701456 36.559493 34.623055 27.899130 33.195050 25.423041 31.051965 28.473147 41.288032 34.241427 29.539347 31.472016 38.042078 33.238345 33.785254 
