15 15
37.582503 41.596319 40.693151 35.181241 39.768205 32.768886 36.871065 35.837968 50.119008 40.763554 36.406030 39.463613 45.249734 39.692005 39.589147 
28.927359 33.323104 30.510451 28.181552 30.841742 24.678040 28.407743 27.365292 38.953048 31.381706 29.141343 31.634097 34.703653 30.779421 30.983830 
26.633934 29.974891 27.903982 25.721553 29.178179 22.693442 26.443153 24.806534 36.103855 28.531436 26.647129 29.944007 32.613980 28.436488 28.658351 
33.694980 35.852176 36.319561 30.369409 35.548655 27.840866 31.553296 31.087623 42.427420 35.352332 31.702364 34.503736 40.299141 34.186377 35.468829 
35.143536 37.450075 37.485483 33.452891 36.221263 29.371473 33.012524 32.270323 46.078673 37.000575 33.198810 35.982176 40.996918 35.675169 37.182609 
32.046072 36.240603 34.431376 31.153688 34.763617 27.726416 30.695637 30.594039 42.484386 34.001393 31.755947 34.157828 38.173684 34.465536 33.820312 
31.111099 34.125235 32.520124 29.075247 33.521711 25.528519 30.122410 29.979122 40.659028 32.876286 28.962587 32.362228 37.800581 32.517869 33.781551 
29.030503 32.749892 31.112808 27.320552 31.035109 24.731781 28.330519 28.966614 38.472243 31.695872 29.006837 29.802437 35.918744 31.650030 30.840013 
26.630742 29.145355 29.077283 25.555957 28.334032 22.715589 25.125249 24.973756 35.245303 27.317046 26.258135 27.878922 31.926698 27.549614 28.414841 
30.985266 35.830624 32.485566 28.774167 33.029937 27.179912 28.770357 29.839299 40.343075 32.349280 30.097954 32.714694 37.542623 33.517636 32.666887 
38.054089 42.821302 40.335011 35.648837 40.909047 32.649824 34.791548 35.549398 48.800790 39.688746 36.584989 39.041469 45.469894 39.546338 40.038669 
36.561944 40.715470 38.676909 33.701164 39.068503 31.346887 33.761321 33.000429 46.852922 37.870584 34.646668 37.881095 44.131508 37.684768 38.288547 
32.382744 35.772799 35.819262 31.480272 36.644572 28.526482 30.986417 29.613071 43.855123 34.699123 31.944449 34.559292 40.747751 34.077795 35.724563 
31.225278 34.214853 32.259986 29.336923 32.836992 25.803875 29.289261 28.429552 40.512228 32.426861 30.211359 32.544117 37.258341 32.583671 32.745385 
30.722254 34.759970 33.896377 29.341845 33.511586 26.558334 29.985152 28.334540 40.513766 33.143789 30.488597 32.697741 38.508766 33.590945 33.489652 
