15 15
2.261118 3.806328 3.356900 2.643490 2.761336 2.989765 3.431610 3.483210 2.800749 2.463987 2.671815 2.819891 3.304602 3.139846 2.108594 
2.015307 3.892504 2.280066 2.652719 2.355134 2.469097 3.285508 3.122780 2.642514 2.591838 2.273654 2.794429 2.757600 2.955668 2.423317 
2.504682 4.373903 3.014874 3.848672 3.566447 3.381455 4.070195 3.697077 3.452534 3.652214 3.180073 3.402071 3.371764 4.487327 3.464125 
2.688782 4.145600 3.288397 2.627992 2.455809 2.747504 4.001016 3.865417 2.353313 3.047711 2.396699 2.338893 3.348110 3.987127 3.747924 
2.527368 3.674063 3.373562 3.478375 2.828046 2.793018 2.912978 3.932964 2.456532 2.989410 2.838673 3.482460 2.777462 3.533645 3.037777 
2.085824 4.677042 4.094147 4.566023 3.240832 3.421845 3.703546 3.934130 3.493866 2.673573 2.755473 3.447246 3.002666 4.438584 2.399151 
2.684072 3.425069 2.665634 2.919665 2.307835 2.731358 2.482605 3.182988 1.800158 1.734703 2.225541 2.584088 2.143676 3.221455 2.520299 
2.798484 3.669517 3.121176 3.912408 2.891826 3.592560 3.476738 4.096869 2.397581 3.092269 3.299916 2.663914 2.947214 3.821064 2.617136 
2.514364 4.491745 3.605922 3.938136 3.294295 3.602076 4.068004 4.119014 3.296209 2.451342 3.217230 3.066161 3.781565 4.722784 3.266904 
1.972583 3.986411 3.130970 3.857625 2.489976 2.579593 2.424230 3.437066 2.615448 1.956956 2.998962 2.566718 2.706001 3.039445 2.262315 
2.247332 3.382522 2.342572 2.231714 1.947322 2.129392 2.175539 2.694050 2.395622 2.189937 1.853456 2.233422 2.124875 2.563874 1.736645 
1.864898 2.711756 2.499175 2.887224 1.485708 2.564367 2.679375 2.164477 1.497739 1.553830 1.694723 1.986904 2.383009 1.997421 1.506957 
1.886683 2.970027 2.707150 2.934718 2.700464 2.938965 3.015128 2.626421 3.139821 2.474792 2.708859 2.279365 2.668918 3.441773 2.572190 
2.391451 3.541050 2.672944 3.121831 2.471404 1.984687 2.385192 2.320266 2.753853 2.559608 2.898957 2.659622 2.839513 3.417757 1.869754 
2.295129 3.459066 2.863118 3.312959 2.434658 3.549140 3.662123 3.450427 2.677117 2.484927 2.276876 2.384009 3.066233 3.774775 2.641566 
