15 15
31.571159 29.760898 27.131599 37.979963 33.493352 35.668939 25.714739 28.645877 32.337726 27.228275 34.539742 41.801585 32.327607 37.437511 34.783103 
21.833573 20.570375 18.441849 26.255810 22.544345 23.557046 17.517475 18.430992 22.517943 18.635992 23.304711 28.652857 21.463668 25.061375 24.263915 
32.720302 29.866534 26.829419 38.993963 34.447558 34.960730 26.067860 27.683850 33.269306 28.112289 34.854689 43.328076 32.791056 38.471295 36.225290 
31.256767 27.560457 25.363087 36.499016 31.417603 32.210163 24.504829 25.582410 30.596349 25.752085 32.907113 39.592565 30.504407 34.974451 34.705081 
33.246712 29.761656 28.145905 40.041072 34.870835 35.900389 25.932976 28.735388 33.482989 28.469735 35.098585 43.860080 33.341216 38.760257 37.161848 
31.867693 29.975983 27.429632 39.662455 34.161158 34.926655 26.154326 27.659336 33.434868 27.304323 34.787413 42.732861 32.984404 37.936543 36.193788 
31.583755 28.840453 25.326921 36.909465 31.681406 32.737166 23.884304 26.162069 31.146233 25.054154 34.208239 41.224009 30.540430 37.282872 35.275057 
30.179332 27.996695 26.259873 36.810733 31.729754 33.648402 24.213697 26.612392 31.287720 26.483280 33.650670 39.894339 31.215996 36.251678 34.289268 
39.885347 36.967667 34.164934 48.695383 42.411405 43.730228 31.853639 34.779995 41.775032 33.856420 44.155922 53.661609 41.732584 48.372068 45.467189 
32.691978 30.373119 27.492067 39.408247 34.086775 35.304171 26.240968 28.598324 33.942762 27.524857 35.399673 42.868261 33.024213 38.262053 37.034794 
27.243657 25.699181 23.113281 32.241061 29.199089 29.301059 21.024086 23.916317 28.172755 23.591287 28.358606 35.408003 27.893107 31.749094 30.833375 
34.247326 31.471049 28.075345 41.458962 35.898172 36.972477 27.754024 29.242556 34.530902 29.154352 37.182176 45.574707 35.060692 39.932785 37.641338 
28.881438 26.446988 24.513691 35.183201 30.257610 31.879187 23.107152 24.653408 29.920939 24.397150 32.152070 38.023140 29.164662 34.629067 32.399539 
38.690717 35.791484 32.672094 46.802567 40.388623 41.991979 30.298151 33.183239 39.517211 32.810741 42.227819 51.072951 39.645053 45.884518 42.996475 
26.272607 24.427292 22.084357 31.633993 27.688732 28.542572 21.003040 22.365322 27.028620 22.619403 28.805686 34.264350 26.539287 31.011515 29.540884 
