15 10
-3.547376 -2.850461 -5.103878 -3.755955 -3.393490 -3.987858 -3.352722 -3.863072 -3.933111 -4.762703 
-2.233884 -2.001931 -2.827164 -2.922817 -2.082863 -2.445813 -2.532756 -3.109290 -2.429789 -3.410775 
-2.894776 -3.133179 -4.425328 -4.118504 -3.508285 -3.754882 -3.256341 -4.315791 -3.544274 -4.040336 
-2.643532 -2.761906 -3.786436 -3.665201 -3.306829 -3.394577 -3.436665 -3.763487 -3.210601 -3.989213 
-3.080088 -2.852895 -4.730576 -3.811420 -3.428001 -3.570043 -3.595830 -4.316714 -3.665208 -4.319836 
-3.503560 -3.552063 -4.009476 -4.370447 -3.488548 -4.323464 -3.371339 -4.416301 -3.217357 -4.494227 
-2.657039 -3.379089 -4.259764 -3.740903 -3.886096 -3.907456 -2.993506 -3.611953 -3.725468 -4.061970 
-3.500739 -3.250336 -4.044536 -4.268565 -3.116001 -3.802005 -3.196450 -4.205917 -3.548082 -4.492472 
-4.301579 -4.250629 -5.310944 -5.399040 -4.519868 -5.376434 -4.182205 -5.330586 -4.820979 -5.522440 
-2.833665 -3.228451 -4.342482 -3.855203 -3.586781 -4.019084 -2.975474 -4.034614 -3.819775 -4.478855 
-2.795360 -3.026594 -3.631809 -3.982884 -2.655386 -3.719192 -2.801622 -3.608204 -3.061892 -3.630560 
-2.958576 -3.302670 -5.158177 -3.469686 -4.363145 -4.047950 -3.001589 -3.906217 -3.762730 -4.222248 
-3.117147 -2.777724 -4.065284 -3.556603 -3.139760 -3.435260 -3.169018 -3.636896 -3.183298 -3.794229 
-4.070997 -4.065467 -5.447530 -5.410966 -4.324815 -4.837355 -3.769602 -4.922809 -4.771734 -5.769056 
-2.902269 -2.799898 -3.446449 -3.593610 -2.754217 -3.450270 -2.661632 -2.932252 -2.762864 -3.309475 
