15 10
-4.847662 -3.524980 -3.913083 -4.985315 -4.012842 -3.228708 -2.910543 -4.619596 -4.385757 -4.764086 
-3.337338 -2.805147 -3.081008 -4.260081 -3.003640 -2.720636 -2.513767 -3.987915 -3.331515 -3.097262 
-2.719679 -2.598269 -2.400347 -3.705245 -2.963980 -2.738272 -2.719690 -3.170754 -2.877399 -3.161522 
-4.923883 -3.225430 -3.426304 -4.015453 -3.915252 -3.240660 -3.835266 -3.363861 -4.095990 -3.931961 
-4.026939 -2.836457 -3.131767 -4.584202 -3.786437 -3.326514 -2.639139 -4.170738 -3.846715 -3.937525 
-4.342549 -3.407958 -3.401900 -4.628853 -4.161388 -3.223120 -3.421689 -3.609847 -3.882604 -3.469701 
-3.836407 -2.978030 -2.858261 -4.087496 -4.281591 -2.985834 -2.539903 -3.665822 -3.594802 -3.761151 
-3.931255 -2.830052 -2.520156 -3.691520 -3.017244 -2.920341 -2.482281 -3.073717 -4.231327 -4.050864 
-3.538185 -2.118810 -2.483246 -3.391894 -2.684730 -2.748730 -3.016568 -2.874817 -3.144142 -3.079108 
-3.733384 -2.693661 -2.842524 -4.227748 -3.730655 -3.300295 -2.513917 -3.501991 -3.851362 -4.216238 
-5.148824 -3.475998 -3.866414 -5.054360 -4.553589 -4.170606 -3.842550 -4.347382 -4.854790 -4.402490 
-4.772741 -3.063232 -3.990648 -4.933592 -4.406539 -4.295810 -4.160075 -3.867167 -4.280433 -4.201302 
-4.216042 -2.980436 -3.872183 -4.404673 -4.205600 -3.508675 -3.546322 -4.471799 -3.735468 -3.602195 
-3.836199 -2.420349 -2.885926 -3.853262 -3.741326 -3.259979 -3.108278 -3.236727 -3.107141 -3.279448 
-4.101545 -3.070167 -3.727148 -4.066020 -2.905575 -3.086974 -3.198814 -3.810745 -4.047800 -3.328759 
