15 10
-4.633350 -5.212102 -3.399014 -3.628969 -2.949437 -3.829913 -5.053047 -2.335002 -1.823833 -3.671144 
-2.699335 -4.443004 -2.456672 -2.159573 -2.821435 -2.904512 -4.031632 -1.763436 -1.484679 -3.484586 
-3.622579 -4.823405 -3.342485 -2.574875 -3.367113 -3.892437 -4.285615 -2.584675 -1.582624 -3.555532 
-4.074139 -4.510747 -3.244703 -2.873338 -2.474470 -3.582811 -4.787437 -3.097189 -1.764575 -2.890088 
-4.780193 -5.640179 -4.073818 -3.034497 -2.781906 -3.842334 -5.135432 -3.074404 -1.759792 -4.175772 
-3.398805 -4.868097 -2.858174 -2.433879 -3.120597 -3.171237 -3.784077 -2.567543 -1.611956 -2.619134 
-2.895455 -3.352142 -2.712319 -2.366555 -1.982185 -2.830407 -3.273197 -2.376052 -1.741281 -2.472079 
-3.170156 -4.064768 -2.386621 -2.712664 -1.788803 -3.014419 -3.856697 -1.970073 -1.200340 -3.088839 
-4.711016 -5.062444 -3.810525 -3.443153 -3.074460 -4.084134 -4.763852 -2.710329 -1.919557 -3.400800 
-4.096024 -4.833752 -3.221573 -3.152678 -3.051166 -3.817409 -4.771644 -2.188152 -1.498631 -3.486918 
-3.325199 -4.171896 -2.659974 -2.558286 -2.436667 -2.929317 -4.236949 -2.565674 -1.885186 -3.267511 
-4.635204 -5.397197 -3.740934 -2.667883 -3.293209 -4.130554 -5.369546 -2.700915 -1.712312 -3.614776 
-3.922520 -4.321704 -2.958455 -2.810840 -2.449604 -3.465415 -3.912113 -2.481732 -1.428870 -2.882782 
-4.234936 -4.892737 -3.778145 -2.905784 -3.311738 -4.292272 -4.703208 -2.854838 -1.804220 -3.815826 
-4.117805 -5.102312 -3.440613 -2.901337 -3.185559 -3.629936 -4.646868 -2.941183 -2.096376 -3.352533 
