15 10
-3.738106 -5.050367 -3.278357 -3.345027 -2.357289 -4.263337 -4.515615 -2.558451 -1.492773 -4.198685 
-3.122189 -3.229891 -2.429367 -1.742373 -1.919127 -2.773437 -3.214271 -2.015622 -1.360976 -2.044512 
-3.895215 -4.386365 -3.763962 -2.835284 -3.507944 -3.922955 -4.492487 -2.565016 -2.117500 -3.209314 
-3.910797 -4.050141 -3.551746 -2.372502 -2.793295 -3.675278 -4.100892 -2.565759 -1.986229 -3.113274 
-4.229976 -4.125540 -3.734223 -3.043586 -3.094061 -4.317162 -4.629163 -2.820369 -2.179309 -3.362749 
-4.733618 -5.020486 -3.802360 -2.757793 -3.012575 -3.636636 -4.654913 -2.273404 -1.545797 -3.239807 
-3.776873 -4.542693 -3.344551 -2.867354 -2.486294 -3.523485 -4.551333 -2.263957 -2.115821 -3.781082 
-4.369461 -4.451562 -3.263983 -2.794849 -2.866612 -3.431612 -4.732378 -2.447793 -1.888744 -2.873564 
-5.073224 -6.152942 -4.069825 -3.838390 -3.476321 -4.465933 -5.881950 -2.878976 -2.156415 -4.514609 
-3.751914 -4.994737 -3.427729 -3.011056 -3.354725 -4.216749 -4.523662 -2.983523 -1.590594 -3.483368 
-3.399222 -3.337651 -2.924450 -2.590809 -2.725860 -3.040176 -3.463868 -2.737420 -1.889875 -1.726558 
-4.038851 -5.024399 -3.802337 -3.341995 -2.891277 -4.439340 -4.511025 -2.538678 -1.604031 -4.580623 
-3.680865 -4.193073 -3.240139 -2.680112 -2.260570 -3.521652 -4.164393 -2.053233 -1.682928 -3.624302 
-5.135045 -5.546432 -4.332633 -3.563576 -3.496531 -4.254089 -5.443183 -3.475453 -2.478106 -3.684024 
-3.421923 -4.120213 -3.070070 -2.422458 -2.466275 -2.709429 -3.386066 -1.795828 -1.468454 -2.906787 
