15 10
2.971164 2.674657 2.583568 3.210392 3.019031 2.026984 2.670151 2.760166 3.761686 2.183240 
3.023753 2.775248 3.017056 2.011249 3.652668 2.666309 2.370926 1.937060 2.321532 2.533375 
1.981361 2.376055 1.963428 2.926270 1.177704 2.047533 2.691385 2.162784 2.004316 2.679060 
2.516699 2.663574 2.067194 2.508252 1.935935 1.724528 2.412689 1.563217 3.277182 1.449920 
1.952772 2.641064 2.475024 1.708848 2.902771 2.218634 2.213231 1.737733 2.647347 2.417618 
1.612045 2.194138 2.044274 2.949894 1.456451 2.340846 2.207575 2.433928 1.646259 2.905563 
2.125275 1.856367 1.581680 2.050315 2.147696 1.662032 1.775048 1.793874 2.549374 1.121747 
2.281275 2.125946 1.875212 1.276937 2.658749 2.647615 2.518807 2.477823 2.483541 2.406205 
1.678638 2.304365 2.119330 3.350618 1.699286 1.874480 2.726634 2.677134 1.717637 2.711511 
1.792612 1.666813 1.476247 2.200618 2.160042 1.353523 1.663605 1.892140 2.580275 1.400396 
1.506418 1.864016 2.231676 1.362834 2.061934 2.046105 2.459527 1.475957 2.457629 2.144761 
1.498814 2.097370 1.687237 3.156441 0.960656 1.926575 2.417672 2.388005 1.458100 2.733602 
2.456724 2.079113 1.925952 2.745699 2.412594 2.014894 2.545694 2.099995 3.336882 1.337963 
1.868613 2.518848 2.282200 2.117913 2.449229 1.706512 1.862752 1.396289 1.709304 1.787779 
1.191600 1.528760 1.454957 2.268460 1.327001 1.738664 1.717081 1.718909 1.546250 2.151682 
