15 15
3.545397 3.046927 3.042902 2.306737 3.788333 3.508641 3.346638 3.528179 3.657377 3.969505 3.924331 2.914360 3.720487 3.296807 3.173879 
2.171075 3.033745 1.847880 2.157833 3.005489 2.393115 1.989999 3.473478 2.970590 3.102477 2.926913 3.492098 1.501834 3.189893 2.520918 
2.540841 2.620575 2.386219 1.879844 2.430716 2.637710 2.539793 2.807883 3.241348 3.744548 2.700470 3.697898 2.569246 3.357455 2.413768 
3.069851 2.609352 3.024772 1.462148 2.417263 2.415305 2.333387 3.226702 1.987988 3.456884 2.866933 2.268205 2.435991 3.257062 3.200408 
3.174021 1.820459 2.217385 2.548857 2.815145 2.088112 1.682404 2.769950 2.252087 3.055612 2.614819 2.969980 2.124597 2.543589 3.018984 
1.983585 2.660592 2.917753 2.579920 2.368639 2.940245 2.685490 2.502404 3.224818 2.834384 2.236694 2.940052 2.517032 3.555973 2.647322 
2.184530 2.538074 2.068377 1.253348 2.558048 2.320602 1.446590 2.418349 1.075818 1.958284 2.500476 1.537846 1.183651 2.904320 2.697477 
2.026744 2.291705 1.900359 1.923880 2.246298 2.674251 2.014331 2.855839 1.841131 3.062203 2.886410 2.399198 2.223840 2.838674 2.281566 
2.439124 3.058470 2.607454 2.143393 3.240365 3.380236 2.738966 3.057639 2.376701 2.380727 3.381239 2.521673 2.476643 3.616647 2.552410 
2.301147 2.413827 1.739594 1.591706 1.845545 2.233836 1.627110 2.880742 2.569689 1.890706 2.574083 2.378373 1.912673 2.424181 2.348294 
2.823408 2.999488 2.501399 1.970747 3.396600 3.025187 1.838192 2.798766 2.848208 3.376289 2.855967 1.972019 2.021050 3.090445 2.965973 
3.344511 3.388642 3.482451 2.503207 2.860155 3.419460 3.060566 3.177901 2.809714 3.266076 3.514474 2.981488 2.804519 3.933973 2.309001 
2.209016 2.098369 2.549924 2.776343 2.268213 2.833525 2.545216 2.285506 3.219694 2.380286 2.897563 2.614460 2.602442 3.422137 2.584158 
3.873051 3.322985 2.412235 2.386653 2.882985 2.754626 3.238310 2.722904 2.585857 3.061701 4.021275 3.258958 3.071424 3.669395 2.997172 
2.668820 3.025476 2.532466 2.470971 3.312179 3.038512 2.706440 2.967950 2.686254 3.191473 2.934677 2.836968 2.670541 3.686438 3.307646 
