15 15
3.826197 3.074838 2.652809 4.104644 3.351830 2.773353 3.615342 3.140830 4.313269 2.745585 3.887102 3.135135 3.055376 2.297297 4.145189 
3.131751 2.924860 2.431787 2.621801 2.610698 2.782797 2.556435 2.244156 2.970077 1.376055 2.391548 3.118066 2.258990 2.883332 2.708576 
2.781548 3.259833 2.189345 3.223309 2.394236 2.061253 2.782597 1.743129 3.859331 1.843846 2.409653 3.399209 3.423126 2.645391 3.475414 
2.848118 2.719510 2.140354 2.977699 3.074808 2.176138 2.399377 2.171558 3.228270 1.796693 2.578935 3.123326 2.829944 2.452468 3.478025 
2.688009 2.443577 1.672894 2.415188 2.719650 2.517298 1.870634 1.809564 3.091568 1.478225 3.052438 2.755686 2.407474 2.246022 3.400440 
3.188771 2.651629 3.198371 3.075889 2.808314 2.267797 2.737106 2.872418 3.793939 2.072326 2.147885 3.682543 3.580776 2.241872 2.788117 
2.185923 2.428411 1.818590 3.105803 3.094743 1.861764 1.941166 2.397095 2.697480 1.515760 2.031420 2.619134 2.571711 1.475703 2.849100 
2.466567 3.110670 2.042262 2.722158 2.505295 2.352245 2.198228 2.409347 3.536382 1.461866 2.457688 2.943783 3.051901 2.108334 2.927097 
2.593846 2.430203 2.580464 3.695525 3.360308 2.698692 3.044614 2.861096 4.101715 2.154876 2.741997 3.368959 3.009561 2.308799 2.980157 
1.998690 2.175348 2.048790 2.448033 1.817903 1.297938 1.767794 1.723906 3.186828 1.670508 2.676277 2.533112 1.941923 2.403186 3.075812 
2.646808 2.672934 2.852606 2.665443 3.366446 2.018534 2.379367 2.963389 4.025681 2.532330 2.234916 2.583542 3.389722 2.578337 3.936731 
4.049887 2.432495 2.885164 4.158757 3.632259 2.191175 3.636847 2.716129 4.365923 1.718771 3.188332 3.595754 3.301970 2.138167 3.917797 
3.389160 2.394230 2.642922 3.093274 3.017080 2.378528 3.188179 2.427959 3.028224 1.654840 2.341586 3.343997 2.755071 2.090595 2.591669 
3.519443 2.781635 3.263461 3.075082 2.783768 3.394663 3.010061 2.549665 3.977930 2.354127 2.223971 3.112678 2.747785 3.235635 3.216084 
2.812961 2.509270 2.663179 2.670865 3.342795 1.986762 2.484058 3.238435 3.726909 2.428779 2.497028 3.390656 2.987956 2.804281 2.838716 
