15 10
2.248802 3.498439 3.185970 3.489759 2.691457 2.867214 2.584793 3.102758 2.311588 2.214472 
2.184748 3.028194 2.680164 3.177382 1.893985 1.092524 2.717683 2.024392 2.654306 1.425755 
2.452522 2.503293 2.764021 1.759322 1.508765 1.954969 1.726800 2.270152 2.383844 2.279230 
1.264924 2.481764 2.141913 2.697323 1.637910 2.172918 2.083957 2.565909 2.059578 1.872018 
1.838310 2.308605 2.169596 2.437617 1.717850 1.836118 2.658641 2.291970 2.526694 1.845280 
2.460104 2.204053 2.324611 1.945502 1.774208 1.653682 2.148159 2.314879 2.296041 1.824705 
1.521055 2.473899 2.178348 2.446809 1.700149 1.926251 1.918408 2.229099 1.748858 1.505139 
1.397691 1.847659 2.028971 2.464200 1.478569 1.348175 2.626189 2.418066 2.825252 2.027673 
2.221448 1.823193 2.524723 1.608562 1.747455 2.180941 2.275883 1.776287 2.451099 1.543310 
1.537000 2.033886 1.576222 2.035442 1.743339 2.271081 1.944478 1.850869 1.364397 1.444668 
1.471799 1.340572 1.704341 1.852722 1.827194 1.626456 2.370370 2.190016 2.033910 1.668160 
2.016229 1.651844 1.829558 1.740117 1.865386 1.760276 1.897290 1.925532 2.073613 1.766872 
1.729494 2.949600 2.305010 2.034036 2.021720 2.392357 2.490785 2.484111 1.696357 1.894253 
2.125200 2.188789 2.136614 2.714025 2.421309 0.909391 2.038523 1.497475 2.039842 1.372777 
1.675883 1.663968 1.873504 1.468925 1.324820 1.370588 1.479835 1.651267 1.638057 1.429255 
