15 15
3.110183 4.471593 3.265925 3.863514 3.445794 3.759817 2.641010 3.390509 3.305696 3.172165 3.020439 3.163734 3.426931 3.842351 2.284387 
1.750368 2.997333 2.759720 2.790936 2.282354 2.555285 2.705017 3.302133 2.597810 2.448642 2.339120 1.999572 2.965483 2.413168 2.518574 
1.367130 3.013157 2.964564 2.780015 2.240297 2.384964 2.592209 2.577239 2.406975 2.705776 1.847810 2.944249 2.846913 2.981997 2.204122 
2.416583 3.589334 2.635361 3.265518 1.952647 3.161710 2.963268 2.607454 2.694912 1.929449 1.962707 2.954347 2.597279 2.825011 2.524799 
2.484543 2.640561 2.314486 2.818877 2.155621 2.287602 2.064460 2.818670 2.688271 2.335571 2.234438 2.515536 2.610839 3.337364 1.615839 
2.193048 3.415439 3.083955 3.205768 2.682263 2.222844 2.754266 2.696771 2.276644 2.211595 2.462278 2.562472 2.395159 2.638707 2.369777 
2.290107 2.136851 2.406663 2.337616 1.800872 2.655389 2.366426 2.020967 1.845600 1.743356 2.253142 1.483014 2.518581 2.784183 2.757247 
2.329506 3.253993 2.863637 2.328435 1.689423 2.336372 1.708343 2.505901 2.026280 2.388691 2.291790 2.143165 1.941519 3.049965 2.595603 
1.976118 3.471838 2.444469 2.293850 2.311522 2.785702 3.164985 3.053705 2.291513 2.725883 2.279115 2.880686 2.350967 3.045229 2.906262 
0.949332 3.012649 1.876302 2.503317 2.304256 1.857134 1.943777 2.425175 1.805332 1.863952 1.895842 1.551582 2.639134 2.261766 2.089024 
2.119071 3.526943 3.239812 4.210932 2.974763 2.855725 2.833950 3.478586 2.401666 2.007076 2.323639 2.472471 2.740374 2.774580 2.315064 
2.149628 3.907763 3.377876 3.331403 2.909512 3.743744 3.810193 3.763684 2.255867 2.123704 2.993739 3.654723 3.167793 3.347674 2.734594 
1.421973 2.746198 3.555149 3.247705 1.940665 2.648969 2.590392 2.950653 2.291935 1.582037 2.985781 3.320512 2.399990 2.965456 1.576529 
2.009489 3.397132 2.328388 2.607181 3.004001 2.545457 3.472715 3.688164 2.981266 2.288408 2.589790 3.107558 3.224780 3.899765 3.159082 
2.120412 3.323488 2.950730 3.576318 2.850499 3.265989 2.494535 3.550589 2.647865 2.077630 2.408124 2.854639 2.357223 2.866608 2.088575 
