15 15
3.930718 3.608845 2.597588 2.389832 3.780367 3.582924 2.465659 3.147810 3.712640 4.182480 4.117647 2.871071 3.523581 3.936649 3.416546 
2.443171 2.497055 2.441869 2.002326 3.350608 2.410536 1.621499 3.572577 3.175264 3.168528 2.890960 2.768446 1.894063 3.212393 2.757374 
2.108989 2.783713 2.933355 1.665740 2.703698 2.616920 2.470406 2.646224 2.659076 3.614185 2.164057 3.374414 2.818339 3.115749 2.773026 
2.652148 3.113830 2.381060 2.176130 2.523286 2.870865 2.328000 2.815161 2.674522 2.630208 2.993660 2.918397 2.057357 3.338639 2.983581 
3.235035 1.895904 1.558525 2.003083 2.689973 2.097529 1.581504 2.434595 2.884561 2.967411 3.215292 2.708921 2.325377 3.128016 2.484132 
2.813703 2.782344 2.650307 2.274406 2.851391 2.532557 2.922708 2.303846 2.943136 3.015044 2.312617 2.802067 2.999733 2.880401 3.359999 
2.157122 1.909731 2.550445 1.321244 2.420674 2.590667 1.573675 1.949659 1.546657 2.198346 3.022133 1.457204 1.901264 3.179553 2.667303 
2.244505 2.874510 2.364847 1.721052 2.117239 2.587179 1.500129 2.642503 1.959466 2.764513 2.475292 2.508678 1.934665 3.530332 2.990914 
2.295528 3.242711 2.066547 1.612625 3.024747 3.097650 2.778362 3.144291 2.216585 3.032835 2.893584 2.953394 1.867112 3.303285 2.544947 
1.517998 2.653631 1.762997 1.674948 2.759637 1.872063 1.508028 2.802595 2.072274 2.394907 2.270274 1.905655 2.273287 2.784309 2.646750 
2.411103 2.770135 2.741389 2.740016 3.439411 2.877434 2.369395 3.301190 3.201899 2.864794 2.750445 2.388472 2.632454 3.442727 2.952374 
2.463529 3.412441 3.089598 2.165618 3.689376 3.351592 3.088075 3.697150 2.733872 3.079588 4.060928 3.369359 2.456416 4.024435 2.668683 
2.174975 2.011038 2.694389 2.946744 2.204048 2.749288 2.784559 2.496940 3.238832 2.235484 2.891834 3.490175 2.846815 3.243161 2.288442 
3.422838 3.057861 2.288576 1.860371 3.603938 2.795536 3.204949 3.136028 2.521035 2.834141 3.598115 3.379257 3.044445 3.077258 3.659500 
3.027443 2.650482 2.665398 2.776300 3.274853 3.531894 2.170633 3.387156 2.691253 2.526685 2.761229 3.270986 2.411023 3.020512 3.105108 
