15 15
3.924370 3.035872 2.586874 2.910329 3.358829 3.436690 3.354633 3.240723 3.270115 3.787132 4.145305 3.095418 2.815134 3.557728 3.518665 
2.250769 2.771339 2.201268 2.165965 2.571332 3.109209 1.600155 3.315193 2.380583 2.427002 2.850824 2.922355 1.294938 4.062085 2.547546 
2.271632 2.848579 2.232855 2.298105 2.559612 2.741599 2.332062 2.814806 2.893828 3.174353 2.611438 3.496915 3.089124 3.507912 2.859397 
2.701167 2.689416 2.440290 1.767658 3.073109 2.733352 1.774024 2.659602 2.203488 2.815209 2.922724 3.027960 2.170973 3.615878 2.855949 
2.834281 2.316452 1.513601 1.995888 2.806455 2.591444 1.531038 1.860714 2.487342 2.493457 3.149708 2.670784 2.275771 3.223937 3.088553 
2.509986 2.125916 2.704966 2.486238 2.598910 3.120320 2.424376 2.884886 2.718375 2.923944 2.304685 3.471387 3.284503 3.217028 2.610138 
1.797326 2.568364 2.062347 1.924255 3.297842 2.714600 1.429288 2.284516 1.182659 2.015022 2.765792 2.069880 1.427059 2.360961 2.524416 
1.961917 2.642030 2.257531 1.691056 2.456510 3.120467 1.544488 2.688270 2.053244 2.742418 2.474891 2.788914 2.582574 3.204214 2.355678 
2.186026 3.071563 2.581600 2.302637 3.682659 3.388103 2.603082 3.335798 2.386262 3.018118 3.613053 3.111608 2.380120 3.162967 2.590922 
1.770235 1.992101 2.036671 1.950202 1.858282 1.797150 1.467253 2.519873 2.654235 2.199282 2.682633 2.649939 1.508434 3.017536 2.911111 
1.956313 2.288282 2.763883 1.756625 3.366489 3.170014 1.938909 2.527371 2.935047 3.103498 2.515922 2.021941 2.370571 3.858519 3.482029 
3.278856 2.839402 2.874777 2.631279 3.514787 2.777034 2.683496 3.132877 3.262421 2.843574 4.324907 3.144085 2.279567 3.668800 3.225514 
2.622614 2.342783 1.801798 2.699082 2.528941 2.597431 2.644381 2.597764 2.403001 2.624263 2.789771 3.202506 2.774933 3.181034 2.558915 
3.894928 3.685281 2.654287 2.255802 3.229593 3.530241 3.127800 3.317159 2.491065 2.998948 3.221113 3.201696 2.780218 3.542022 3.486290 
2.782153 2.623689 2.064922 2.189012 3.352323 2.643562 2.457101 3.499540 2.372025 2.692243 2.790976 3.345741 2.649717 3.379032 3.268083 
