15 10
3.069337 2.635691 2.517633 2.016077 3.026030 2.690321 2.409442 2.860059 2.718532 3.224787 
3.281956 2.735531 2.776814 3.271680 3.026144 1.785327 2.217405 1.706541 1.865696 2.494009 
2.307773 1.419775 3.034465 2.336776 2.228651 2.506809 2.495674 1.198732 3.183069 2.518030 
2.006783 2.252320 2.110704 1.583048 2.101311 2.404874 1.962154 2.634894 2.311679 2.780427 
2.154557 2.738770 2.141022 2.571369 2.286754 2.071683 2.183137 2.037669 1.437306 2.415919 
2.169259 1.568785 2.532318 1.925112 2.474967 2.684635 2.112209 1.774957 2.809669 2.283487 
2.271547 1.729242 1.422387 1.631015 2.234501 1.736178 1.435452 1.845024 1.945148 2.136979 
2.378545 2.041044 1.743509 2.254852 2.346862 1.968830 1.993094 1.984418 1.893890 2.196801 
2.531161 1.991635 2.131798 2.275054 2.550904 2.031280 2.515478 2.380861 2.692793 2.533532 
1.404015 1.806766 1.720004 1.019070 2.363141 2.206359 1.151727 1.779561 1.065454 1.899658 
2.240790 1.314762 1.087024 2.248092 1.737250 1.541455 1.990887 1.691226 1.426527 2.095976 
2.267036 1.443630 1.966160 1.673303 2.241208 1.943778 2.262803 1.918678 2.553980 2.162183 
2.048904 2.720473 1.927088 1.352811 2.734945 2.704305 2.104162 2.574697 1.621429 2.201205 
2.739669 2.261497 1.652759 2.972081 2.059994 1.478057 1.679505 1.384170 1.211473 1.828158 
1.690812 1.228219 2.250924 1.735867 1.855775 1.745020 1.833908 1.285420 2.160600 1.986981 
