15 10
5.168457 3.848897 6.460922 5.348908 4.246996 4.465786 4.421589 5.683678 5.156463 6.415302 
3.517718 3.647167 3.793788 4.408303 4.250793 3.624022 3.799930 4.152202 4.399241 4.508884 
3.497833 3.770602 3.196233 3.933434 3.117266 3.703913 3.920502 4.194005 3.172201 3.763935 
3.301793 4.259263 5.398233 4.244282 4.014464 4.727882 3.767085 4.336482 4.115455 5.659538 
4.615432 3.089364 5.425973 4.733713 3.506483 3.763720 3.694938 4.654692 4.631647 5.452229 
4.130194 4.040587 5.136863 4.761261 4.139455 4.733774 3.816241 4.040286 4.003797 4.441656 
3.439009 4.342565 4.768029 4.423941 3.454619 4.660016 3.099520 4.326450 3.168084 4.713120 
3.759767 4.020821 4.425196 4.814907 3.280674 3.398998 3.140086 3.586601 4.015157 4.837663 
3.337173 3.417369 3.910257 4.162900 3.441858 3.979764 3.290156 3.216649 3.314515 4.233366 
3.331902 4.060663 4.508926 4.703705 3.778627 3.930603 3.585477 4.691641 4.050103 4.255872 
4.371850 4.944376 5.611641 6.095800 4.604138 6.002553 3.972430 4.985995 4.661630 6.113100 
4.201532 4.869384 5.635197 4.721004 4.502089 5.780582 4.849343 4.501987 3.818308 5.321888 
4.136770 3.697739 4.969965 4.656882 4.495076 4.949923 4.249221 4.929493 3.752978 4.653766 
3.886128 3.789387 5.328720 4.111341 3.996302 4.823092 3.081328 4.251011 3.710998 3.612648 
3.537169 3.595226 4.501579 5.094599 4.302426 4.853078 3.693499 5.009908 4.263742 5.199861 
