15 10
5.676046 3.839489 5.175874 5.402495 4.247781 4.338788 4.194444 5.026790 4.156124 4.739380 
3.589940 3.122406 2.727701 4.015822 3.551967 2.820994 3.954077 3.532360 4.007488 3.532996 
4.602738 3.600142 3.174947 4.293020 3.810716 3.478064 3.843076 4.472070 3.553689 3.767840 
4.224037 4.183080 3.282232 4.935013 3.928667 3.320282 3.427497 3.848469 4.353033 4.414702 
4.774809 3.578973 3.799029 5.353235 3.624664 3.631985 3.319940 4.400226 5.337526 4.780535 
4.734057 3.087964 3.671885 4.176059 3.311264 4.107715 4.066280 3.816699 3.780713 3.552553 
3.409425 3.081017 2.225146 3.552134 2.925485 3.283434 2.479298 1.961208 3.415660 3.433408 
4.165848 2.994826 3.084739 4.728302 3.265539 2.676932 2.563848 3.382966 3.869371 3.576371 
4.907785 3.950169 4.183691 5.136874 5.308320 4.047467 3.575795 4.458168 4.096646 4.439551 
4.918675 3.612343 3.426705 4.077589 4.111021 3.036227 3.901119 4.086898 4.110938 4.069508 
4.409124 3.569966 3.142496 4.591249 2.893389 3.392363 3.364513 3.478350 3.883110 4.288076 
4.832194 4.983576 4.293499 5.300297 5.197766 3.848092 4.225714 4.257275 4.377776 4.523545 
4.556342 2.716885 4.199900 4.106819 4.232457 3.357485 3.499358 4.061837 3.611492 3.389153 
4.752749 3.614347 3.889671 5.051227 5.161917 3.847738 2.702478 4.937690 4.512999 4.133014 
4.266922 3.333879 3.996319 5.464651 4.097823 4.347869 3.781728 4.900562 4.570233 4.343551 
