15 10
5.388564 4.436028 6.081655 5.185357 3.746609 5.467008 4.165058 5.234305 4.138701 5.878656 
2.775909 2.979296 3.391756 3.584880 3.698983 3.355318 3.955479 3.321976 4.137512 4.170105 
4.203015 3.391851 4.327917 4.106263 3.389382 3.832794 4.486464 4.661743 3.811340 4.544659 
4.250144 4.743724 4.573182 4.552809 3.301370 4.647697 3.508810 3.897849 3.594686 5.503606 
4.498912 4.118367 4.871887 5.211949 4.195071 4.813211 3.736279 4.515665 5.018887 6.085828 
3.693900 3.386828 4.241383 4.979235 3.318891 4.464312 3.742836 4.406034 3.806314 4.490971 
2.415846 3.563370 3.824094 3.526471 2.791555 3.670321 2.215144 2.369226 2.844739 3.742310 
4.160139 3.487835 4.159710 4.192509 2.464240 3.223886 3.019725 3.255043 3.221467 4.067269 
4.067827 4.704009 5.519580 5.270313 4.770254 4.927692 3.546103 5.200837 3.834951 5.129891 
3.383511 3.830510 4.848745 3.680582 3.754128 4.126850 3.305400 4.334784 3.678455 4.822933 
3.635116 3.335424 4.154843 4.528586 3.442453 3.992511 3.403041 3.485182 4.109306 5.227145 
3.977122 4.607803 5.087478 4.615963 4.806764 5.026506 4.221252 4.971859 3.813114 5.963474 
3.942117 3.116898 4.872955 4.411955 4.005038 4.063987 3.690516 4.531614 3.812744 4.248354 
4.080362 3.427150 5.636922 4.483438 4.295748 4.181401 3.298921 5.419357 4.273043 4.588177 
3.938195 3.621618 4.961394 5.812140 3.985946 4.800421 4.219924 5.405197 4.644949 5.147657 
