15 10
4.495052 3.507629 5.934359 4.063153 3.460477 4.678197 3.943120 4.365494 4.053614 5.757899 
2.266326 2.647346 2.897341 3.092581 2.840029 2.679372 3.494812 3.444852 3.149042 3.850375 
3.800927 4.030403 4.706358 4.167269 3.748998 4.062911 4.037687 4.904352 3.706128 4.191776 
3.012030 3.644243 4.341481 3.891018 3.537739 3.751878 3.975092 4.115420 3.330761 4.767264 
3.742628 3.188067 5.349543 4.178391 3.439989 3.786741 3.689968 4.523432 4.346360 5.061009 
4.457185 3.979065 4.419263 4.938293 3.621023 5.000744 4.257348 4.678456 3.362184 4.581871 
2.751167 4.182854 4.518192 4.310618 4.095483 4.643471 3.251001 3.710602 3.783296 4.532396 
4.186055 4.173430 4.461282 5.047341 3.330184 3.812024 3.659957 4.355980 3.683024 4.785302 
4.714019 5.117353 5.693000 5.989282 5.425662 5.732348 4.513003 5.651605 4.835759 5.929291 
2.945454 3.728101 4.438816 3.965866 3.864554 4.259039 3.732247 4.629003 4.008892 4.909092 
3.287195 3.611077 3.763093 4.623562 2.752488 4.646801 3.604471 3.761942 3.132754 4.501822 
3.420128 4.227427 5.768075 3.541705 5.145967 4.810937 3.804707 3.968843 3.800590 4.929498 
3.994205 2.943841 4.721478 3.922449 3.807281 3.814647 4.045655 3.644678 3.491168 3.808526 
4.731236 4.439827 6.288525 5.698269 4.937488 5.523311 3.857076 5.697069 5.287470 5.793640 
3.180234 3.059306 3.946267 4.335048 3.098009 4.149143 3.329546 3.614297 3.156375 3.546469 
