15 10
0.598265 0.899124 0.488620 0.955436 0.585000 0.187899 0.164620 0.340404 0.687669 0.161901 
0.926198 0.775684 0.407010 0.525214 0.298828 0.215496 0.507031 0.219301 0.910739 0.893525 
0.334413 0.837450 0.734919 0.756254 0.409563 0.485307 0.508238 0.903991 0.750940 0.440476 
0.443033 0.344421 0.299905 0.589818 0.586090 0.219501 0.051478 0.683088 0.822909 0.670310 
0.099138 0.191193 0.807136 0.738906 0.315622 0.936873 0.367012 0.371648 0.225121 0.210427 
0.715151 0.378439 0.913665 0.319417 0.147358 0.277625 0.584797 0.401118 0.386746 0.471146 
0.721638 0.256334 0.765108 0.848130 0.991529 0.953104 0.994751 0.204970 0.418688 0.049914 
0.782471 0.021463 0.334212 0.493647 0.107493 0.814933 0.435132 0.237699 0.935786 0.495932 
0.942045 0.293279 0.719338 0.114835 0.334257 0.349599 0.695998 0.884361 0.105555 0.269721 
0.047568 0.240423 0.033593 0.812272 0.037959 0.021606 0.016475 0.921243 0.531289 0.684174 
0.800350 0.202589 0.615624 0.666829 0.922407 0.341013 0.152540 0.781649 0.621192 0.747996 
0.466788 0.348221 0.112185 0.381783 0.373142 0.384398 0.899539 0.241916 0.280342 0.391641 
0.279140 0.537150 0.050602 0.718809 0.989161 0.093290 0.046376 0.583596 0.197763 0.558827 
0.044721 0.124314 0.055210 0.418628 0.543456 0.969253 0.029327 0.201856 0.408387 0.732246 
0.787551 0.192738 0.026220 0.055933 0.563317 0.190045 0.574444 0.127068 0.362605 0.611622 
