15 10
-4.804704 -4.968637 -3.889539 -3.549546 -3.494621 -4.266895 -5.525174 -3.188865 -2.533408 -4.095986 
-3.863922 -4.244663 -2.925391 -2.527919 -2.481538 -2.743463 -4.066695 -2.305213 -1.649549 -3.232156 
-3.170113 -3.686125 -2.742368 -1.934165 -2.768087 -2.913697 -3.869753 -2.381688 -1.877741 -2.327905 
-3.811267 -5.228824 -3.535628 -3.100438 -3.446937 -4.212931 -4.884910 -2.709630 -1.868625 -3.588770 
-4.568172 -4.954726 -3.910922 -3.125700 -3.175834 -4.070784 -4.535318 -2.782680 -1.692292 -3.956016 
-3.704915 -4.752831 -3.362077 -2.957036 -2.940100 -3.708324 -4.504865 -2.733814 -2.087065 -3.686976 
-4.411327 -4.132571 -3.591376 -3.052767 -2.714629 -4.166973 -4.432044 -3.010753 -1.699143 -2.840989 
-3.642507 -4.340825 -3.064770 -2.699707 -2.688079 -3.437277 -4.331593 -3.166577 -2.004814 -2.886922 
-2.768650 -4.132838 -2.588317 -2.512182 -2.663652 -2.988643 -3.756553 -2.128906 -1.460162 -2.781027 
-3.729989 -4.030585 -3.214001 -2.964251 -2.980400 -3.128244 -4.442150 -2.537764 -2.606113 -2.948417 
-4.703810 -6.093342 -4.125169 -3.633183 -3.783905 -3.932235 -5.154733 -2.879067 -2.189448 -3.947648 
-4.413875 -5.522148 -3.710929 -3.469661 -3.380532 -4.357933 -5.176278 -2.436266 -2.243817 -3.921800 
-4.532752 -5.500605 -3.523709 -2.934115 -3.152686 -4.032408 -4.688089 -2.235985 -1.264488 -3.573396 
-3.855060 -4.103791 -3.471825 -3.173315 -2.803173 -3.524993 -4.019523 -2.279611 -1.904362 -3.200390 
-4.680272 -5.266311 -3.482506 -2.724034 -2.562586 -3.191589 -4.542903 -2.264119 -1.375145 -3.492330 
