15 15
3.541837 3.650020 2.092628 3.176429 3.407075 3.291990 2.678233 2.278714 4.850852 2.207760 3.098956 3.291048 3.364032 2.850283 3.412511 
3.982557 3.347321 2.972219 3.193459 3.931746 2.492382 2.979800 3.084612 4.777312 2.375599 3.331543 3.650312 3.549785 1.918226 4.104918 
3.075069 3.638362 3.423517 3.266757 3.911922 2.880295 3.346894 2.516416 4.677649 3.040395 3.198002 3.997515 3.824770 3.421443 4.238280 
3.081920 3.058347 2.173538 2.935277 2.578597 2.924056 2.827551 2.325052 3.997907 1.703865 2.779679 3.366995 2.175881 2.708307 3.485730 
3.002037 1.760808 2.445905 2.625024 3.051181 2.158275 2.085572 2.805309 3.746358 2.736067 2.770119 2.789655 2.876156 2.952380 2.195696 
3.233163 3.028146 2.859764 2.866748 3.084998 1.828033 3.242471 2.153325 3.646896 1.911037 2.789148 2.733527 2.938910 1.983138 3.735185 
4.463991 2.798981 4.407262 3.637041 3.601846 3.189127 3.854117 3.259256 4.728215 2.359246 3.141331 3.841352 3.960140 3.820731 3.928926 
3.605598 3.067376 3.131940 2.469681 2.673154 2.388032 2.113736 3.017326 3.406049 2.279234 2.733588 3.031526 2.328156 2.667313 3.600902 
2.724684 2.833007 2.592354 2.654412 2.416303 2.262518 3.063438 2.404657 3.793024 2.685958 2.534191 3.130966 2.404938 2.496646 3.279381 
1.273367 2.742357 1.213734 1.747612 2.781925 1.399310 1.104788 2.009569 2.794298 2.072469 2.696514 1.565734 2.377900 2.309823 2.915947 
3.626863 3.119889 3.272472 3.804084 3.497364 2.922374 3.563158 3.616566 4.894987 2.213051 3.185344 3.552287 3.052634 3.305794 3.621208 
2.432793 2.845483 2.397166 2.416882 3.093720 2.043124 2.886310 2.568921 3.147775 1.676937 2.468553 3.247641 2.689328 2.034031 2.785742 
2.233683 1.755187 2.385021 3.026404 2.470365 2.447455 2.629620 2.182606 3.961168 1.454113 2.542034 3.014580 2.260295 2.477802 2.152003 
2.508015 1.276250 1.983468 1.926115 3.097887 1.804124 1.980149 2.697595 2.940288 1.982525 1.918485 2.317186 2.403256 1.902945 2.579805 
3.072371 1.978032 2.538584 2.732633 2.332547 2.416765 2.000902 2.606976 3.029718 1.112717 1.752925 2.844686 1.752159 1.335633 2.173718 
