15 15
3.535489 3.077047 2.081914 3.696926 2.985537 3.145756 3.567207 2.371627 4.408327 1.812412 3.126614 3.515395 2.655585 2.471362 3.514630 
3.790155 3.621605 2.731618 3.357098 3.152470 3.191055 2.958456 2.827228 3.982631 1.634073 3.291407 3.804221 2.950660 2.767918 3.895090 
3.237712 3.703228 2.723017 3.899122 3.767836 3.004974 3.208550 2.684998 4.912401 2.600563 3.645383 4.120016 4.095555 3.813606 4.324651 
3.130939 2.633933 2.232768 2.526805 3.128420 2.786543 2.273575 2.169493 3.526873 1.888866 2.708743 3.476558 2.289497 2.985546 3.358098 
2.601283 2.181356 2.400981 2.617829 3.167663 2.652190 2.035106 2.231428 3.349139 2.262113 2.704535 2.751518 2.826550 3.048301 2.800117 
2.929446 2.371718 2.914423 3.078580 2.832517 2.415796 2.744139 2.734365 3.422135 1.819937 2.781216 3.402847 3.223680 2.319765 2.985324 
4.104195 3.457614 3.919164 4.240052 4.479014 3.313060 3.709730 3.594113 4.364217 2.175922 2.884990 4.454028 3.485935 3.002139 3.786039 
3.323010 2.834896 3.024624 2.439685 3.012425 2.921320 2.158095 3.063093 3.499827 2.257139 2.733187 3.311762 2.976065 2.341195 2.965666 
2.615182 2.661859 3.107407 3.344424 3.074215 2.552971 2.888158 2.596164 3.962701 2.671241 3.253660 3.289180 2.917946 2.356328 3.325356 
1.525604 2.080827 1.487408 2.022866 1.880570 1.324397 1.064013 1.726847 3.376259 1.876844 3.108873 2.310018 1.613047 2.543050 3.180308 
3.172073 2.638036 3.294966 2.820693 3.424442 3.214954 3.132672 2.842747 4.628135 2.451755 2.950821 3.185756 2.790751 3.721586 4.150863 
3.248120 2.272444 2.182345 2.882543 2.919131 1.468566 2.481731 2.004648 3.676324 1.440923 2.732532 3.022367 2.512479 1.678396 3.342573 
2.681322 2.086932 1.492430 2.778742 2.795258 2.295598 2.489442 2.283430 3.125337 1.842892 2.439971 2.726911 2.188413 2.415675 2.422476 
2.980105 1.903670 2.349179 2.321546 2.723542 2.538829 1.903000 2.878726 2.910318 2.147332 1.541483 2.139625 2.139029 2.367709 2.406595 
2.827081 1.951239 1.938108 2.145345 2.410017 1.528433 2.287370 2.719360 2.710490 1.278275 1.782672 2.919441 1.990853 1.694153 2.336693 
