15 10
1.794158 3.132360 2.301957 2.450302 2.063640 2.563903 2.713491 2.743197 2.298062 2.230907 
2.241726 2.102628 2.537475 3.192996 2.692594 1.879354 3.443559 3.106395 3.601347 2.261400 
2.861835 2.745695 3.253375 2.351469 2.189168 2.212118 2.493380 2.851985 3.308547 2.428503 
2.122617 3.869056 2.567102 3.297970 2.645901 3.141910 3.373617 3.434780 3.031552 2.622585 
2.527071 2.643478 3.199838 3.712711 2.912350 1.400842 3.183365 2.189351 2.576088 2.198170 
2.100557 2.666665 2.808460 2.044518 1.917280 1.913430 1.964901 2.336100 3.149035 2.377541 
1.671977 2.743417 1.849871 2.151207 2.146094 2.339330 2.286008 2.372799 1.629786 1.569681 
1.988662 1.906208 1.838956 2.588439 1.824345 1.725135 2.896421 2.510969 2.570299 1.855301 
2.198697 2.083215 2.532750 2.036479 1.756372 1.875958 2.488091 2.241969 2.693228 1.513868 
1.869528 3.979674 3.201364 3.219451 2.645622 3.154443 3.083087 3.730845 1.917062 2.092061 
3.242546 3.013364 2.441396 3.777453 2.658731 1.221396 2.854608 2.353988 3.311854 2.151158 
2.328176 2.338262 3.019308 1.677450 1.557328 1.994900 1.938594 2.010264 2.978859 1.804621 
1.409310 3.048881 2.454067 2.586157 2.069718 1.931474 2.155617 2.751534 2.090125 1.907104 
2.052061 2.804729 2.130958 2.892406 1.506978 0.997465 2.280092 1.294018 1.844143 1.958899 
1.242655 1.636496 1.559585 1.686239 1.667045 1.207186 1.092919 1.635541 1.924196 1.657663 
