15 15
3.161752 3.745342 1.978071 2.201670 3.767297 3.862202 2.073606 2.854584 2.856048 3.531986 3.688771 3.020459 2.723713 3.804556 3.242998 
3.421151 2.863535 2.860133 2.508422 4.112537 2.933336 2.148323 3.524944 3.839533 4.106596 3.509600 3.369702 2.917315 3.499226 3.425657 
3.216370 3.787988 3.232701 2.294821 4.185221 3.470610 2.943532 3.479026 2.792109 4.058657 3.647704 4.036382 3.210877 4.327360 4.349814 
3.287920 3.513552 1.789363 2.503798 3.198853 3.152555 2.814045 2.901219 2.876504 2.458039 3.132149 3.369581 1.992493 3.264802 3.528494 
3.148168 2.297047 1.887418 1.893193 2.923789 2.664197 2.019942 2.553923 2.240577 2.724205 3.509450 2.528706 2.420650 3.530010 2.705141 
3.327532 2.891991 2.528202 2.257415 2.782171 2.007338 2.875707 2.512854 2.905192 2.902411 2.862071 2.886764 3.023384 2.999354 3.570265 
3.612328 3.188662 3.263502 2.898788 3.275342 3.819078 3.353658 3.269498 3.162141 3.076411 4.142920 3.413079 3.492408 5.021184 4.277814 
3.244272 2.821521 2.328074 2.485820 2.817004 2.728820 1.905716 2.836534 2.791914 3.009082 3.080896 2.648780 1.932661 3.618059 3.711102 
2.987958 2.973225 2.081401 2.030474 2.433738 2.601299 3.250097 3.213565 3.035615 3.433473 2.587373 3.599523 2.926781 2.980932 3.197950 
1.908339 2.749691 1.164628 1.581840 3.380109 1.919782 1.494966 2.376852 1.724167 2.215197 2.252539 1.807927 2.325160 2.385157 3.148274 
3.951712 4.013571 2.524958 3.144481 4.044422 3.153140 3.780770 4.064952 3.597791 2.950961 3.725065 3.660123 3.307270 3.914061 3.702431 
1.716868 2.461356 2.024427 2.055626 2.935100 2.649822 2.430977 2.826533 2.585708 2.385053 2.543064 3.073549 2.229087 3.003574 2.605287 
2.193760 2.589395 2.238792 2.111046 3.174728 3.007733 2.680064 2.686222 2.457104 1.952410 3.082502 2.948299 1.988930 2.843400 2.020888 
2.358095 2.064587 1.568876 1.367966 3.637787 2.268428 1.981285 2.339111 2.014314 1.929798 2.907570 1.729569 1.567709 2.437616 2.685416 
2.441949 1.906237 2.106129 2.477631 2.444905 2.652601 1.681757 2.879123 2.975353 2.030266 1.942862 2.713237 1.655263 2.248918 1.699165 
