15 15
2.270218 3.543596 2.827226 2.740962 2.825943 3.382223 3.650687 3.411317 3.236907 2.975625 2.884101 2.281457 3.481148 3.218123 2.840329 
2.265102 4.259899 3.247734 3.893484 2.772880 2.947177 3.315919 3.692388 2.985283 3.062994 2.632222 3.489804 3.155087 3.315371 2.431391 
2.656675 4.237311 2.842617 3.594766 2.975306 3.374746 3.951256 3.607769 3.961221 3.586706 3.072984 3.602606 3.628062 4.498797 3.039364 
2.399010 3.609580 3.176454 2.600930 2.199514 2.346603 3.431267 3.502844 2.107394 2.899197 2.095728 2.120897 2.997134 3.596428 3.294462 
2.574451 2.834634 2.644869 3.069049 2.726738 2.691264 2.532960 3.297725 1.936725 2.488314 2.224936 2.835144 2.220044 2.877176 2.496467 
1.739890 3.563919 3.444304 3.256329 2.027139 2.607781 2.777070 2.903356 2.986243 2.039852 2.081372 2.912665 2.378140 3.556408 1.627658 
2.650043 4.710982 3.549737 3.453729 2.840529 3.268686 3.377950 4.369633 1.927426 2.150687 3.502232 3.236448 2.538023 4.433681 3.618958 
1.706685 3.155426 2.563121 3.809207 2.301480 2.735391 2.908963 3.908987 1.845278 2.378323 2.937532 2.074989 2.315426 3.263553 1.924004 
1.799530 3.386878 3.134433 3.376739 2.575138 2.607405 2.790421 3.234476 2.845397 2.086626 2.693631 3.064905 2.954842 3.536972 1.999394 
1.820555 3.014414 1.649442 2.224376 1.976286 1.785679 2.035387 2.189403 2.520061 1.701976 2.036249 1.637384 2.262794 2.187777 2.018976 
2.690352 5.066215 3.482148 3.141954 3.288042 2.787571 3.357420 3.928997 2.837283 3.049766 2.959986 2.972441 2.837112 4.138226 3.124772 
2.014043 3.062984 3.001133 3.172049 1.681146 2.582472 2.627815 2.322332 1.787632 1.921632 1.995428 2.349211 2.590675 2.338095 1.602040 
1.479863 2.932098 2.795285 2.461010 2.490285 2.421473 2.714475 2.294698 2.402204 2.104169 2.611174 1.773332 2.256443 3.103527 2.705810 
1.992895 2.806401 2.004740 2.925068 2.150683 2.167505 2.780315 2.433572 1.711620 1.696645 2.403017 1.699867 2.329360 3.227633 2.176980 
1.121744 2.890258 2.960100 2.910661 1.998112 1.989595 2.240035 2.689155 1.677049 1.980515 1.930023 2.129521 1.994867 2.820443 1.611386 
