15 10
2.680456 2.676866 2.012673 2.802674 2.652738 2.399387 2.622016 1.990963 3.856744 1.250067 
2.263265 3.155508 2.617265 2.185314 3.022109 3.324713 3.067671 2.236891 3.056829 3.075147 
2.389619 2.778076 2.546500 3.938824 1.435722 2.947392 3.377540 2.854454 1.888902 3.865574 
2.972863 3.106969 2.600866 3.184065 3.309535 2.668249 2.838642 2.505086 4.330252 2.206637 
3.188502 3.361871 3.147453 2.877063 3.752008 2.501455 2.127654 1.830147 2.196453 2.471230 
2.222450 2.068336 2.042209 3.248497 1.548624 2.470654 2.560807 1.893481 2.179337 2.785636 
2.038549 1.594146 2.309767 2.252956 2.595709 1.796924 1.939520 2.215738 2.806945 1.905635 
1.933372 2.121778 2.294288 2.079216 2.058426 2.388290 2.238896 2.193875 2.486232 2.430408 
1.826637 2.311398 1.981277 2.978814 1.446897 2.507811 2.446938 2.320038 1.795530 2.908718 
3.710884 2.696016 3.576821 3.334867 3.544313 2.804819 3.432169 3.089158 4.247012 2.060558 
2.359988 3.698910 3.145900 2.889270 2.998873 2.902548 2.183753 2.458319 2.175156 2.651891 
2.067889 2.057237 2.340983 3.119886 1.755929 2.202074 2.785651 2.312169 1.690961 2.772171 
2.478060 2.310769 2.452895 2.394598 2.126501 1.869173 2.389238 1.835063 3.197868 1.854328 
2.380276 2.439069 2.190585 2.165442 2.794428 1.233426 1.768231 0.834907 1.284137 1.850446 
1.218059 0.824979 1.457898 2.457891 1.533337 2.171260 1.493987 1.390033 1.686114 2.256178 
