15 15
2.776431 3.183424 2.423385 2.118575 3.775263 3.787919 2.954585 3.234953 2.800785 3.319011 3.495455 3.063748 2.920619 3.164714 3.000331 
3.149055 3.400225 2.266144 2.663929 3.767418 2.915915 2.516823 3.425845 3.634859 4.040545 3.545553 4.093354 2.525086 3.476726 3.189201 
3.648222 3.624850 2.685565 2.508925 3.912239 3.491400 3.012919 3.640685 3.374381 4.189020 4.184117 4.359866 2.961784 4.569066 3.990556 
3.705623 3.009074 2.433075 1.789816 3.092830 2.696995 2.819432 3.312760 2.189970 3.284715 3.005422 2.719389 2.371127 3.183225 3.745321 
3.087154 2.221602 2.546278 2.438967 3.048961 2.654780 2.120842 2.889278 1.608103 2.812406 2.908977 2.789765 2.219870 2.945583 3.239993 
2.497414 2.770239 2.795648 2.562929 2.299419 2.415026 2.638489 2.711412 3.186874 2.721751 2.786148 3.024749 2.540683 3.674926 2.857588 
3.639736 3.817005 2.781434 2.830892 3.412716 3.549013 3.226573 3.738188 2.691302 2.836349 3.621263 3.493721 2.774795 4.745951 4.307988 
3.026511 2.238716 1.863586 2.688648 2.946063 2.815892 2.419918 3.049870 2.673579 3.306772 3.492014 2.539300 2.221836 2.926401 3.001754 
3.131554 2.788984 2.622308 2.561242 2.649356 2.883885 3.210701 3.126913 3.195731 2.781365 3.075028 3.167802 3.536312 3.294294 3.205413 
2.691488 2.509887 1.141225 1.498598 2.466017 2.281555 1.614048 2.454999 2.221582 1.710996 2.556348 2.280645 1.964546 2.025029 2.849818 
4.364017 4.242924 2.284968 2.375212 4.001611 3.300893 3.249567 3.562528 3.244100 3.462456 3.830587 3.243670 2.695866 3.561779 3.716030 
2.597850 2.437557 2.417280 2.393215 2.105879 2.717690 2.403468 2.307284 2.661550 2.571541 1.996610 2.685678 2.577190 2.913112 2.245605 
2.227801 2.676726 2.094327 1.940645 3.238893 3.091970 2.440721 2.474788 2.437966 2.097212 3.088231 2.072584 1.744557 3.022376 2.316604 
2.808308 2.329711 1.692535 1.894248 2.916834 2.227518 2.014646 1.925987 2.079136 2.157358 3.330730 1.609270 1.594688 3.029753 2.023088 
2.083326 2.281231 1.973197 2.172302 2.482231 2.159219 2.217564 2.459917 2.970354 2.695054 2.116310 2.279219 1.914781 2.914844 1.901703 
