15 15
3.156516 3.088102 2.537942 3.093334 3.415041 3.217707 3.559212 2.659083 4.795589 1.994785 2.905640 3.334337 3.560938 2.210441 3.169844 
3.710461 3.884011 2.378230 3.348966 3.586627 2.474961 3.348300 2.985513 4.572638 2.309548 3.367496 4.373964 3.157556 1.895726 3.868462 
3.506921 3.475224 2.876381 3.480861 3.638940 2.901085 3.416281 2.678075 5.259921 3.170758 3.734415 4.320999 3.575677 3.663149 3.879022 
3.499623 2.553869 2.817250 2.221295 2.472574 2.468496 2.832938 2.736593 3.311373 2.530541 2.652952 2.716803 2.554515 2.626730 3.702557 
2.941023 1.685363 3.104765 3.170798 3.176353 2.148858 2.186472 3.140664 3.113884 2.824268 2.169646 3.050714 2.675376 2.367953 2.730548 
2.403045 2.906394 3.127210 3.172262 2.602246 2.235721 3.005253 2.351883 3.928578 1.730377 2.713225 2.871512 2.456209 2.658710 3.022508 
4.491399 3.427324 3.925194 3.569145 3.739220 2.919062 3.727032 3.727946 4.257376 2.119184 2.619674 3.921994 3.242527 3.545498 3.959100 
3.387837 2.484571 2.667452 2.672509 2.802213 2.475104 2.627938 3.230662 3.287714 2.576924 3.144706 2.922046 2.617331 1.975655 2.891554 
2.868280 2.648766 3.133261 3.185180 2.631921 2.545104 3.024042 2.318005 3.953140 2.033850 3.021846 2.699245 3.014469 2.810008 3.286844 
2.056516 2.502553 1.190331 1.664370 1.867833 1.761083 1.223870 2.087716 3.291713 1.568268 3.000323 2.038452 2.017286 1.949695 2.617491 
4.039168 3.349242 3.032482 3.034815 3.454553 3.070127 3.031955 3.114142 4.541296 2.724546 3.290866 3.135834 2.441230 2.953512 3.634807 
3.313775 2.821684 2.790019 2.754471 2.264499 2.110992 2.858801 2.049672 3.223617 1.863425 1.922099 2.859770 3.037431 1.943569 2.426060 
2.267724 1.842518 2.240556 2.856003 2.534530 2.531692 2.390277 1.971172 3.942030 1.598915 2.547763 2.138865 2.015922 2.656778 2.447719 
2.958228 1.541374 2.107127 2.452397 2.376934 1.763214 2.013510 2.284471 3.005110 2.210085 2.341645 2.196887 2.430235 2.495082 1.917477 
2.713748 2.353026 2.405652 2.427304 2.369873 1.923383 2.536709 2.187770 3.024719 1.777505 1.926373 2.410668 2.011677 2.001559 2.376256 
