15 10
5.039153 4.677984 5.739794 5.833595 4.264622 4.964568 3.739280 5.072287 4.705867 5.045361 
3.669665 3.109565 3.728589 3.940330 3.240645 3.337255 3.500454 3.205715 4.328998 4.624030 
3.631277 3.332077 4.781806 4.813752 3.558232 4.010072 4.213356 4.977173 4.400426 4.833695 
4.324679 4.205808 4.318042 4.916810 3.656550 4.509897 3.021861 4.229004 4.297435 5.395865 
3.935510 3.974388 5.060056 5.583884 4.498705 5.533386 4.009153 4.680595 4.562856 5.555082 
3.455426 3.338265 4.745261 4.730806 3.333774 4.064657 3.441624 4.544997 4.048233 4.874473 
3.043356 3.015939 4.330774 3.804886 3.573697 3.887410 2.952400 2.475547 3.205599 3.321798 
4.257294 2.586204 4.077176 3.907380 2.357550 4.028800 2.991350 3.342679 4.022311 4.270371 
4.597432 4.130564 5.856862 4.794906 4.198717 4.921377 3.911303 5.764179 3.925726 4.992761 
3.319290 3.571283 4.786004 4.382191 3.514314 3.908501 2.565102 4.661638 4.020627 5.076870 
3.943631 2.953530 4.639183 4.554737 4.267758 3.405915 2.752732 4.113093 4.659636 5.103879 
3.982358 4.031267 4.589765 4.925727 4.397084 4.647917 4.317673 5.151149 4.055596 5.647865 
3.344199 3.487931 4.267363 4.764918 4.326678 3.777890 2.860255 5.107428 3.702637 4.792884 
3.464844 3.177104 4.851137 4.614763 4.226531 4.464698 3.240774 4.846953 4.165694 5.295839 
4.447781 3.554948 4.487796 5.126635 4.205471 4.291593 4.126454 4.850220 4.614043 5.522285 
