15 10
4.145641 3.749585 5.592498 4.711391 3.978490 4.175757 3.517342 4.203476 4.620780 4.924604 
3.160082 2.777615 3.234174 3.448031 2.381691 2.661309 3.039787 3.328591 3.340528 4.304300 
3.229189 3.970629 5.160247 4.874758 3.917848 4.240189 3.764579 5.219782 4.295214 4.480812 
3.086565 3.106327 4.086341 4.255019 3.892919 3.614078 3.488143 4.446575 4.033510 4.659523 
3.179226 3.044088 5.537712 4.550326 3.743623 4.506916 3.962842 4.688362 3.890329 4.530263 
4.218711 3.930502 4.923141 4.689864 3.635906 4.601089 3.956136 4.817419 3.604103 4.965373 
3.378677 3.635423 5.024872 4.589033 4.877625 4.860560 3.988257 3.816923 4.144156 4.111884 
4.283210 3.271799 4.378748 4.762212 3.223494 4.616938 3.631582 4.443616 4.483868 4.988404 
5.243624 4.543908 6.030282 5.513875 4.854125 5.726033 4.878203 6.214947 4.926534 5.792161 
2.881233 3.468874 4.376075 4.667475 3.624740 4.040690 2.991949 4.955857 4.351064 5.163029 
3.595710 3.229183 4.247433 4.649713 3.577793 4.060205 2.954162 4.389853 3.683084 4.378556 
3.425364 3.650891 5.270362 3.851469 4.736287 4.432348 3.901128 4.148133 4.043072 4.613889 
3.396287 3.314874 4.115886 4.275412 4.128921 3.528550 3.215394 4.220492 3.381061 4.353056 
4.115718 4.189781 5.502740 5.829594 4.868271 5.806608 3.798929 5.124665 5.180121 6.501302 
3.689820 2.992636 3.472669 3.649543 3.317534 3.640315 3.236076 3.059320 3.125469 3.921097 
