15 10
5.445927 4.424104 4.401703 5.940751 4.597842 3.416607 3.075163 4.960000 5.073426 4.925987 
4.263536 3.580831 3.488018 4.785295 3.302468 2.936132 3.020798 4.207216 4.242254 3.990787 
3.054092 3.435719 3.135266 4.461499 3.373543 3.223579 3.227928 4.074745 3.628339 3.601998 
5.366916 3.569851 3.726209 4.605271 4.501342 3.460161 3.886744 4.046949 4.918899 4.602271 
4.126077 3.027650 3.938903 5.323108 4.102059 4.263387 3.006151 4.542386 4.071836 4.147952 
5.057700 3.786397 4.315565 4.948270 4.308746 3.500745 4.006486 4.010965 4.269350 3.940847 
4.558045 3.234364 3.623369 4.935626 5.273120 3.938938 3.534654 3.870792 4.013490 3.811065 
4.713726 2.851515 2.854368 4.185167 3.124737 3.735274 2.917413 3.311416 5.167113 4.546796 
4.480230 2.412089 3.202584 3.506729 3.018987 3.098329 3.712566 3.759178 3.249697 3.348829 
3.780952 2.934084 2.876117 5.040020 3.768614 3.321901 2.530392 4.423234 4.382651 4.900412 
5.949174 3.678587 4.482038 5.721189 5.475996 4.511619 3.995090 5.129031 5.475982 5.150486 
5.239529 3.411453 4.102833 5.315375 4.779681 4.680208 5.059614 4.109083 4.560775 4.592943 
4.495182 3.517586 3.922785 5.123482 5.194761 3.601965 3.592698 5.055395 3.933231 4.161022 
3.880920 2.544663 2.941136 4.271890 4.284782 4.229232 3.137605 3.438583 3.515528 4.011694 
4.889096 3.262905 3.753368 4.121953 3.468892 3.277019 3.773258 3.937813 4.410405 3.940381 
