15 10
5.231615 6.111226 3.887634 4.584405 3.534437 4.017812 5.217667 2.675406 2.511502 3.833045 
3.625533 5.218688 2.863682 2.684787 3.120263 3.120008 4.538663 1.982737 2.395418 4.378111 
3.956992 5.660855 4.077404 3.331129 3.776676 4.377744 4.793853 3.488666 2.333564 3.996008 
4.517172 4.855168 3.544608 3.463156 3.060560 3.802312 4.838915 3.780277 2.587484 3.560398 
4.879331 5.831372 4.880954 3.773403 3.097528 4.779207 5.502444 3.446052 1.984913 4.386199 
4.113956 5.246536 3.771839 2.753296 3.267955 3.448862 4.368874 2.968661 1.998702 3.090280 
3.617093 3.608476 3.477427 3.214685 2.973714 3.783511 4.267948 2.581022 2.159969 2.521993 
3.952627 4.086231 2.720833 3.206311 1.896296 3.829352 4.291829 2.207772 2.136126 3.584771 
5.653061 5.355723 4.529863 3.557988 3.408717 4.433733 5.459850 3.594690 2.025112 3.670521 
4.143592 5.074175 3.255166 3.964950 3.089125 3.839015 4.788119 3.109395 2.029920 4.171092 
4.125549 4.374485 3.275598 3.225115 3.359074 3.270330 4.389489 3.347323 2.506378 4.015507 
5.101992 5.745418 3.853119 3.049666 3.666351 4.514952 6.269085 2.942831 1.992654 4.006417 
4.201660 4.858854 3.009057 3.529649 3.438765 3.558705 3.958489 3.065328 1.626633 3.441609 
4.279657 5.017051 3.833355 3.324412 3.855194 5.261525 4.732535 3.056694 2.212607 4.548072 
4.905356 5.295050 3.466833 2.957270 3.748876 3.819981 5.221312 3.068251 2.458981 3.964155 
