15 10
5.326635 4.081445 4.834013 6.050733 4.765794 3.836348 3.768666 4.864772 4.723290 3.906085 
4.483696 3.252675 3.064534 4.371272 3.093629 2.802931 3.499052 3.416099 4.198974 3.986921 
4.031000 3.540368 3.628836 5.000509 3.979566 3.655342 3.569968 4.787500 4.142775 4.056876 
4.298572 3.645164 3.027092 5.299014 4.283847 3.182482 2.940548 4.179624 5.055782 4.306961 
4.211407 3.434994 3.987198 5.725170 3.928298 4.352160 3.592814 4.565156 4.881495 4.249789 
4.495583 3.039401 4.175763 3.927630 3.326147 3.708060 3.765068 3.955662 4.022632 3.936055 
4.036935 2.533586 2.731826 3.830549 3.707627 3.500523 3.216554 2.067529 3.776520 3.012896 
4.263003 2.093195 3.002205 4.443173 3.158849 3.481846 2.535473 3.470602 4.670215 3.779473 
5.437390 3.376724 4.520973 4.661467 4.736783 4.041152 3.940995 5.021510 4.187421 4.302421 
4.854454 3.353116 3.363964 4.779198 3.871207 2.817878 3.160821 4.413752 4.453110 4.323445 
4.717639 3.188072 3.626836 4.617400 3.718694 2.805767 2.714204 4.106261 4.433440 4.164810 
4.837430 4.407040 3.795786 5.610061 4.788086 3.469503 4.322135 4.436565 4.620258 4.207936 
3.958424 3.087918 3.594308 4.459782 4.554097 3.071388 2.669097 4.637651 3.501385 3.933683 
4.137231 3.364301 3.103886 5.182552 5.092700 4.131035 2.644331 4.365286 4.405650 4.840676 
4.776508 3.267209 3.522721 4.779146 4.317348 3.839041 3.688258 4.345585 4.539327 4.718179 
