15 10
4.336371 5.949491 3.766977 4.300463 2.942289 4.451236 4.680235 2.898855 2.180442 4.360586 
4.048387 4.005575 2.836377 2.267587 2.217955 2.988933 3.721302 2.234923 2.271715 2.938037 
4.229628 5.223815 4.498881 3.591538 3.917507 4.408262 5.000725 3.469007 2.868440 3.649790 
4.353830 4.394562 3.851651 2.962320 3.379385 3.894779 4.152370 3.248847 2.809138 3.783584 
4.329114 4.316733 4.541359 3.782492 3.409683 5.254035 4.996175 3.192017 2.404430 3.573176 
5.448769 5.398925 4.716025 3.077210 3.159933 3.914261 5.239710 2.674522 1.932543 3.710953 
4.498511 4.799027 4.109659 3.715484 3.477823 4.476589 5.546084 2.468927 2.534509 3.830996 
5.151932 4.473025 3.598195 3.288496 2.974105 4.246545 5.167510 2.685492 2.824530 3.369496 
6.015269 6.446221 4.789163 3.953225 3.810578 4.815532 6.577948 3.763337 2.261970 4.784330 
3.799482 5.235160 3.461322 3.823328 3.392684 4.238355 4.540137 3.904766 2.121883 4.167542 
4.199572 3.540240 3.540074 3.257638 3.648267 3.381189 3.616408 3.519069 2.511067 2.474554 
4.505639 5.372620 3.914522 3.723778 3.264419 4.823738 5.410564 2.780594 1.884373 4.972264 
3.960005 4.730223 3.290741 3.398921 3.249731 3.614942 4.210769 2.636829 1.880691 4.183129 
5.179766 5.670746 4.387843 3.982204 4.039987 5.223342 5.472510 3.677309 2.886493 4.416270 
4.209474 4.312951 3.096290 2.478391 3.029592 2.899474 3.960510 1.922896 1.831059 3.518409 
