15 10
0.581230 0.230461 0.861088 0.279997 0.775547 0.076509 0.336155 0.396807 0.474710 0.829176 
0.070604 0.438550 0.552942 0.603051 0.637921 0.166525 0.149664 0.338947 0.944119 0.673584 
0.374246 0.919894 0.018530 0.888781 0.725060 0.747710 0.328383 0.922693 0.458621 0.913014 
0.033590 0.319038 0.507821 0.643234 0.894648 0.334567 0.113097 0.838403 0.849972 0.756142 
0.406143 0.284335 0.713645 0.786063 0.767987 0.305054 0.771914 0.629524 0.535552 0.168512 
0.657958 0.363779 0.697748 0.491141 0.206847 0.818879 0.792563 0.865491 0.434101 0.964016 
0.575241 0.499318 0.893456 0.403460 0.043304 0.982049 0.587069 0.216290 0.024434 0.348266 
0.975956 0.813524 0.701185 0.877440 0.153564 0.968970 0.079192 0.064899 0.504360 0.598488 
0.441639 0.234818 0.937290 0.708183 0.718314 0.576622 0.192902 0.678001 0.876484 0.731392 
0.777837 0.022264 0.010893 0.826492 0.128644 0.233483 0.775405 0.535120 0.908249 0.870816 
0.569458 0.301121 0.819740 0.010670 0.220789 0.292098 0.353391 0.517349 0.285203 0.333399 
0.021100 0.298062 0.034268 0.095557 0.453559 0.673764 0.838948 0.255719 0.132704 0.463043 
0.512274 0.825928 0.516160 0.543284 0.465261 0.573739 0.133887 0.852828 0.000133 0.166887 
0.407552 0.136395 0.653330 0.856217 0.089786 0.199702 0.698148 0.823201 0.317961 0.466389 
0.219837 0.814580 0.754127 0.264356 0.506730 0.958198 0.190345 0.016572 0.530108 0.456370 
