15 10
-4.220781 -3.191729 -5.630441 -5.041710 -4.180009 -3.775447 -3.831191 -5.181256 -5.035960 -5.420106 
-3.485276 -3.001752 -3.723611 -4.238539 -3.493627 -3.390463 -2.837874 -3.816640 -3.679988 -4.069284 
-2.591682 -2.873378 -2.915203 -3.884669 -2.876553 -3.395884 -3.139156 -3.605444 -3.010347 -3.612495 
-2.933295 -3.376926 -4.843188 -4.018465 -3.783554 -4.370581 -3.228658 -3.984549 -3.995295 -4.881487 
-3.952892 -2.754192 -4.807006 -4.366742 -3.494495 -3.547022 -3.600800 -4.447974 -3.950495 -4.711056 
-3.176569 -3.613585 -4.727076 -4.193415 -4.006980 -4.056494 -2.930232 -3.778131 -3.858970 -4.354012 
-3.344881 -3.538800 -4.509601 -3.854226 -3.245232 -3.924001 -2.842025 -4.227801 -3.110256 -4.242694 
-3.074451 -3.097727 -4.008450 -4.036131 -3.066491 -3.388979 -2.676579 -3.436538 -3.880215 -4.544833 
-2.924733 -2.550645 -3.528201 -3.572658 -2.536064 -3.623850 -2.959358 -2.895630 -3.299735 -3.826515 
-3.220113 -3.561013 -4.412592 -4.593042 -3.500854 -3.690648 -2.828704 -4.097252 -3.860986 -3.825635 
-3.880015 -4.359893 -5.480357 -5.455122 -4.507036 -5.074944 -3.169581 -4.832257 -4.590768 -5.241838 
-3.739980 -3.944627 -5.025299 -4.648985 -3.719267 -5.017595 -4.046225 -4.439361 -3.780448 -4.614638 
-3.259712 -3.531622 -4.313771 -4.291036 -3.827555 -4.570536 -3.372584 -4.921711 -3.445108 -4.639469 
-3.225889 -3.415027 -4.487725 -3.824038 -3.383629 -4.137136 -2.993854 -3.476751 -3.195262 -3.588064 
-3.259204 -3.335818 -4.001761 -4.353161 -3.958634 -4.154205 -3.025585 -4.327863 -3.870231 -4.962867 
