15 15
1.785058 3.395092 2.831631 2.352830 1.999033 2.171445 2.494414 2.815090 1.861904 1.719269 2.029440 2.641062 2.360929 3.114719 1.960859 
1.629559 3.076164 2.138727 2.360582 1.843654 2.383755 2.715284 2.683767 2.008700 1.718012 1.853550 1.798005 2.454498 2.948844 2.420429 
1.970624 4.005648 2.739359 3.551876 3.237042 3.148619 3.492556 3.524088 2.522865 2.688093 2.634160 2.442943 2.943540 3.701241 3.337111 
1.690614 3.719385 2.301294 2.603150 2.454465 2.501458 3.236414 3.171033 2.290437 2.065794 2.214401 2.182897 2.687076 3.539734 2.831003 
1.624894 3.582846 2.578564 2.560533 2.247402 2.441084 2.666026 3.008038 2.149593 2.070777 2.602399 2.553524 2.396374 3.244908 2.365655 
2.071069 4.009544 3.160812 3.879993 3.068994 3.012761 3.009691 3.563524 2.544102 2.390093 2.550059 3.022672 2.866495 3.575404 2.285361 
1.903557 2.693761 2.317261 2.685387 2.112928 2.617115 2.187742 2.544200 1.789794 1.676077 1.965855 2.361004 2.047049 2.565227 1.560072 
2.313195 3.368699 2.912043 3.415055 2.741504 3.185345 2.906037 3.207190 2.229753 2.271274 2.357284 2.527519 2.642052 3.536370 2.497753 
2.124144 4.153748 2.925556 3.147554 2.788875 2.926145 3.433200 3.636072 2.540937 2.271820 2.575660 2.805985 2.957681 4.078218 2.774488 
1.149493 3.252089 2.775546 3.477392 2.472589 2.036569 2.025339 2.807248 1.781626 1.922025 2.169899 2.022253 2.078748 2.775864 1.901002 
1.372914 2.397065 1.904199 2.013131 1.476114 1.772262 1.926655 2.229033 1.789762 1.418610 1.464694 2.151214 1.918942 2.389095 1.266645 
0.866542 2.012985 1.590397 2.164559 1.439631 1.902774 1.744043 2.055304 0.979822 1.013304 1.526311 1.388777 1.402824 1.628801 1.448177 
1.691022 2.880095 1.873560 2.161885 2.258199 2.260262 2.566226 2.513305 2.196963 2.143252 1.968741 2.250179 2.231144 2.904231 2.242178 
1.521482 3.070312 2.281560 2.428548 2.307845 1.853127 1.853408 2.212374 2.012647 1.981391 2.026161 2.204713 2.004317 2.491350 1.605234 
1.987637 2.823703 2.129139 2.693284 1.862558 3.109520 3.027284 3.004696 1.976038 1.630420 1.921351 2.051510 2.527053 3.025654 2.395648 
