15 15
2.636288 1.893821 2.133223 2.550094 2.589343 2.182465 2.548693 2.243983 2.947560 1.267100 2.637425 2.447128 1.865454 2.123836 2.771686 
2.408129 1.981816 1.759967 2.319954 2.695416 2.234684 2.184353 2.086590 2.962341 1.189570 2.470854 2.541398 1.970315 2.074592 2.698941 
3.222313 3.007766 2.406526 3.220803 3.406337 2.600631 2.676178 2.996151 4.617645 2.557509 2.939844 3.267168 3.062406 2.903043 3.659952 
2.648297 2.087663 2.127661 2.481769 2.949945 2.562494 2.357802 2.401008 3.453516 1.845771 2.805468 2.686057 2.037717 2.769633 2.865238 
2.796027 2.544060 2.620116 2.674262 2.960420 2.376721 2.707756 2.341708 3.677127 1.732252 2.560394 3.024337 2.484373 2.728256 2.903237 
3.216934 2.907787 2.937181 3.133010 3.470827 2.338788 2.675296 3.073794 4.112822 2.699262 3.379048 3.059339 3.102164 2.652860 3.835412 
2.387141 2.006703 2.508711 2.700910 2.590570 1.716173 2.291891 2.297470 3.032306 1.902323 2.084432 2.351267 2.748532 1.735358 2.586688 
3.185435 2.642445 2.633050 3.313197 3.165683 2.434242 2.767869 2.800599 4.125867 1.939400 2.518941 3.272609 3.258237 1.919935 3.400844 
3.163786 2.378612 2.800452 2.995410 3.389679 2.864351 2.844167 2.827648 3.912714 2.096740 3.166577 3.164973 2.583679 2.861853 3.322832 
2.880430 2.835700 2.077439 2.146883 2.930560 1.873198 1.898285 2.546881 3.540916 1.813074 2.811688 2.866540 2.315640 1.944113 3.410147 
1.924692 1.636037 1.875542 1.995576 1.794004 1.605221 1.948739 1.462612 2.331565 1.278853 2.008797 1.899769 1.738338 1.595209 2.231894 
1.972214 1.508239 1.728684 1.756508 2.009970 1.238064 1.618346 1.846123 2.101207 1.418833 1.396102 1.724612 1.752407 1.479461 1.787250 
2.141691 2.153168 2.033702 2.553469 2.145150 1.968753 2.239122 1.786848 3.460351 1.909711 2.021024 2.369905 2.382754 2.268459 2.520310 
2.000094 2.395484 1.983444 2.128568 2.605257 1.601364 1.787911 2.101578 3.186375 1.904382 2.700882 2.246763 2.243422 2.211931 2.888731 
2.718066 1.849180 2.364729 2.901764 2.734859 2.295494 2.632772 2.291012 3.066265 1.508115 2.002334 2.677687 2.638327 1.850605 2.549831 
