15 15
2.646439 4.368246 2.911586 2.726585 2.753370 3.064048 2.550631 3.102841 2.856012 2.676962 2.865131 2.776602 3.107696 3.779688 2.351261 
2.287403 3.355814 2.874055 2.497212 2.700253 2.486518 2.917008 3.221879 2.847188 2.657889 2.237701 2.070777 3.149829 2.978168 2.659773 
2.072830 4.537041 3.562010 3.634568 3.839429 3.360665 4.000808 3.535418 2.870262 3.521851 2.643660 3.078587 3.620857 4.245621 3.823383 
2.271079 4.650078 2.644685 3.341974 2.561832 3.203064 3.995629 3.453876 3.039847 2.221035 2.523426 2.989085 2.969476 4.068704 3.531097 
2.588382 3.749508 2.714702 2.932601 2.702874 2.802435 2.812078 3.597609 3.089006 2.901209 3.439146 3.221401 2.978242 4.118072 2.502925 
2.915942 4.798794 3.826701 4.260509 3.723584 3.014157 3.940764 3.735572 3.212184 2.854233 2.831396 3.309261 3.485367 3.763012 3.111828 
2.656664 2.796726 3.147702 2.987561 2.170461 3.001423 2.609690 2.714298 2.270997 1.974765 2.747198 2.503446 2.861289 3.496688 2.490125 
3.016245 4.252322 3.585664 3.709580 2.762767 3.505488 2.962536 3.883533 2.515916 2.794579 2.888798 2.773394 2.658039 4.512722 3.326484 
2.370768 4.675986 3.065015 3.407368 3.078677 3.319490 4.107400 4.205666 3.136093 3.103450 2.729575 3.497882 3.172034 4.409422 3.259441 
1.189434 4.226215 3.154373 3.940867 3.404068 2.217820 2.305148 3.358919 2.118033 2.461157 2.695153 2.094000 3.066615 3.399573 2.560771 
1.835027 3.153169 2.582562 3.000983 1.990133 1.981639 2.706742 3.196474 2.749313 1.678442 1.747934 2.649875 2.736279 2.916156 1.723046 
0.983916 2.735555 2.106322 2.549635 2.314929 2.496499 2.706884 2.683726 1.421897 1.367342 2.241177 2.374775 2.034906 2.087883 1.866639 
1.852642 2.882696 2.851615 3.105119 2.636299 2.854728 3.254471 2.837855 3.158959 2.329990 2.703130 3.155080 2.913291 3.262797 2.276474 
1.941238 3.275926 2.549285 2.595549 3.192357 2.025597 2.351831 2.733390 2.689031 2.332048 2.475797 2.779921 2.812534 2.825620 2.532082 
2.653752 3.084072 2.996050 3.618288 2.397332 4.042522 3.126316 3.869633 2.682116 1.820139 2.103428 2.818027 2.806715 3.108849 2.439028 
