15 10
2.858708 2.535354 1.649384 1.885422 2.547166 2.043107 2.272531 2.682418 2.330746 2.179414 
3.039283 2.609144 2.103015 3.096769 2.605934 2.420565 2.400676 1.472729 1.809127 2.892824 
2.244792 1.617693 2.583836 1.881870 2.061216 3.015926 2.370357 1.410445 3.033365 2.789993 
3.070018 3.532057 2.360782 1.948581 4.375883 3.760620 2.608518 3.580504 2.509334 3.264765 
3.641670 2.954946 2.055641 3.679780 3.419867 3.060950 3.049832 1.631841 1.887408 3.506240 
2.691337 2.321524 3.134677 2.102351 2.317965 3.467558 2.723534 1.723704 3.306720 3.220416 
2.639397 2.802897 1.847123 2.187289 2.786262 2.736958 2.435318 2.952287 2.337605 2.410430 
2.876714 3.132440 2.428944 3.513425 3.319302 3.432284 2.953322 2.449937 2.392250 3.549137 
3.014668 2.659630 3.363385 3.057396 3.332982 3.531815 3.124548 2.874792 3.672423 3.789211 
2.259253 2.071373 2.247632 1.640738 2.310915 2.357091 1.936819 2.095443 1.774639 2.467929 
2.731195 2.066261 2.237227 2.759207 2.457463 2.837119 2.720990 2.485290 2.037194 3.502444 
3.273246 2.269291 2.384750 2.164118 3.127605 3.425221 2.587045 2.367915 3.240233 2.942617 
3.579234 3.207539 2.066156 2.337376 3.653217 2.959954 2.743127 3.180337 2.500922 2.776300 
3.898787 3.129411 2.443841 3.706897 3.659631 2.517446 2.063484 1.374497 2.423851 3.037473 
2.471011 1.798451 2.574798 3.096290 2.639137 2.204962 2.821071 2.217996 2.959533 3.408641 
