15 10
5.022118 4.009321 6.112262 5.158156 4.455169 4.853178 3.910815 5.128690 4.492908 5.712636 
2.814071 2.772431 3.874521 4.018167 3.579738 3.288284 3.143087 3.325361 4.362378 4.404089 
3.671110 3.414521 4.065417 4.946279 3.873729 4.272475 4.033501 4.995875 4.108107 5.306233 
3.915236 4.180425 4.525958 4.970226 3.965108 4.624963 3.083480 4.384319 4.324498 5.481697 
4.242515 4.067530 4.966565 5.631041 4.951070 4.901567 4.414055 4.938471 4.873287 5.513167 
3.398233 3.323605 4.529344 4.902530 3.393263 4.605911 3.649390 5.009370 4.095588 5.367343 
2.896959 3.258923 4.459122 3.360216 2.625472 3.916355 2.544718 2.486867 2.811345 3.620150 
4.450779 3.378265 4.444149 4.291173 2.403621 4.182837 2.635410 3.169879 3.590885 4.372927 
4.097026 4.072103 6.074814 5.388254 4.582774 5.148400 3.408207 5.557819 4.696655 5.454432 
4.049559 3.353124 4.763304 4.396411 3.604999 4.120378 3.324032 4.275515 4.397587 5.263512 
3.712739 3.052062 4.843299 3.898578 3.566140 3.357000 2.953583 3.848793 4.323647 4.689282 
3.536670 3.981108 4.511848 4.639501 4.477501 4.937283 4.257082 5.164952 3.907958 5.719267 
3.577333 3.776709 4.732921 4.589393 3.802778 4.258339 2.947766 5.376660 3.505007 4.400944 
3.827675 3.189185 5.449257 5.052352 3.772861 3.695147 3.909595 5.468298 4.075268 5.029982 
3.880067 4.176790 5.215703 5.335058 4.148884 5.059746 3.742355 4.739724 4.781546 5.367033 
