15 10
5.246168 3.020444 4.579953 4.768849 4.748092 3.295546 3.567209 4.066796 4.627744 4.465096 
2.705846 2.620236 2.837945 3.491851 2.894076 2.542494 2.089931 2.556032 3.884895 3.492593 
4.180781 3.640916 2.628569 4.904393 4.790916 3.928518 3.148290 4.399837 3.965279 5.015597 
3.370255 3.076996 3.202375 4.383487 4.100056 3.366541 2.955962 3.730029 4.119194 4.193023 
4.443353 3.075272 3.772793 4.637185 4.538909 3.371068 3.585921 4.024011 4.012479 4.279202 
4.407294 3.361031 3.852716 4.970797 3.922275 4.226050 3.913542 4.611887 4.263412 4.531404 
4.691455 3.275021 4.058776 4.390955 3.521803 4.081232 3.708728 3.297375 3.996457 4.103511 
4.840262 3.692740 3.807128 4.952472 3.349580 4.036455 2.813918 3.595537 4.409467 4.530432 
5.511993 3.500342 5.210779 6.087127 5.236366 4.641093 4.138251 5.799616 5.672503 5.538625 
5.090814 2.671832 2.799962 4.482712 4.080528 3.328226 3.867954 4.443849 4.711232 5.002748 
3.621415 2.461488 3.264054 2.989262 3.139325 3.210705 2.973993 3.481249 2.948710 3.554128 
4.689721 3.305145 3.503375 4.399311 5.021801 3.756445 4.212263 4.183848 3.767785 3.966007 
4.001814 3.337542 3.378502 4.830603 4.054539 3.516546 2.691117 4.078247 3.554314 3.549938 
5.384764 3.876021 4.523005 5.788105 4.085281 4.064383 4.369325 4.847046 5.133431 5.002254 
3.332739 2.875184 3.079489 3.830348 3.338004 4.095150 2.810114 2.695767 3.696025 3.305406 
