15 10
5.309600 3.412782 5.206481 5.375294 4.956341 3.724958 3.940201 4.921175 4.510331 4.573360 
3.628102 2.915541 3.210466 4.449109 3.432722 2.753960 3.141685 3.535745 4.232354 3.766980 
4.070833 3.622812 2.912447 5.133036 4.295063 3.917745 3.390113 4.806202 3.850456 4.529414 
3.889129 3.619781 3.235008 5.352430 4.592405 3.297548 3.002167 4.334939 5.082845 4.392793 
4.518412 3.528136 3.893707 5.772327 4.380663 3.720341 3.997716 4.823032 5.191926 4.207874 
4.438390 3.024741 3.959846 4.099354 3.385636 4.249314 3.972834 4.420035 4.069987 4.428925 
3.890538 2.776570 2.860174 3.385879 2.759402 3.529468 2.808872 2.078849 3.382266 3.311248 
4.456488 2.885256 3.369178 4.826966 3.204920 3.635883 2.179533 3.297802 4.238789 3.882029 
4.936984 3.318263 4.738925 5.254815 5.120840 4.268175 3.437899 4.815150 4.958350 4.764092 
5.584723 3.134957 3.341264 4.793418 3.961892 3.029755 3.919751 4.027629 4.830070 4.510087 
4.486747 3.286604 3.830952 3.961241 3.017076 2.756852 2.915055 3.841961 4.097451 3.750213 
4.391742 4.356881 3.717869 5.323835 4.868503 3.758869 4.261544 4.450368 4.472620 4.279338 
4.191558 3.376696 4.059866 4.284257 4.030197 3.551837 2.756608 4.906883 3.303755 3.541743 
4.500062 3.376382 3.702006 5.620141 4.639030 3.361484 3.313152 4.986631 4.315224 4.574819 
4.208794 3.889051 4.250628 4.987569 4.260761 4.607194 3.304159 4.235089 4.706830 4.562927 
