15 10
4.319336 5.280828 4.139445 3.625024 3.132836 4.339846 4.851770 2.955258 1.967483 5.027861 
3.192793 3.668441 2.982309 2.345424 2.557048 2.939962 3.363935 2.354569 2.305095 2.718096 
4.269461 5.306259 3.782492 3.724065 4.233004 4.670665 4.820870 3.487709 2.576121 4.122328 
3.944387 4.369179 4.059567 3.015736 3.687943 4.009845 4.213989 3.404162 2.836201 3.869416 
4.636119 4.409875 4.447868 3.829649 3.862048 4.622216 5.401077 3.449893 2.714861 3.531261 
5.391576 5.384265 4.500108 3.248934 3.219422 4.455515 5.447476 3.138895 1.979898 4.203823 
4.352114 5.042011 4.238007 3.270814 2.529598 4.505534 5.138402 2.480247 2.140255 4.129348 
5.345417 5.265086 3.965168 3.672289 3.020176 4.400582 4.811570 2.512692 2.393104 3.472052 
5.514863 6.387760 5.007115 4.546573 4.194635 5.042555 6.074852 3.556977 3.032899 5.246001 
4.529751 5.017001 3.438622 3.837548 3.483369 4.450232 5.299067 3.518643 2.498843 4.354184 
3.968680 3.638772 3.744190 2.601479 2.946649 3.332274 3.817259 3.254769 2.175078 2.059957 
4.059951 5.322461 3.836605 3.437552 3.344836 5.113104 5.349973 2.794397 1.736735 5.043666 
4.193139 5.019001 3.756299 3.223396 2.725831 4.095391 4.298280 2.906061 1.683061 3.791189 
5.542597 5.682827 4.985963 4.419793 3.586317 4.453791 6.141331 4.298654 2.796067 4.150413 
3.641760 4.934793 3.824197 2.686814 2.973005 3.667627 3.576411 1.812400 1.998562 3.363157 
