15 10
5.214580 5.442563 4.260102 3.908966 3.724984 3.906422 5.389202 2.731809 2.298543 4.500320 
2.769939 4.881554 3.009614 2.762624 3.459356 3.071037 4.181296 2.102383 2.428798 4.158170 
3.996825 5.743299 3.361015 3.463656 4.092173 4.640147 4.613998 3.507368 2.041245 4.468546 
4.107729 4.829785 3.752524 3.516572 3.369118 3.917378 4.900534 3.935592 2.614547 3.646230 
5.186336 5.924514 4.787463 3.820560 3.549893 4.147388 5.907346 3.703928 2.295344 4.344284 
4.056763 5.231876 3.555922 2.925020 3.327444 3.990116 4.576640 3.433034 2.046057 3.583150 
3.470696 3.851460 3.605775 2.770015 2.025489 3.812456 3.860266 2.592342 1.765715 2.820345 
4.146112 4.878292 3.087806 3.590104 1.942367 3.983389 3.935889 2.034972 1.704700 3.687327 
5.152655 5.297262 4.747815 4.151336 3.792774 4.660756 4.956754 3.388330 2.796041 4.132192 
4.873861 4.856016 3.232466 3.979170 3.179810 4.050892 5.547049 2.723272 2.406880 4.357734 
3.894657 4.473017 3.479714 2.568956 2.657456 3.221415 4.590340 3.083023 2.170389 3.600910 
4.656304 5.695259 3.775202 2.763440 3.746768 4.804318 6.208494 2.956634 1.845016 4.077819 
4.434794 5.147632 3.474615 3.354124 2.914865 4.039154 4.046000 3.334560 1.429003 3.049669 
4.642488 5.029132 4.431475 3.762001 3.401524 4.491974 5.401356 3.678039 2.122181 4.282215 
4.337642 5.916892 4.194740 3.165693 3.692289 4.588134 4.837213 2.957755 2.626484 3.808903 
