15 10
4.128606 3.080922 5.964966 4.035952 4.169037 4.064367 3.688877 4.259879 4.407821 5.591879 
2.304488 2.440481 3.380106 3.525868 2.720784 2.612338 2.682420 3.448237 3.373908 4.084359 
3.269022 4.053073 4.443858 5.007285 4.233345 4.502592 3.584724 5.238484 4.002895 4.953350 
2.677122 3.080944 4.294257 4.308435 4.201477 3.729144 3.549762 4.601890 4.060573 4.745355 
3.486231 3.137230 5.444221 4.597483 4.195988 3.875097 4.367744 4.946238 4.200760 4.488348 
4.161518 3.915842 4.707224 4.861588 3.695395 5.142343 4.163902 5.281792 3.651458 5.458243 
3.232280 3.878407 5.153220 4.144363 3.929400 4.889505 3.580575 3.828243 3.749902 4.410236 
4.476695 4.063860 4.745721 5.146005 3.269565 4.770975 3.275642 4.270816 4.052442 5.090960 
4.743218 4.485447 6.248234 6.107223 5.238182 5.953056 4.375107 6.008587 5.697463 6.253832 
3.611502 3.250715 4.353375 4.681695 3.715425 4.252567 3.750879 4.569734 4.728024 5.349671 
3.364818 3.327715 4.451549 3.993554 2.876175 4.011290 3.155013 4.125553 3.347095 3.963959 
2.979676 3.600732 5.192445 3.565243 4.816704 4.721714 3.840537 4.161936 3.895434 4.685291 
3.629421 3.603652 4.581444 4.099887 3.605021 4.008999 3.302905 4.489724 3.183431 3.961116 
4.478549 4.201862 6.100860 6.267183 4.414601 5.037057 4.467750 5.746010 5.089695 6.235445 
3.122106 3.614478 4.200576 3.857966 3.260947 4.408468 2.851977 2.948824 3.292972 3.765845 
