15 10
4.802011 3.422190 6.491529 5.321707 4.955556 3.851956 4.167346 5.578063 5.510670 6.249282 
3.555880 3.440302 4.276553 4.841590 4.131548 3.556988 2.987538 4.155587 4.624107 4.742868 
2.965928 3.793272 2.933733 4.773450 3.601613 4.143594 3.467539 4.528137 3.468968 4.525509 
2.966885 3.695964 5.351009 4.661699 4.678202 4.705148 3.341755 4.822952 4.845267 5.637629 
4.359035 3.038527 5.520651 5.152805 4.262482 3.852076 4.372714 5.077498 4.486047 4.879568 
3.834527 3.977364 5.424824 4.684556 4.213827 4.875373 3.722795 4.643622 4.293071 5.318028 
3.920122 4.038118 5.403057 4.257686 3.288536 4.906050 3.429094 4.444091 3.134690 4.590960 
4.050407 3.911251 4.709635 4.913571 3.220055 4.357949 2.755771 3.501437 4.384575 5.143321 
3.366372 2.785463 4.465491 4.280841 3.254378 4.200472 3.152260 3.573631 4.176219 4.557907 
3.997950 3.583277 4.423485 5.419534 3.629498 3.924131 3.604109 4.632372 4.769235 4.696451 
4.449473 4.661014 6.300097 5.465792 4.727825 5.367042 3.522972 5.349606 4.875971 5.575237 
3.761080 4.242689 5.059567 4.744542 4.172826 5.691359 4.885173 4.695080 3.913152 5.077681 
3.771986 4.357550 4.829931 4.834320 4.292816 5.144275 3.506471 5.774539 3.445241 4.806356 
3.633441 3.551422 5.141055 4.680255 3.473415 4.336838 3.692002 4.299952 3.513223 4.054453 
3.479041 4.150398 4.755888 4.617517 4.465364 5.112403 3.215930 4.344435 4.400339 5.419237 
