10 15
0.127822 0.563051 0.920166 0.768434 0.488611 0.121736 0.147168 0.666720 0.219841 0.425205 0.481757 0.844342 0.218730 0.791171 0.071285 
0.639930 0.304596 0.210306 0.533313 0.130589 0.984045 0.775228 0.454461 0.866497 0.661447 0.220674 0.288154 0.918339 0.418769 0.855089 
0.896488 0.754511 0.608114 0.068380 0.212243 0.593098 0.531262 0.446879 0.689023 0.322383 0.354664 0.908832 0.691453 0.739530 0.094353 
0.427428 0.671103 0.465725 0.199584 0.831110 0.269543 0.087894 0.017031 0.171469 0.597437 0.637734 0.113209 0.115925 0.357523 0.549568 
0.175846 0.939838 0.616700 0.012018 0.323787 0.432004 0.900461 0.861418 0.009024 0.210647 0.749754 0.613861 0.359623 0.949822 0.915525 
0.294898 0.485155 0.203092 0.966572 0.738768 0.930512 0.868151 0.937822 0.169077 0.189618 0.492421 0.283904 0.306056 0.750147 0.522012 
0.058738 0.518088 0.677601 0.832201 0.159873 0.507885 0.056300 0.478774 0.206388 0.208316 0.617389 0.508132 0.302248 0.019577 0.051965 
0.060173 0.789203 0.017316 0.445309 0.731471 0.064098 0.640056 0.569831 0.901622 0.713345 0.319453 0.538875 0.561445 0.755167 0.440909 
0.026660 0.571168 0.226608 0.990495 0.053694 0.659111 0.889265 0.992796 0.709140 0.252696 0.302499 0.052151 0.796099 0.911801 0.691189 
0.550467 0.766495 0.914466 0.794284 0.714390 0.449172 0.347723 0.404135 0.131930 0.270015 0.141789 0.437082 0.469949 0.347754 0.261378 
