10 15
-3.773544 -3.114311 -2.780242 -4.789856 -4.219756 -3.723175 -3.254594 -3.310236 -3.650162 -3.034979 -4.267840 -5.095058 -3.625229 -3.617811 -3.822012 
-4.313550 -3.482747 -3.204231 -4.924668 -5.052232 -4.301160 -3.320922 -3.735944 -3.584577 -3.371822 -4.380991 -5.802145 -3.998940 -4.125301 -4.135370 
-3.230714 -3.187754 -2.720102 -3.657446 -3.952194 -3.649015 -2.437774 -2.794728 -3.270226 -2.747644 -3.080414 -4.494087 -3.809400 -4.194873 -4.019005 
-3.420876 -3.153784 -3.014683 -3.861615 -3.853513 -4.063401 -2.486988 -3.125062 -3.675508 -3.167911 -3.928852 -4.586944 -3.697446 -4.220758 -3.776947 
-4.027147 -3.506001 -2.822482 -4.695278 -4.140679 -4.238493 -2.931037 -3.127680 -3.620416 -2.824969 -3.782838 -4.786619 -3.767479 -3.574873 -4.039712 
-4.211413 -3.785424 -3.086734 -5.309340 -4.238661 -4.349780 -3.199611 -3.332184 -4.429391 -3.558780 -5.087311 -5.743962 -4.409595 -4.836289 -4.646563 
-4.364408 -4.003262 -3.139869 -4.884185 -4.617933 -4.668740 -3.279153 -3.528084 -4.094259 -3.504629 -4.682956 -5.516538 -4.197194 -5.089299 -4.621108 
-2.741648 -2.724489 -3.265834 -3.492110 -2.990776 -3.214531 -2.341440 -3.034008 -3.736965 -2.817542 -2.987078 -3.991939 -3.225298 -4.175735 -3.794521 
-4.294106 -3.250358 -3.106155 -4.752369 -4.429217 -4.192931 -3.448526 -3.503023 -4.134113 -3.198668 -4.305332 -5.276160 -4.118833 -4.273794 -4.262822 
-2.649656 -2.678498 -2.594785 -2.663955 -3.078169 -3.448963 -2.026009 -2.750482 -3.076744 -2.713731 -2.979831 -3.692071 -3.025881 -4.038797 -3.333686 
