10 15
-2.981657 -3.952961 -3.605713 -2.697096 -3.807496 -2.451652 -3.464233 -3.253843 -4.201961 -3.561189 -3.008348 -3.884448 -4.020545 -3.574796 -3.731418 
-4.212923 -4.378898 -4.675610 -4.071097 -4.093273 -3.607210 -4.041590 -3.695659 -5.495278 -3.908956 -3.819683 -4.093321 -4.711890 -3.784046 -4.261838 
-3.728674 -4.200414 -4.200042 -3.027506 -4.664998 -3.049358 -3.956527 -3.485878 -5.258123 -4.496488 -3.946042 -3.962498 -4.981829 -3.749654 -4.060176 
-2.988799 -2.864637 -2.783201 -2.553217 -3.446723 -2.049000 -2.159708 -2.923301 -4.013382 -3.231595 -2.477804 -2.669908 -3.621353 -2.562085 -2.301351 
-4.296283 -3.676618 -5.182470 -3.486366 -4.398107 -2.927139 -3.452708 -4.203640 -5.160559 -3.864038 -3.692550 -3.936038 -4.888482 -3.864089 -4.229547 
-4.988312 -4.347184 -4.480825 -3.699315 -3.665265 -3.107321 -3.805839 -3.796611 -5.429482 -3.743777 -3.915331 -3.959609 -4.462218 -4.344160 -4.740830 
-2.401718 -3.356009 -3.092662 -2.466545 -2.579680 -1.848055 -3.022286 -2.356109 -3.356109 -2.570622 -2.006376 -2.920200 -2.871264 -2.494309 -2.712588 
-3.635978 -3.513019 -3.834164 -3.270023 -3.881389 -2.889873 -3.360242 -4.016511 -4.945869 -3.870994 -3.745615 -3.977651 -4.343035 -3.761125 -3.770959 
-4.275812 -3.978324 -4.850803 -3.833240 -3.399563 -3.199822 -3.942549 -3.765555 -5.220210 -3.463282 -3.488114 -4.183228 -4.184489 -3.873553 -4.725567 
-3.702892 -3.737429 -3.811729 -2.844662 -3.726230 -2.816326 -3.164083 -2.832553 -4.727501 -3.956579 -3.283065 -3.698015 -4.132891 -3.526997 -3.366236 
