10 10
3.592123 3.367377 2.821483 3.619749 3.345477 3.694647 2.259713 2.272533 3.712695 2.602735 
3.400372 4.322942 3.606060 4.676655 4.148790 4.057623 3.384145 3.490861 5.163626 4.565350 
4.170389 3.384177 4.316544 3.827869 3.542694 4.360453 5.832928 4.251466 4.057785 3.962186 
4.318518 3.518044 3.155051 5.109653 4.075012 4.381507 3.470971 3.355818 4.063296 3.269144 
4.491609 4.892395 3.893791 4.085221 4.246083 2.511182 2.427139 2.174520 2.700351 2.352274 
2.958360 1.901009 1.992384 2.868518 2.163192 2.697482 3.312137 2.542500 3.997455 3.121412 
3.983331 3.950727 3.424188 4.084695 4.006516 4.301563 2.730866 3.813126 3.629477 2.892330 
3.390919 4.808343 4.087578 4.888285 4.174910 4.217392 3.971740 3.545971 4.084060 4.309783 
4.871895 2.593906 3.696271 3.487932 3.082135 3.508340 5.361780 4.218654 5.000919 4.107031 
2.374040 2.164192 2.257944 2.528082 2.522505 2.666612 1.715609 1.713128 2.522491 1.989206 
