10 15
4.279481 3.789150 3.199010 4.114644 3.688323 4.248447 3.107112 2.490031 4.611584 3.373379 3.562922 5.139187 4.518232 4.909092 4.428119 
4.139057 4.086912 4.360743 5.196627 5.224691 5.012786 3.430603 5.094006 3.927362 4.454954 5.125374 6.366408 4.346391 4.772798 4.241396 
5.124659 3.988741 3.686484 5.482277 4.113976 4.430426 3.994567 3.713424 4.154235 3.579824 5.474909 5.453228 4.744699 4.855807 4.929851 
2.645959 2.836032 2.199676 3.057028 3.124417 3.717164 2.133713 2.017708 2.902757 2.367909 2.840628 3.658663 3.064700 4.586834 3.932693 
4.553245 4.939363 3.672543 4.359402 4.696601 4.977563 3.634140 4.646906 3.953651 2.965209 4.218622 5.359099 4.103944 5.761224 4.251151 
4.792084 4.456991 4.269651 4.348459 5.237028 5.746324 3.135163 4.059469 3.653998 3.669336 4.389473 5.382883 4.347831 5.454910 4.476404 
2.390143 2.281455 2.690325 3.272597 2.584524 2.997555 1.814294 2.501690 3.520570 2.531693 2.459684 4.186976 3.491172 4.481297 3.533366 
4.614259 4.479166 3.577722 4.424302 4.761321 4.744242 3.315576 4.152814 4.152411 3.710378 4.638135 5.736797 4.255619 4.636285 5.247322 
4.552040 4.354308 3.933278 5.171211 5.316056 5.175141 2.731352 5.000978 3.996278 4.014570 4.151484 6.350282 4.389815 5.266998 4.734521 
4.402102 3.658609 2.623613 4.199485 4.259810 4.091509 2.630586 2.980529 3.821287 3.072363 4.331418 4.665348 3.670600 5.122670 3.958764 
