10 15
5.558017 3.923060 4.052573 3.699463 2.117289 3.013871 4.819334 3.259127 4.750933 5.512099 3.631567 4.255244 4.695541 3.392304 2.521410 
4.276351 4.912153 5.961089 4.309185 3.367829 4.563000 4.868214 4.629782 5.446042 4.980812 4.966488 3.288057 4.300588 5.062122 3.299182 
5.308170 4.571035 4.844695 4.491374 2.748151 3.542126 5.341081 3.593549 5.430441 4.689441 5.142810 4.010851 5.285532 4.409538 2.854843 
3.608005 3.446352 2.967721 3.058899 2.970424 2.853424 3.068317 2.829230 3.653535 3.932993 2.746436 3.316700 3.231429 2.821663 2.668894 
5.400510 5.682625 4.120835 4.215133 3.303208 3.356875 5.204512 4.383994 4.962194 5.181226 4.881369 4.207445 3.611317 4.854197 2.492642 
5.597732 4.687181 5.499747 4.161026 3.257995 3.680829 5.008687 4.705893 4.218660 5.690470 4.608376 3.187028 3.738624 4.510191 3.702110 
3.255834 2.962994 3.510124 2.905092 1.448029 2.291028 3.180710 3.181262 3.978962 4.147729 2.345454 3.042050 3.030141 3.254409 2.556643 
5.817537 4.678308 4.416355 4.218602 3.056974 3.479144 4.826991 4.628285 4.550564 4.751961 4.444249 4.122470 4.741270 3.683819 3.938571 
5.154388 4.418410 4.779669 4.709338 2.985536 3.338594 4.537112 4.561808 5.100239 5.190838 5.036558 3.491572 3.825085 5.153356 4.279441 
4.935314 3.644665 4.205562 3.545849 3.153592 2.798409 4.249191 3.922759 4.834497 5.286064 3.967170 3.596577 3.707724 3.739930 2.833174 
