10 15
3.665830 4.716893 3.046674 2.111207 2.709653 3.027964 4.018604 2.425803 1.763770 3.077988 4.405235 4.791053 3.763421 3.618326 3.218008 
4.163083 5.025351 2.802717 1.731575 3.157603 4.547838 5.068181 3.722247 2.784382 3.488224 4.030594 4.876933 2.570979 1.840948 3.380464 
2.743934 3.008242 2.225687 1.971061 1.719863 2.649733 3.328660 2.205824 1.847426 2.735356 3.938339 4.869759 3.350051 3.430804 3.065542 
4.214704 4.807875 2.813649 2.327042 3.071743 4.309628 5.009137 3.739569 3.596810 2.493184 3.938050 4.377541 2.593387 2.118754 3.528406 
2.855863 3.657618 1.989283 1.810711 1.869169 2.340731 3.643145 1.508410 1.068732 2.454005 3.229944 4.583626 3.246965 2.970975 3.438633 
3.307737 3.982740 2.464719 2.179724 3.235905 4.028268 5.012880 3.624040 3.723421 3.314717 3.741968 4.503650 2.718820 1.956162 2.784486 
3.949710 4.473930 3.186415 2.248943 2.415255 3.019778 4.276480 2.415103 1.993889 3.171750 0.000000 0.000000 2320953102413963460608.000000 0.000000 0.000000 
0.000000 0.000000 0.000000 0.000000 0.000000 0.000000 0.000000 0.000000 0.000000 0.000000 0.000000 0.000000 0.000000 0.000000 0.000000 
0.000000 0.000000 0.000000 0.000000 -nan 0.000000 0.000000 0.000000 0.000000 0.000000 0.000000 0.000000 0.000000 0.000000 0.000000 
0.000000 0.000000 0.000000 0.000000 0.000000 0.000000 0.000000 0.000000 0.000000 0.000000 0.000000 0.000000 0.000000 0.000000 0.000000 
