10 15
5.766567 4.151917 4.295620 3.727673 1.916313 2.881157 4.621294 3.350099 4.741552 4.916102 3.746827 4.220576 4.196047 3.238506 2.937517 
4.654629 5.113809 5.170189 5.265376 3.114871 4.159592 5.558413 3.983236 6.336355 4.128466 4.563420 3.509480 5.190947 4.567229 3.942745 
4.734048 4.211044 4.959013 4.842114 3.302290 3.981987 5.528150 3.579462 5.663157 4.531114 4.939963 3.776235 4.919883 4.123937 2.658600 
3.669171 3.641289 3.118865 3.099167 3.007661 2.311453 2.940948 3.466966 4.606716 4.111695 3.048954 3.492155 3.321101 2.747580 2.363305 
5.680290 4.710371 4.491405 4.531156 3.083722 3.513787 5.259842 4.066417 5.251885 5.121431 4.110978 4.302268 3.606171 4.820267 2.421027 
5.764649 4.293140 5.746391 4.469807 3.004872 3.307944 4.891123 5.139362 4.704676 6.068643 3.775237 3.677163 4.377999 4.469352 3.521206 
3.901946 3.751403 3.746936 2.668251 2.143190 2.062817 3.642138 2.969296 3.582229 3.923429 2.805819 2.967379 3.178526 2.672656 2.530045 
4.989797 4.367841 4.486715 4.232464 2.551607 3.325004 4.068690 3.815499 4.932873 5.063479 4.733152 3.519808 4.236830 4.376545 3.591066 
5.375781 4.720640 5.048147 4.197203 2.879480 3.705451 4.977492 4.133782 4.956353 4.621793 4.912432 3.637821 4.185381 4.797785 4.078163 
4.721654 3.564163 4.016033 3.742590 3.076990 2.741750 4.260774 4.286194 4.518423 5.233223 4.165866 3.649376 3.794119 3.276936 3.245502 
