10 15
3.719945 3.930428 3.741649 4.388183 3.834088 3.816383 2.406881 2.939253 3.932536 3.027940 3.882129 5.167284 3.824790 5.467826 4.220075 
4.697553 3.688741 3.701167 5.696939 4.695939 5.154434 4.159405 4.771005 4.694366 4.204141 4.581127 6.121082 5.169805 4.476554 4.817275 
5.215006 4.272555 3.763165 5.178033 4.287255 4.974605 4.002233 3.802697 4.752319 3.591527 4.846273 5.801227 4.585244 4.824751 4.340436 
2.938610 3.098242 2.640245 2.899935 3.183384 3.227903 1.988903 2.009415 3.039987 2.760629 3.335216 3.425346 2.658425 4.354978 3.670980 
4.159177 4.890565 4.040888 4.096713 4.330303 4.733567 3.631327 4.674544 3.638501 3.102977 4.140673 5.422204 4.447201 5.838107 5.090435 
4.512290 4.456895 3.749063 5.050632 5.048551 5.802407 3.462057 4.634093 3.657009 3.271753 4.000761 5.645684 4.524710 5.751066 4.629043 
2.432778 2.682280 2.935545 3.360283 2.682378 3.174497 1.771909 2.191902 2.728879 2.197522 3.006623 3.958337 3.200245 3.516945 2.779094 
3.739604 4.410283 3.333587 4.737927 4.805325 4.289840 3.098548 3.842985 4.638548 3.779637 4.479723 5.441700 4.095277 5.131491 4.729900 
3.963920 4.583500 3.970477 5.358622 4.644055 5.380307 3.577879 5.317266 3.951085 3.669261 3.715228 5.566113 5.148889 5.488130 4.431975 
4.283994 4.108725 3.323601 4.689366 4.127671 4.361178 2.836267 2.839420 3.259904 2.892358 3.739470 5.069310 3.964380 4.873680 3.794570 
