10 15
4.488031 4.018007 3.442057 4.142854 3.487347 4.115733 2.909072 2.581003 4.602203 2.777382 3.678182 5.104519 4.018738 4.755294 4.844226 
4.517335 4.288568 3.569843 6.152818 4.971733 4.609378 4.120802 4.447460 4.817675 3.602608 4.722306 6.587831 5.236750 4.277905 4.884959 
4.550537 3.628750 3.800802 5.833017 4.668115 4.870287 4.181636 3.699337 4.386951 3.421497 5.272062 5.218612 4.379050 4.570206 4.733608 
2.707125 3.030969 2.350820 3.097296 3.161654 3.175193 2.006344 2.655444 3.855938 2.546611 3.143146 3.834118 3.154372 4.512751 3.627104 
4.833025 3.967109 4.043113 4.675425 4.477115 5.134475 3.689470 4.329329 4.243342 2.905414 3.448231 5.453922 4.098798 5.727294 4.179536 
4.959001 4.062950 4.516295 4.657240 4.983905 5.373439 3.017599 4.492938 4.140014 4.047509 3.556334 5.873018 4.987206 5.414071 4.295500 
3.036255 3.069864 2.927137 3.035756 3.279685 2.769344 2.275722 2.289724 3.123837 2.307393 2.920049 4.112305 3.639557 3.899544 3.506768 
3.786519 4.168699 3.648082 4.438164 4.255954 4.590102 2.557275 3.340028 4.534720 4.021896 4.927038 5.134135 3.751179 5.329011 4.899817 
4.773433 4.656538 4.201756 4.659076 5.210000 5.541998 3.171732 4.572952 3.852392 3.445525 4.027358 6.496531 4.750111 4.911427 4.533243 
4.188442 3.578107 2.434084 4.396226 4.183208 4.034850 2.642169 3.343964 3.505213 3.019522 4.530114 4.718147 3.756995 4.659676 4.371092 
