10 15
3.169124 2.566362 2.659701 3.927479 2.995554 3.311439 2.568086 3.406155 3.943924 3.728765 4.710657 3.045644 3.406381 4.314833 4.111288 
3.067083 3.439344 3.896195 3.797531 3.888073 4.319970 3.484378 3.386644 4.506842 3.816064 3.392577 3.454845 3.567189 3.926430 3.718511 
2.707735 2.222623 2.462886 3.251128 2.478357 2.241523 1.874963 2.726630 2.894795 2.961552 4.621139 2.789066 3.196810 4.315067 4.113914 
4.148520 3.708319 2.969132 4.414636 4.295961 4.445943 2.532577 3.738394 4.476030 3.927397 4.207951 3.321836 3.273454 4.420050 4.015346 
2.966426 2.143681 2.393577 2.922926 2.361902 1.908371 2.022379 2.869989 3.154954 2.915937 3.924404 2.343292 2.837323 3.978936 3.513646 
3.579847 3.106581 3.448300 3.533255 3.837325 4.708672 2.529259 3.186248 4.076478 4.179596 3.811365 3.233383 3.563851 4.284213 4.283147 
3.463373 3.163839 3.169452 4.248214 3.220324 3.040404 2.724735 3.297376 3.972986 3.463637 0.000000 0.000000 152105982519801509354405888.000000 0.000000 0.000000 
0.000000 0.000000 0.000000 0.000000 0.000000 0.000000 0.000000 0.000000 0.000000 0.000000 0.000000 0.000000 0.000000 0.000000 0.000000 
0.000000 0.000000 0.000000 0.000000 -nan 0.000000 0.000000 0.000000 0.000000 0.000000 0.000000 0.000000 0.000000 0.000000 0.000000 
0.000000 0.000000 0.000000 0.000000 0.000000 0.000000 0.000000 0.000000 0.000000 0.000000 0.000000 0.000000 0.000000 0.000000 0.000000 
