10 15
-0.895908 -0.650630 -0.620574 -0.523105 -0.141870 -0.421086 -0.649359 -0.308470 -0.889508 -0.174647 -0.277810 -0.781577 -0.412678 -0.078639 -0.695436 
-0.459712 -0.904423 -0.078982 -0.989192 -0.406383 -0.438989 -0.736625 -0.130916 -0.989806 -0.059914 -0.361853 -0.754903 -0.985284 -0.220120 -0.922773 
-0.232019 -0.110706 -0.645751 -0.723364 -0.593103 -0.488780 -0.710665 -0.343519 -0.323655 -0.152353 -0.780453 -0.326217 -0.485259 -0.484985 -0.487525 
-0.195943 -0.603830 -0.176300 -0.396945 -0.809380 -0.216833 -0.105335 -0.663060 -0.987420 -0.383419 -0.445664 -0.521981 -0.611872 -0.515296 -0.505692 
-0.849694 -0.016382 -0.618925 -0.590730 -0.470599 -0.832912 -0.958604 -0.516203 -0.613865 -0.013084 -0.057312 -0.645579 -0.011220 -0.839009 -0.004626 
-0.741609 -0.091210 -0.970324 -0.573180 -0.674122 -0.501544 -0.423693 -0.796667 -0.652082 -0.965374 -0.047994 -0.511238 -0.768552 -0.413152 -0.188469 
-0.662215 -0.905672 -0.669193 -0.507674 -0.757180 -0.102732 -0.560113 -0.576596 -0.601346 -0.318187 -0.530815 -0.662100 -0.741560 -0.402176 -0.779639 
-0.107088 -0.547619 -0.331811 -0.145546 -0.182100 -0.364360 -0.098783 -0.066874 -0.797794 -0.955604 -0.766768 -0.231310 -0.217347 -0.952687 -0.610826 
-0.836173 -0.644206 -0.457887 -0.290949 -0.619639 -0.820802 -0.483118 -0.248482 -0.610447 -0.028960 -0.614629 -0.982569 -0.397321 -0.335098 -0.792457 
-0.454915 -0.235877 -0.024949 -0.501144 -0.769927 -0.122844 -0.153625 -0.908679 -0.377239 -0.397179 -0.932433 -0.085919 -0.262564 -0.133750 -0.837900 
