10 15
2.668268 2.971547 3.179385 4.183729 3.233018 3.375398 2.975086 3.903659 3.439510 4.077067 3.938060 3.679243 5.187871 4.464051 3.512504 
4.825226 3.339750 4.400787 3.934343 4.999227 3.474947 3.319107 4.470866 4.233898 3.518832 4.000283 3.500414 4.276345 3.488165 4.745606 
2.290793 2.148541 3.122519 3.049998 2.732990 2.301959 2.514165 2.967857 3.087429 3.170890 3.554531 4.011329 4.772644 4.255486 2.897178 
4.766861 3.423383 3.563289 3.363151 4.296246 3.726916 3.578046 5.242183 4.643657 3.349241 4.629697 3.495334 4.228927 3.820343 4.596333 
2.040729 2.462490 2.553908 2.852523 2.626222 2.777177 1.920666 3.080805 2.731497 3.325065 3.214360 2.942716 4.501666 4.510456 3.258110 
3.792546 3.209059 3.775947 3.957402 3.966791 3.724319 3.911510 5.279883 4.901449 3.238865 4.881921 2.803509 4.331564 3.935741 4.648268 
2.721294 3.285003 3.660090 4.199134 3.749565 3.502625 2.840544 4.038301 3.577902 4.265795 0.000000 0.000000 9968417670417711717050344275968.000000 0.000000 0.000000 
0.000000 0.000000 0.000000 0.000000 0.000000 0.000000 0.000000 0.000000 0.000000 0.000000 0.000000 0.000000 0.000000 0.000000 0.000000 
0.000000 0.000000 0.000000 0.000000 -nan 0.000000 0.000000 0.000000 0.000000 0.000000 0.000000 0.000000 0.000000 0.000000 0.000000 
0.000000 0.000000 0.000000 0.000000 0.000000 0.000000 0.000000 0.000000 0.000000 0.000000 0.000000 0.000000 0.000000 0.000000 0.000000 
