10 15
3.669015 4.374734 3.983240 3.191991 4.150342 3.005452 4.311632 3.471341 5.100850 4.331833 3.170898 4.700693 4.932717 3.807233 4.010747 
4.294357 5.081665 5.545492 4.104098 4.752614 4.449607 4.088016 4.473121 5.594771 4.821216 4.584604 4.626801 4.806815 4.499059 4.541048 
4.534815 4.671111 4.731475 3.400130 4.703962 3.098277 4.480123 3.843484 5.349062 4.807168 4.929342 4.523331 5.832737 4.520240 4.743944 
3.123576 3.273530 2.808357 2.909894 4.218866 2.807804 2.392412 2.948625 4.047621 3.436312 2.620950 3.016434 4.143553 3.151464 3.112632 
4.866197 4.665254 5.430825 3.761073 5.088192 3.603139 4.355982 5.037420 5.484733 3.936917 4.520253 4.486794 4.904848 4.737028 4.305788 
5.563004 4.832435 5.204505 3.963714 4.592510 3.981750 4.347096 4.159809 5.595548 4.330978 4.796464 3.980712 4.591395 4.798151 5.110203 
2.417821 3.473272 3.525043 3.211060 2.641699 2.178998 3.120971 3.144671 4.354188 3.113109 2.076826 3.656971 3.464439 3.478238 3.518825 
4.570806 4.371105 4.095615 3.401707 4.568856 3.408373 4.217326 4.896171 5.361354 4.515080 4.223480 4.811623 5.064822 4.021086 4.729290 
4.890592 4.320300 5.040212 4.636324 4.125258 3.653767 3.985287 4.442063 5.974543 4.061287 4.226869 5.019548 4.221514 4.564222 5.719302 
4.371467 4.053808 4.026207 3.149065 4.572759 2.995829 3.306125 3.377797 5.420814 4.406599 4.016802 3.731135 4.309060 4.123741 3.791808 
