10 15
3.902397 4.736667 5.016585 4.063184 4.380787 3.698528 3.755458 4.044140 5.220416 4.581340 3.887552 4.832078 4.408865 4.270323 3.589486 
4.991020 4.255651 4.982549 4.898234 4.173627 5.079354 5.133399 4.536977 6.956028 4.653911 4.183939 5.318620 5.485725 3.974505 4.472578 
4.507785 4.260142 4.543158 3.521604 3.382616 3.393102 4.112756 3.632418 5.378978 3.433510 3.439707 4.723475 4.738397 4.378160 3.700364 
3.928472 4.239047 4.024816 3.480405 4.462559 3.153443 3.364972 3.931058 5.046178 4.431822 3.956632 4.202611 3.875028 3.778787 3.746164 
4.177907 4.957506 3.873299 2.378935 3.774171 3.237518 4.502662 3.484563 4.424388 4.039563 4.271450 4.006718 4.456106 4.951720 5.418875 
4.082764 5.359865 4.417419 4.393642 5.016209 4.320946 4.638771 4.367439 5.286414 4.799997 4.564214 4.464398 5.169433 5.440023 4.874270 
4.523582 4.809710 5.561311 4.864588 4.725515 4.399791 3.811006 4.829411 6.254361 4.947384 4.839258 5.292683 5.337091 4.330977 3.848604 
2.694071 4.195424 3.255918 3.376897 4.794822 2.162426 3.758030 4.136325 5.091809 3.965006 2.741510 3.731432 4.677986 3.302502 3.731521 
4.499224 4.897518 4.628543 4.727212 4.646202 4.253958 4.956596 4.989052 6.457301 4.628660 4.174379 4.505273 5.572993 4.593215 4.382261 
4.197674 4.396206 4.142119 4.297461 3.487136 3.292230 2.662948 4.189449 4.530983 3.299216 3.047208 3.573667 3.606911 3.773577 3.037383 
