10 15
3.109479 4.516012 4.525879 3.465530 4.296107 2.573388 3.611401 3.920563 4.421802 3.986394 3.490105 4.728790 4.239275 4.365967 3.802703 
4.852853 4.683494 4.885916 4.604410 4.223862 4.591255 4.816818 4.150120 6.361775 4.570403 4.040357 4.381475 5.630229 4.202815 5.116927 
4.625162 4.954925 4.808156 3.095886 4.877241 3.642456 4.487789 3.932757 5.947146 4.818871 4.300706 4.871330 5.673282 4.489184 4.154529 
3.416227 3.535740 3.248926 2.752801 4.277833 2.318543 2.247602 2.940332 4.184851 3.829032 3.115538 2.783117 3.737278 2.919608 2.850919 
4.472129 4.616456 5.799170 3.498384 4.721894 3.359143 4.353169 5.065058 5.169583 4.074685 4.442304 4.549899 5.248105 4.813911 5.145072 
5.283210 4.832339 4.683917 4.665887 4.404033 4.037833 4.673990 4.734433 5.598559 3.933395 4.407752 4.243513 4.768274 5.094307 5.262842 
2.460456 3.874097 3.770263 3.298746 2.739553 2.355940 3.078586 2.834883 3.562497 2.778938 2.623765 3.428332 3.173512 2.513886 2.764553 
3.696151 4.302222 3.851480 3.715332 4.612860 2.953971 4.000298 4.586342 5.847491 4.584339 4.065068 4.516526 4.904480 4.516292 4.211868 
4.302472 4.549492 5.077411 4.823735 3.453257 3.858933 4.831814 4.758351 5.929350 3.715978 3.790613 4.235379 4.980588 4.785354 5.416756 
4.253359 4.503924 4.726195 3.638946 4.440620 3.265498 3.511806 3.236688 4.859431 4.226594 3.424854 4.135097 4.602840 3.874751 3.627614 
