10 15
4.998481 4.064338 4.595212 3.973002 2.263054 2.581807 4.119103 3.708349 4.071885 5.166660 3.950774 4.283341 4.002099 3.951038 2.313366 
4.834847 4.513982 5.301513 4.809497 2.839077 4.704648 5.597016 4.306781 6.213046 4.729999 4.422241 3.042731 5.124002 4.765878 3.875061 
5.398517 4.854849 4.921376 4.187130 2.921430 4.086305 5.348747 3.682822 6.028525 4.701144 4.514174 4.358850 5.126077 4.378482 2.265428 
3.900656 3.708562 3.408290 2.901806 3.029391 2.364163 2.923507 2.820937 3.790765 4.325713 3.241024 3.083383 2.825154 2.589807 2.407181 
5.006442 5.633827 4.489180 3.952444 2.936910 3.112879 5.201699 4.411632 4.647044 5.318994 4.803420 4.270550 3.954574 4.931080 3.331926 
5.317938 4.687085 4.979159 4.863199 3.069518 3.736912 5.335581 5.280517 4.221671 5.292887 4.219664 3.449829 3.915503 4.806347 3.854749 
3.298469 3.363819 3.755344 2.992778 1.545883 2.467970 3.138325 2.871474 3.187271 3.813558 2.892393 2.813411 2.739214 2.290057 1.802371 
4.942882 4.609425 4.172220 4.532227 3.100978 3.024742 4.609963 4.318456 5.036701 4.821220 4.285837 3.827373 4.580928 4.179025 3.421149 
4.566268 4.647602 4.816868 4.896749 2.313535 3.543760 5.383639 4.878096 5.055046 4.845529 4.600302 2.707403 4.584159 5.374488 3.976895 
4.817206 4.094781 4.905550 4.035730 3.021453 3.068078 4.454872 3.781650 4.273114 5.106059 3.375222 4.000539 4.001504 3.490940 2.668980 
