10 15
4.232248 3.896269 4.015869 6.198684 4.987102 4.035795 3.494441 3.984542 4.261846 3.668508 5.454180 6.436578 4.070483 4.619920 4.584206 
4.056250 3.604748 3.698991 4.225470 3.107373 4.929250 3.120192 3.391753 5.033300 3.506189 3.786903 4.885310 5.006153 5.792363 4.969336 
4.711801 4.073084 3.395586 4.099035 3.997851 4.300367 3.688537 3.539417 4.257798 3.344242 3.758786 5.092999 4.129269 4.975741 4.370049 
3.485443 2.917181 2.529987 2.975141 3.635962 3.080550 1.997617 2.512308 2.580004 2.586575 3.042578 3.800397 2.885786 3.592278 3.122723 
4.228070 4.924980 4.197974 4.139357 4.259638 5.505423 3.641117 4.169985 3.702873 3.192785 4.415602 5.166914 4.146581 5.800921 5.232226 
3.590331 3.852963 3.296196 4.756656 4.118878 5.138658 3.422217 3.856306 3.843826 3.104024 3.932380 4.831977 4.142516 5.818299 4.614186 
3.855887 3.749007 3.980979 5.167662 4.328992 4.131423 2.775464 4.257421 4.219137 3.475225 4.377666 5.714956 4.444711 4.006116 3.946730 
4.886820 4.843978 3.579324 5.889853 5.470340 4.898184 4.287299 4.761270 5.360596 4.322498 5.646289 6.530272 4.859330 5.747694 5.260278 
4.342787 4.084902 3.934784 5.417849 4.412350 5.049601 4.051612 4.726004 5.538970 3.805159 4.652348 5.574036 4.996819 6.040337 5.543935 
3.457875 3.721122 3.608075 4.053400 3.851716 4.342163 2.672033 3.141467 3.543091 3.206046 3.404879 4.135668 3.552982 4.478648 3.887031 
