10 15
4.326723 4.540587 5.351132 4.340304 3.249906 3.514131 4.914039 4.117268 4.910626 4.892989 3.920574 3.923066 4.428203 4.230053 2.573248 
5.422581 4.631997 5.718762 4.806831 3.151900 4.592853 5.814163 4.297732 5.725045 5.599383 3.822194 3.454821 5.420019 4.378190 4.222503 
5.307015 4.289842 4.749809 3.328330 2.399813 3.154029 4.179973 3.729125 4.506205 4.631510 3.431582 3.580029 3.887780 4.315458 3.060632 
4.716868 4.011897 4.676300 4.285756 3.359335 3.361244 4.029624 3.538127 4.412952 4.935763 4.368967 3.173719 4.000562 3.554431 3.043088 
4.621039 4.361132 4.787624 3.509357 2.377449 3.233891 5.253854 4.264805 3.941084 4.179552 4.043755 3.484185 4.231556 4.786832 3.653210 
5.275729 4.129169 4.970004 5.229018 3.258931 4.706546 5.681515 5.044604 5.436923 4.879168 5.084515 3.847869 4.874093 4.729678 3.424527 
5.345756 4.887289 5.556926 5.209878 3.432056 4.120911 5.022328 4.681006 5.416608 5.898461 4.914610 4.433792 4.890659 3.798143 3.072499 
3.982581 4.561419 3.350446 3.747818 2.793549 2.589612 4.007491 3.234910 5.404083 4.103639 3.883204 3.371731 4.077249 3.980875 2.486643 
4.670550 4.982860 5.281189 5.301935 3.132003 4.246810 5.864726 4.662961 5.907968 5.318138 3.776320 3.634254 5.131115 4.690890 3.217285 
4.429717 3.923852 4.429492 3.824177 3.083671 3.104142 3.576668 4.121068 3.429967 4.555808 3.298912 2.570704 3.429566 2.727686 2.680045 
