10 10
3.774575 4.173616 4.096419 3.294750 3.892176 3.576792 3.608290 3.377420 5.000575 4.156135 
3.405795 3.987736 4.190135 3.479152 3.518201 4.351090 3.951055 4.772243 4.364921 4.043038 
4.095309 4.358171 4.082516 6.089531 3.992464 3.963265 5.030466 4.567386 3.555736 3.617489 
3.611297 3.505631 3.935044 3.453224 3.170373 2.800004 3.581494 3.185539 4.689955 3.111127 
3.085043 3.814643 4.046944 3.638630 3.606011 3.501044 3.567944 3.559091 3.280821 3.631449 
2.883900 3.277078 3.914027 4.874709 3.834385 3.318898 4.089402 3.759103 3.421264 3.196596 
4.002061 4.017668 3.256599 2.366917 3.450384 2.805514 3.602201 2.623145 4.415364 3.828916 
3.521696 3.392857 4.096483 4.001898 4.503350 3.787866 4.874710 4.214327 3.427070 4.277441 
3.390434 3.770620 3.429617 5.117337 4.610379 4.071793 4.180494 4.863377 4.689876 4.352258 
4.464844 4.291622 4.883710 4.032387 4.565642 3.891906 3.754706 4.350637 6.047973 4.739068 
