10 15
3.901366 3.677362 3.700408 5.558290 4.708367 3.844911 3.401762 3.976956 3.870003 3.460184 4.749597 5.939400 3.843959 4.408982 3.893297 
4.953480 3.787343 3.414537 5.457981 5.182821 5.285205 4.096150 4.190405 4.451074 4.033269 4.601665 6.090299 4.917279 4.544070 4.990459 
4.127202 3.942265 3.328216 3.725826 4.164437 4.242113 2.969036 3.241607 3.959249 3.070027 3.435078 5.402919 4.500853 4.934403 4.113358 
3.848304 3.824887 3.480408 4.061199 4.684623 4.332944 2.574882 3.142093 3.846977 3.765348 4.566586 4.700153 3.813371 4.578281 4.326515 
4.202993 4.445839 3.439182 4.707296 4.464466 4.670497 3.831498 3.989098 3.629440 3.035616 4.532592 5.400480 4.127102 4.524695 4.955237 
4.506311 4.270579 3.289826 6.275912 4.977429 5.280292 4.067762 4.270006 4.598468 3.748398 5.579732 6.027866 4.715651 5.586436 5.168575 
4.423146 4.521350 3.817470 5.716386 4.777806 5.176625 3.335453 4.006858 4.300647 3.712945 5.300345 6.024670 4.499442 5.108876 4.673073 
2.801821 3.513692 3.283150 3.937419 3.722247 3.278629 2.981496 3.603839 4.638587 3.530887 3.306531 4.530814 3.786743 4.930902 4.235430 
4.320766 3.821526 3.332763 5.742864 4.482911 4.852042 4.337791 4.495819 4.843253 3.451364 4.607831 5.328311 4.914932 5.185595 4.954011 
3.200123 3.444993 3.509251 3.458239 3.792559 3.898135 2.373732 3.154617 3.208674 2.983746 3.121620 4.129153 3.495830 4.386551 3.595064 
