10 15
4.461933 4.595389 4.473946 3.789645 4.235022 4.130592 4.455689 3.594918 5.899464 4.926779 3.568345 4.803981 5.102307 3.711589 3.797530 
4.432524 4.653822 5.642125 4.397922 4.702379 4.937706 4.404597 4.859978 6.189024 4.904724 4.728186 5.563946 4.662311 4.270749 3.896699 
4.417438 3.976328 4.466477 3.825848 3.209337 2.848923 4.105090 3.543145 4.780894 3.421807 4.068343 4.375476 4.897852 4.409216 4.289779 
3.635821 3.976837 3.584247 3.637498 4.403592 3.642704 3.509782 3.939351 4.908948 4.039102 3.462044 4.435928 4.281303 4.010643 4.007877 
4.571975 5.006304 3.504954 2.641624 4.140469 3.481514 4.505475 3.456925 4.739538 3.901795 4.349399 3.943613 4.112849 4.874837 4.579591 
4.362558 5.359961 4.938007 3.691469 5.204686 4.264863 4.311877 3.792815 5.283403 5.197580 4.952926 4.201597 4.992554 5.143867 4.721631 
4.480947 4.408885 5.316091 4.776902 4.627661 4.222849 3.853391 5.139199 7.046052 5.281555 4.292319 5.521322 5.628018 5.295329 4.602876 
3.568726 4.264307 3.500053 3.063272 4.750818 2.616828 3.975058 4.446154 4.605672 3.895747 2.899922 4.026529 4.838328 2.807296 4.248943 
5.087344 4.668326 4.591344 4.539801 5.318203 4.048792 4.110069 4.672764 6.502494 4.973969 4.610635 5.289442 4.813919 4.372083 4.684807 
4.315782 3.946090 3.442131 3.807580 3.619275 3.022561 2.457267 4.330558 5.092366 3.479221 3.639156 3.169705 3.313131 4.022567 3.201577 
