10 15
3.884247 5.082830 3.365519 2.903235 3.138111 3.854523 4.728340 2.487291 1.512744 3.620964 3.955330 5.148955 3.877575 3.426955 3.857421 
4.283220 5.182281 2.484213 2.098367 3.877074 3.802817 4.240483 3.087373 2.862257 2.171382 3.611567 3.873018 2.207423 1.553873 3.099840 
3.646311 4.303823 3.247026 2.952672 3.157715 3.072978 3.963880 2.273304 2.004007 3.124016 4.280233 4.892131 3.656410 2.716757 2.375700 
3.719297 3.451219 2.399170 1.329632 3.213852 4.942670 5.318195 3.883624 2.912943 2.913155 3.447561 4.809716 2.885152 1.783534 3.497093 
4.480808 5.426886 3.927584 3.351613 3.484250 4.097913 5.235897 2.888533 2.415612 4.073610 2.905963 3.589902 2.504548 2.447661 2.803124 
3.279495 3.794392 2.749424 1.723739 2.482413 4.545292 5.017139 3.832691 3.273744 3.124537 4.499427 5.066339 2.608628 1.977830 3.935268 
3.160235 3.649447 2.685586 3.067581 1.738193 2.865101 3.471376 2.024637 1.592015 3.273028 0.000000 0.000000 2320953102413963722752.000000 0.000000 0.000000 
0.000000 0.000000 0.000000 0.000000 0.000000 0.000000 0.000000 0.000000 0.000000 0.000000 0.000000 0.000000 0.000000 0.000000 0.000000 
0.000000 0.000000 0.000000 0.000000 -nan 0.000000 0.000000 0.000000 0.000000 0.000000 0.000000 0.000000 0.000000 0.000000 0.000000 
0.000000 0.000000 0.000000 0.000000 0.000000 0.000000 0.000000 0.000000 0.000000 0.000000 0.000000 0.000000 0.000000 0.000000 0.000000 
