10 15
4.198901 3.977536 4.430966 3.571870 2.761295 3.392395 4.766871 3.450548 4.690785 4.467784 3.438817 3.078724 4.209473 3.438882 2.501963 
4.782651 4.327401 5.508456 4.273518 3.021311 3.608808 5.038935 3.843271 4.858548 4.937936 3.601520 3.166667 4.501680 3.959421 3.367414 
4.410527 3.535331 4.141695 3.259950 2.187570 2.560931 3.648711 3.282246 3.817182 4.309127 3.076918 2.671197 3.196327 3.575928 2.966279 
4.289440 3.340794 4.210575 4.086172 2.528225 3.091701 3.941730 3.521096 4.241483 4.338326 3.731233 3.060510 3.884637 3.196908 2.493520 
4.445193 3.421294 4.170924 3.497339 2.053662 2.801887 4.353393 3.403387 3.932060 3.968905 3.294001 2.870324 3.871933 3.837010 2.737685 
4.980831 3.644014 4.766912 4.262446 2.520163 3.776034 4.813364 4.106782 5.267846 4.689550 4.592094 3.563965 4.568037 3.979531 2.902515 
5.287018 4.369201 4.879325 4.377677 3.272183 3.613026 4.966028 4.202232 5.210220 5.690145 4.297221 3.925660 4.588411 3.778566 3.020534 
3.922408 3.772216 3.333130 3.302509 2.062078 2.525514 3.367435 2.665079 4.502461 3.390294 3.563751 2.832856 3.515804 3.225708 2.045734 
4.643890 4.411692 5.054581 4.311440 3.078309 3.587699 4.975461 3.670165 5.198828 5.065442 3.473821 3.582103 4.335016 3.779089 2.526096 
3.879250 3.157357 3.515026 3.029893 2.369281 2.654970 3.228945 3.716933 3.298037 4.285793 3.157123 2.133622 2.959617 2.379932 2.418667 
