10 15
4.670483 4.824246 4.716993 3.817855 4.034046 3.997878 4.257649 3.685890 5.890083 4.330782 3.683605 4.769313 4.602813 3.557791 4.213637 
4.810802 4.855478 4.851225 5.354113 4.449421 4.534298 5.094796 4.213432 7.079337 4.052378 4.325118 5.785369 5.552670 3.775856 4.540262 
3.843316 3.616337 4.580795 4.176588 3.763476 3.288784 4.292159 3.529058 5.013610 3.263480 3.865496 4.140860 4.532203 4.123615 4.093536 
3.696987 4.171774 3.735391 3.677766 4.440829 3.100733 3.382413 4.577087 5.862129 4.217804 3.764562 4.611383 4.370975 3.936560 3.702288 
4.851755 4.034050 3.875524 2.957647 3.920983 3.638426 4.560805 3.139348 5.029229 3.842000 3.579008 4.038436 4.107703 4.840907 4.507976 
4.529475 4.965920 5.184651 4.000250 4.951563 3.891978 4.194313 4.226284 5.769419 5.575753 4.119787 4.691732 5.631929 5.103028 4.540727 
5.127059 5.197294 5.552903 4.540061 5.322822 3.994638 4.314819 4.927233 6.649319 5.057255 4.752684 5.446651 5.776403 4.713576 4.576278 
2.740986 3.953840 3.570413 3.077134 4.245451 2.462688 3.216757 3.633368 4.987981 4.207265 3.188825 3.423867 4.333888 3.500022 3.901438 
5.308737 4.970556 4.859822 4.027666 5.212147 4.415649 4.550449 4.244738 6.358608 4.404924 4.486509 5.435691 5.174215 4.016512 4.483529 
4.102122 3.865588 3.252602 4.004321 3.542673 2.965902 2.468850 4.693993 4.776292 3.426380 3.837852 3.222504 3.399526 3.559573 3.613905 
