10 15
2.925469 3.445694 4.478861 3.709538 3.928066 4.220884 2.813798 3.669767 3.713949 4.663972 2.902265 3.803580 5.345143 4.121908 4.417387 
4.602000 2.991973 4.314947 4.125990 4.571557 2.981366 3.183283 4.171384 3.667759 3.094772 3.885353 2.904466 3.913616 2.946737 3.738041 
3.048682 3.017564 4.342125 4.176147 3.473886 3.629837 2.791119 3.733980 3.788006 3.828838 3.217115 2.777802 4.389646 4.030087 3.132151 
3.982499 3.463735 3.985292 3.023322 4.426073 4.125429 3.706256 4.253592 5.270093 3.937059 4.457520 3.623526 4.815798 4.122516 5.194414 
3.520894 4.136650 5.116378 4.741566 4.412857 4.570580 3.309949 4.335310 4.259024 4.788365 2.836814 2.220023 3.584305 3.649712 2.499340 
2.875113 2.906397 3.599825 3.578884 3.864784 3.201939 3.548721 4.984865 3.788835 3.996552 4.441857 3.612638 4.064119 3.681454 4.693798 
3.057518 2.792112 4.166677 3.231234 2.858282 3.247956 2.177284 2.707434 3.259222 3.244330 0.000000 0.000000 9968417670417712842950251118592.000000 0.000000 0.000000 
0.000000 0.000000 0.000000 0.000000 0.000000 0.000000 0.000000 0.000000 0.000000 0.000000 0.000000 0.000000 0.000000 0.000000 0.000000 
0.000000 0.000000 0.000000 0.000000 -nan 0.000000 0.000000 0.000000 0.000000 0.000000 0.000000 0.000000 0.000000 0.000000 0.000000 
0.000000 0.000000 0.000000 0.000000 0.000000 0.000000 0.000000 0.000000 0.000000 0.000000 0.000000 0.000000 0.000000 0.000000 0.000000 
