10 15
4.702902 3.366426 3.362579 4.014005 3.757667 2.801449 3.686538 3.492871 3.804714 3.350880 5.154495 3.332524 3.391567 4.231121 4.651341 
3.089657 3.827285 3.743857 3.897408 4.124895 3.597903 2.390493 3.252894 3.946511 3.831824 3.304239 2.776734 3.383516 3.444298 3.294278 
3.882331 2.350970 2.872466 3.560892 3.183655 3.157608 2.830672 3.423067 3.320290 3.616542 3.700621 2.691263 3.697398 4.043903 3.348027 
3.897401 3.375856 3.016435 3.497468 2.709786 3.779919 3.303559 3.532314 5.061436 3.567417 3.549258 3.092804 4.452152 4.205929 3.727347 
4.842136 3.562342 3.586999 4.945135 4.442163 3.757219 3.674878 3.963279 4.526255 4.295143 3.251954 2.101051 2.324115 3.151099 2.837141 
2.461221 2.163639 3.443841 3.013774 3.724212 4.847442 3.353934 3.785375 4.256392 4.022234 3.367170 3.894536 3.441066 3.876575 3.753267 
3.606863 1.782170 2.552833 3.372087 2.989376 2.705613 2.121636 2.890194 3.358787 3.171265 0.000000 0.000000 152105982519801526534275072.000000 0.000000 0.000000 
0.000000 0.000000 0.000000 0.000000 0.000000 0.000000 0.000000 0.000000 0.000000 0.000000 0.000000 0.000000 0.000000 0.000000 0.000000 
0.000000 0.000000 0.000000 0.000000 -nan 0.000000 0.000000 0.000000 0.000000 0.000000 0.000000 0.000000 0.000000 0.000000 0.000000 
0.000000 0.000000 0.000000 0.000000 0.000000 0.000000 0.000000 0.000000 0.000000 0.000000 0.000000 0.000000 0.000000 0.000000 0.000000 
