10 15
4.886259 4.399309 4.808493 4.066765 3.104141 3.946195 5.614270 3.668046 5.589674 5.238428 3.601367 3.894969 5.121645 3.671319 2.781292 
4.864085 5.030168 6.378338 4.306519 3.680652 4.451205 5.085361 4.620733 4.958041 5.850196 4.366441 3.700147 4.596605 4.674434 3.646624 
5.216668 4.006028 4.673128 3.632574 2.226534 2.609850 4.172307 3.639852 3.908121 4.619807 4.060218 3.232030 4.047235 4.346514 3.650047 
4.424217 3.749687 4.235731 4.442849 3.300368 3.850505 4.174434 3.546420 4.275722 4.543043 3.874379 3.407036 4.406837 3.786287 3.304801 
5.015107 4.409930 4.419279 3.772046 2.743747 3.477887 5.256667 4.237167 4.256234 4.041784 4.121704 3.421080 3.888299 4.709949 2.813926 
5.555523 4.129265 5.490592 4.526845 3.447408 4.650463 5.354621 4.469980 5.433912 5.276751 5.473227 3.585068 4.697214 4.433522 3.271888 
5.303121 4.486464 5.311706 5.122192 3.334202 3.943969 5.064713 4.990794 6.208299 6.232632 4.367671 4.662431 5.181586 4.762495 3.826771 
4.857236 4.630302 3.594581 3.434193 2.749545 3.044014 4.224519 3.544739 4.917946 4.034380 4.041616 3.666828 4.237591 3.485669 3.004065 
5.258670 4.753668 5.243990 5.114524 3.804004 4.041644 5.018199 4.346673 5.953161 5.663447 4.212576 4.418423 4.372041 4.469758 3.519831 
4.547825 3.473736 3.729504 3.334296 3.215810 2.834473 3.370987 4.262177 3.991350 4.735813 3.890860 2.166742 3.135786 2.976676 2.844239 
