10 15
4.669452 3.764941 3.400816 5.312961 4.361626 4.144261 3.903953 3.618706 4.539670 3.209626 4.545650 5.876635 4.037907 3.696450 4.517448 
4.773262 4.387170 3.283213 5.913860 5.458615 4.740149 4.057547 3.866860 4.574383 3.431736 4.742844 6.557048 4.984224 4.345421 5.058143 
3.462733 3.298460 3.365853 4.380810 4.545297 4.137795 3.148439 3.138247 3.593881 2.899997 3.860867 4.820304 4.294659 4.679858 4.506530 
3.616819 3.757614 3.190983 4.258560 4.662893 4.280234 2.592323 3.788122 4.662928 3.551330 4.374516 5.108925 4.309318 4.736054 4.282639 
4.876841 3.522383 3.441407 5.286008 4.611278 5.071405 3.889641 3.643883 4.234281 2.838053 3.840150 5.432198 3.778699 4.413882 4.044338 
4.953022 3.876634 4.057058 5.882520 4.912783 4.851324 3.623304 4.128851 5.081473 4.524154 5.135305 6.255200 5.178147 5.249441 4.835032 
5.026623 4.908934 3.809062 5.391859 5.375113 4.771472 3.839266 4.104680 4.695605 3.822816 5.213771 6.178638 4.938754 5.491475 5.400747 
2.848736 3.272108 3.597645 3.637656 3.172876 3.578891 2.440223 3.100882 4.534759 3.773146 3.753846 4.223249 3.442645 5.128422 4.405347 
5.130279 3.894564 3.564042 5.043318 5.048856 5.013733 3.931644 3.751505 4.744560 3.227628 4.919961 6.258729 4.516154 4.608892 5.055279 
3.104571 2.914375 2.619734 3.165099 3.848096 3.571807 2.179634 3.659161 3.453983 3.110910 3.912264 3.777990 3.288445 4.172547 4.171586 
