10 15
5.094809 4.628166 5.051540 4.094975 2.903165 3.813481 5.416230 3.759018 5.580293 4.642431 3.716627 3.860301 4.622151 3.517521 3.197399 
5.242363 5.231824 5.587438 5.262710 3.427694 4.047797 5.775560 3.974187 5.848354 4.997850 3.963373 3.921570 5.486964 4.179541 4.290187 
4.642546 3.646037 4.787446 3.983314 2.780673 3.049711 4.359376 3.625765 4.140837 4.461480 3.857371 2.997414 3.681586 4.060913 3.453804 
4.485383 3.944624 4.386875 4.483117 3.337605 3.308534 4.047065 4.184156 5.228903 4.721745 4.176897 3.582491 4.496509 3.712204 2.999212 
5.294887 3.437676 4.789849 4.088069 2.524261 3.634799 5.311997 3.919590 4.545925 3.981989 3.351313 3.515903 3.883153 4.676019 2.742311 
5.722440 3.735224 5.737236 4.835626 3.194285 4.277578 5.237057 4.903449 5.919928 5.654924 4.640088 4.075203 5.336589 4.392683 3.090984 
5.949233 5.274873 5.548518 4.885351 4.029363 3.715758 5.526141 4.778828 5.811566 6.008332 4.828036 4.587760 5.329971 4.180742 3.800173 
4.029496 4.319835 3.664941 3.448055 2.244178 2.889874 3.466218 2.731953 5.300255 4.345898 4.330519 3.064166 3.733151 4.178395 2.656560 
5.480063 5.055898 5.512468 4.602389 3.697948 4.408501 5.458579 3.918647 5.809275 5.094402 4.088450 4.564672 4.732337 4.114187 3.318553 
4.334165 3.393234 3.539975 3.531037 3.139208 2.777814 3.382570 4.625612 3.675276 4.682972 4.089556 2.219541 3.222181 2.513682 3.256567 
