10 15
3.877565 4.603591 4.226287 3.220201 3.949366 2.872738 4.113592 3.562313 5.091469 3.735836 3.286158 4.666025 4.433223 3.653435 4.426854 
4.672635 5.283321 4.754592 5.060289 4.499656 4.046199 4.778215 3.826575 6.485084 3.968870 4.181536 4.848224 5.697174 4.004166 5.184611 
3.960693 4.311120 4.845793 3.750870 5.258101 3.538138 4.667192 3.829397 5.581778 4.648841 4.726495 4.288715 5.467088 4.234639 4.547701 
3.184742 3.468467 2.959501 2.950162 4.256103 2.265833 2.265043 3.586361 5.000802 3.615014 2.923468 3.191889 4.233225 3.077381 2.807043 
5.145977 3.693000 5.801395 4.077096 4.868706 3.760051 4.411312 4.719843 5.774424 3.877122 3.749862 4.581617 4.899702 4.703098 4.234173 
5.729921 4.438394 5.451149 4.272495 4.339387 3.608865 4.229532 4.593278 6.081564 4.709151 3.963325 4.470847 5.230770 4.757312 4.929299 
3.063933 4.261681 3.761855 2.974219 3.336860 1.950787 3.582399 2.932705 3.957455 2.888809 2.537191 3.582300 3.612824 2.896485 3.492227 
3.743066 4.060638 4.165975 3.415569 4.063489 3.254233 3.459025 4.083385 5.743663 4.826598 4.512383 4.208961 4.560382 4.713812 4.381785 
5.111985 4.622530 5.308690 4.124189 4.019202 4.020624 4.425667 4.014037 5.830657 3.492242 4.102743 5.165797 4.581810 4.208651 5.518024 
4.157807 3.973306 3.836678 3.345806 4.496157 2.939170 3.317708 3.741232 5.104740 4.353758 4.215498 3.783934 4.395455 3.660747 4.204136 
