10 15
5.000334 3.983848 3.716277 5.953355 4.640361 4.335145 3.996632 3.626292 4.931513 3.417950 5.250233 6.373813 4.264431 3.907388 5.208357 
3.876032 4.204575 3.567667 4.681349 3.383167 4.384194 3.081589 3.068208 5.156609 2.904656 3.928082 5.352059 5.073098 5.593714 5.037020 
4.047332 3.429279 3.433223 4.754019 4.378711 4.196049 3.867940 3.436057 3.892430 3.174212 4.184575 4.510384 3.923075 4.721196 4.763221 
3.253958 2.849908 2.240562 3.172502 3.614232 3.027840 2.015058 3.158337 3.395955 2.372557 2.850508 4.209169 3.381733 3.750051 3.078847 
4.901918 4.001524 4.200199 4.718069 4.406450 5.906331 3.699260 3.824770 4.307714 2.995222 3.723160 5.198632 3.798178 5.690108 4.321327 
4.037042 3.459018 4.063428 4.363264 4.054232 4.709690 2.977759 3.715151 4.326831 3.879780 3.487953 5.059311 4.605012 5.481304 4.280643 
4.459364 4.136591 3.972571 4.843135 4.926299 3.726270 3.279277 4.355243 4.614095 3.585096 4.291092 5.868924 4.884023 4.388715 4.674404 
4.933735 4.602394 3.893819 5.590090 4.920969 5.198446 3.746026 4.258313 5.256768 4.564757 6.093604 6.222707 4.515232 5.945214 5.430195 
5.152300 4.157940 4.166063 4.718303 4.978295 5.211292 3.645465 3.981690 5.440277 3.581423 4.964478 6.504454 4.598041 5.463634 5.645203 
3.362323 3.190504 2.718558 3.760260 3.907253 4.015835 2.477935 3.646011 3.788400 3.333210 4.195523 3.784505 3.345597 4.264644 4.463553 
