10 15
5.574672 4.682838 5.518794 4.640019 2.681856 4.158427 5.365790 3.955929 5.931625 4.035584 4.206262 3.916654 4.833867 3.838727 3.709696 
5.005703 5.088898 3.758480 4.778135 2.537846 3.144809 4.662610 3.559514 5.846639 4.702823 4.264989 4.721164 4.401071 3.652359 2.812587 
4.829280 4.201160 4.609578 4.057825 3.244867 3.575090 4.905296 3.388463 5.086947 4.816939 4.684472 2.941611 4.450564 3.794397 2.899309 
3.206612 3.294036 3.807489 3.569810 2.653687 2.277994 3.078316 3.085348 4.344017 3.692608 2.700408 3.020597 3.221372 3.401911 2.395032 
5.897782 4.516363 4.587277 4.377197 3.085280 3.549335 5.267577 4.549816 4.835080 4.945833 3.830875 4.201364 3.633822 4.241548 2.745151 
5.174696 4.106609 4.902571 4.067605 3.300913 3.210107 4.174358 4.643335 5.247343 5.566649 3.508550 4.016854 3.920358 3.789498 2.857800 
5.062851 4.369253 5.149381 4.576053 2.669060 3.267666 5.043145 3.644728 5.090527 4.489777 4.639762 3.374865 5.203893 4.573753 3.206368 
5.482916 5.548410 5.544965 4.986215 3.602267 4.504419 5.490478 4.819381 6.448037 6.458913 5.443793 4.149602 4.954442 4.880644 3.607996 
6.367972 5.158529 5.671244 4.682518 3.412223 4.520838 5.568872 4.565814 5.591433 5.549015 4.707822 4.437369 5.339363 4.168494 3.729081 
4.455802 3.320900 3.460627 3.780825 3.268983 2.813520 3.503723 4.405144 4.214627 4.452872 4.366389 2.666205 3.651629 2.777586 3.206267 
