10 15
4.535061 4.928090 4.877083 4.116106 4.350473 3.880065 4.781934 3.732229 6.133564 4.328687 4.389110 4.926954 5.341374 4.087093 4.686874 
4.007305 5.264088 4.222085 3.897771 5.024653 2.419307 4.176348 3.899140 5.521961 4.171671 3.491093 4.169663 5.694116 3.868237 4.943636 
3.702789 3.908578 5.053112 4.623596 4.733095 3.868331 4.189031 4.098487 5.579831 3.522316 4.353194 4.270512 5.243775 4.020510 3.968910 
3.364377 2.878269 3.181678 3.142635 3.907189 2.467639 2.657056 3.332487 4.945441 2.806130 3.077966 3.612705 3.828420 2.702624 2.850025 
5.628139 4.176867 4.780219 3.574290 4.641432 3.425423 4.552127 4.431215 5.989848 4.373301 4.051899 4.120807 4.842869 5.058217 4.587804 
5.009995 4.168214 4.884189 3.790905 4.735627 2.932393 3.656630 4.223154 5.742798 5.088347 3.405979 3.709326 5.534699 4.299953 4.040508 
3.630439 4.904393 4.525149 3.860253 4.478895 3.274094 4.340615 4.304873 4.951565 3.577546 3.474777 5.127336 4.370552 3.676561 4.722464 
5.255374 5.461314 5.703707 4.512603 5.225789 4.538354 3.909146 4.850053 7.130508 5.943645 5.734382 4.742067 5.772733 5.765703 4.950310 
5.274060 5.807785 4.429332 4.425803 5.264901 4.628790 4.403119 5.040683 6.308282 4.277262 4.393625 5.664527 4.944347 4.423934 4.975856 
3.989499 3.764556 2.795031 3.409433 4.078260 2.678743 2.635098 4.392755 4.905637 4.019422 3.918185 3.155097 3.876392 3.513164 3.900031 
