10 15
0.687358 0.421773 0.377527 0.494895 0.342846 0.553800 0.847399 0.217498 0.898889 0.770644 0.162550 0.816245 0.912172 0.232437 0.279329 
0.081434 0.702767 0.869882 0.033001 0.659341 0.842397 0.046426 0.777462 0.099493 0.912260 0.764921 0.533480 0.094925 0.715013 0.279210 
0.806141 0.470697 0.531433 0.372624 0.038964 0.048919 0.523596 0.357606 0.090939 0.310680 0.983300 0.560833 0.850908 0.770586 0.683768 
0.134777 0.408893 0.025156 0.356677 0.772143 0.758804 0.232704 0.025324 0.034239 0.204717 0.143146 0.346526 0.522200 0.589379 0.811281 
0.569914 0.988636 0.248355 0.274707 0.690085 0.676000 0.903274 0.833780 0.324174 0.072879 0.827703 0.550756 0.016366 0.872939 0.076241 
0.574692 0.485251 0.723680 0.264399 0.927245 0.874429 0.541257 0.363198 0.166066 0.587201 0.881133 0.021103 0.129177 0.453991 0.369373 
0.016103 0.117263 0.432381 0.744515 0.062019 0.330943 0.098685 0.788562 0.998079 0.542487 0.070450 0.736771 0.593175 0.983929 0.806237 
0.934828 0.858086 0.261451 0.131684 0.687467 0.518500 0.857084 0.879660 0.415485 0.644086 0.477865 0.833972 0.721787 0.259961 0.958331 
0.614780 0.341976 0.189409 0.803084 0.725695 0.453945 0.042738 0.676508 0.754333 0.598005 0.738755 0.836320 0.037025 0.690669 0.993735 
0.668575 0.316379 0.214478 0.304403 0.846529 0.179503 0.142042 0.545244 0.693313 0.450020 0.733737 0.033120 0.176169 0.596744 0.425572 
