10 15
-4.678764 -4.032208 -4.898220 -4.116914 -2.539986 -3.737341 -4.716431 -3.647459 -5.042117 -3.860937 -3.928452 -3.135077 -4.421189 -3.760088 -3.014260 
-4.545991 -4.184475 -3.679498 -3.788943 -2.131463 -2.705820 -3.925985 -3.428598 -4.856833 -4.642909 -3.903136 -3.966261 -3.415787 -3.432239 -1.889814 
-4.597261 -4.090454 -3.963827 -3.334461 -2.651764 -3.086310 -4.194631 -3.044944 -4.763292 -4.664586 -3.904019 -2.615394 -3.965305 -3.309412 -2.411784 
-3.010669 -2.690206 -3.631189 -3.172865 -1.844307 -2.061161 -2.972981 -2.422288 -3.356597 -3.309189 -2.254744 -2.498616 -2.609500 -2.886615 -1.889340 
-5.048088 -4.499981 -3.968352 -3.786467 -2.614681 -2.716423 -4.308973 -4.033613 -4.221215 -4.932749 -3.773563 -3.555785 -3.622602 -3.402539 -2.740525 
-4.433087 -4.015399 -3.932247 -3.494425 -2.626791 -2.708563 -3.750665 -3.846668 -4.595261 -4.601275 -3.460556 -3.505616 -3.151806 -3.376346 -2.669331 
-4.400636 -3.463581 -4.480188 -4.068379 -1.911880 -3.164934 -4.483032 -3.068132 -4.489181 -4.171590 -4.108947 -2.712765 -4.462333 -4.171577 -2.426729 
-5.375828 -5.000791 -5.213154 -4.840669 -3.420167 -4.140059 -5.391695 -4.752507 -5.650243 -5.503309 -4.677025 -3.918292 -4.737095 -3.927957 -2.997170 
-5.531799 -4.514323 -5.213357 -4.391569 -2.792584 -3.700036 -5.085754 -4.317332 -4.980986 -5.520055 -4.093193 -3.454800 -4.942042 -3.833396 -2.936624 
-4.000887 -3.085023 -3.435678 -3.279681 -2.499056 -2.690676 -3.350098 -3.496465 -3.837388 -4.055693 -3.433956 -2.580286 -3.389065 -2.643836 -2.368367 
