10 15
-4.870659 -3.501287 -3.675046 -3.204568 -1.774443 -2.460071 -3.971935 -3.041629 -3.852044 -4.741455 -3.469017 -3.438999 -3.783369 -3.159867 -2.242081 
-4.194917 -4.209386 -5.091207 -4.276184 -2.708488 -3.720603 -4.821788 -3.852320 -5.346549 -4.068552 -4.201567 -2.754577 -4.205663 -4.347109 -3.019972 
-4.502029 -4.100338 -4.313262 -4.118750 -2.709187 -3.493207 -4.817485 -3.235943 -5.339502 -4.378761 -4.159510 -3.450018 -4.434624 -3.638952 -2.171075 
-3.473228 -3.037459 -2.942565 -2.702222 -2.198281 -2.094620 -2.835613 -2.803906 -3.619296 -3.728276 -2.603290 -2.970174 -2.709229 -2.232284 -1.857613 
-4.830596 -4.693989 -3.872480 -3.940426 -2.613123 -2.680875 -4.301238 -3.550214 -4.638020 -5.108347 -4.053666 -3.656689 -3.594951 -3.981258 -2.416401 
-5.023040 -4.201930 -4.776067 -3.896627 -2.330750 -2.806400 -4.467430 -4.342695 -4.052594 -5.103269 -3.727243 -3.165925 -3.609447 -4.056200 -3.332737 
-3.239731 -2.845731 -3.077743 -2.160577 -1.386010 -1.960085 -3.082025 -2.392700 -2.980883 -3.605242 -2.275004 -2.305279 -2.436966 -2.270480 -1.750406 
-4.882709 -3.820222 -4.154904 -4.086918 -2.369507 -2.960644 -3.969907 -3.748625 -4.135079 -4.107875 -3.966384 -3.288498 -4.019483 -3.423858 -2.980240 
-4.539608 -4.076434 -4.590260 -3.906254 -2.259841 -2.884649 -4.494374 -3.885300 -4.345906 -4.592833 -4.297803 -2.655252 -3.788060 -4.462687 -3.285706 
-4.266739 -3.328286 -3.991084 -3.241446 -2.307063 -2.618906 -4.107149 -3.377515 -4.141184 -4.836044 -3.233433 -3.563457 -3.531555 -3.143186 -2.407602 
