10 15
4.238680 3.267585 3.367597 4.629772 3.996413 3.035316 3.538574 4.024925 3.607966 3.531156 3.591505 2.614568 3.256785 4.153006 2.707374 
3.400922 2.799240 3.658571 4.129537 4.149381 3.917265 3.011687 2.531698 4.409220 4.429510 2.978784 2.557745 3.348934 3.943923 3.919895 
2.562095 1.796310 2.099501 2.661146 2.583765 2.352995 2.098578 1.988389 2.302484 2.793173 4.649533 2.823159 3.948156 4.557224 3.807873 
4.346533 3.564048 3.063410 4.408962 3.858563 3.791160 2.817724 3.897586 4.505204 3.410793 3.446741 2.780320 3.625105 3.939227 3.581284 
3.734620 2.193588 2.255808 3.234497 3.178603 3.118340 2.874379 3.557061 3.431784 3.888543 5.407209 3.605331 3.800292 5.343184 4.535708 
3.982262 4.233982 3.812498 4.779457 4.406122 4.604993 2.692432 3.256303 4.190942 3.661226 3.567144 3.273568 3.910496 4.267624 4.358001 
3.329302 2.131440 2.864823 3.566485 2.921277 2.978109 2.091173 3.130717 3.199356 3.082048 0.000000 0.000000 152105982519801543714144256.000000 0.000000 0.000000 
0.000000 0.000000 0.000000 0.000000 0.000000 0.000000 0.000000 0.000000 0.000000 0.000000 0.000000 0.000000 0.000000 0.000000 0.000000 
0.000000 0.000000 0.000000 0.000000 -nan 0.000000 0.000000 0.000000 0.000000 0.000000 0.000000 0.000000 0.000000 0.000000 0.000000 
0.000000 0.000000 0.000000 0.000000 0.000000 0.000000 0.000000 0.000000 0.000000 0.000000 0.000000 0.000000 0.000000 0.000000 0.000000 
