10 15
4.806586 4.595259 5.818386 4.885348 3.028597 3.859077 4.863599 4.314179 5.261958 4.286142 4.410209 3.979419 4.639919 4.551259 3.085545 
5.185921 4.489071 3.889804 4.322256 2.262052 3.689865 4.701213 3.883059 5.723330 5.304356 4.123810 4.254415 4.334126 3.851008 2.744903 
5.493749 4.844965 4.571941 3.402841 2.864007 3.679408 4.725893 3.491823 5.452315 4.986969 4.258683 3.524226 4.656758 4.048942 2.506137 
3.438097 3.361309 4.096914 3.372449 2.675417 2.330704 3.060875 2.439319 3.528066 3.906626 2.892478 2.611825 2.725425 3.244138 2.438908 
5.223934 5.439819 4.585052 3.798485 2.938468 3.148427 5.209434 4.895031 4.230239 5.143396 4.523317 4.169646 3.982225 4.352361 3.656050 
4.727985 4.500554 4.135339 4.460997 3.365559 3.639075 4.618816 4.784490 4.764338 4.790893 3.952977 3.789520 3.457862 4.126493 3.191343 
4.459374 3.981669 5.157789 4.900580 2.071753 3.672819 4.539332 3.546906 4.695569 4.379906 4.726336 3.220897 4.764581 4.191154 2.478694 
5.436001 5.789994 5.230470 5.285978 4.151638 4.204157 6.031751 5.322338 6.551865 6.216654 4.996478 4.457167 5.298540 4.683124 3.438079 
5.558459 5.085491 5.439965 5.382064 2.846278 4.359147 5.975019 5.310128 5.690126 5.772751 4.395692 3.506951 5.738141 4.745197 3.627813 
4.551354 3.851518 4.350144 4.073965 3.213446 3.139848 3.697821 3.900600 3.969318 4.325708 3.575745 3.017368 3.859014 2.991590 2.629745 
