10 15
3.766975 4.840511 5.176675 4.361435 4.697214 3.580715 4.279743 4.090479 5.463897 4.579245 4.593057 4.989719 5.147426 4.799625 4.062723 
4.187523 4.664261 4.353409 3.441892 4.748859 2.964363 4.214951 4.222685 5.398652 4.773204 3.349914 3.702914 5.627171 4.066886 4.875952 
4.367258 4.552383 5.015475 3.968612 4.352235 3.972649 4.009628 4.201847 5.945199 3.692346 3.927405 4.853127 5.449969 4.275055 3.575738 
3.595862 2.945542 3.471103 2.945274 3.928919 2.520349 2.639615 2.686458 4.129490 3.020148 3.270036 3.203933 3.332473 2.544851 2.893901 
4.954291 5.100323 4.777994 2.995578 4.494620 3.024515 4.493984 4.776430 5.385007 4.570864 4.744341 4.089089 5.191272 5.169030 5.498703 
4.563284 4.562159 4.116957 4.184297 4.800273 3.361361 4.101088 4.364309 5.259793 4.312591 3.850406 3.481992 5.072203 4.636948 4.374051 
3.026962 4.516809 4.533557 4.184780 3.881588 3.679247 3.836802 4.207051 4.556607 3.467675 3.561351 4.973368 3.931240 3.293962 3.994790 
5.208459 5.702898 5.389212 4.812366 5.775160 4.238092 4.450419 5.353010 7.234336 5.701386 5.287067 5.049632 6.116831 5.568183 4.780393 
4.464547 5.734747 4.198053 5.125349 4.698956 4.467099 4.809266 5.784997 6.406975 4.500998 4.081495 4.734109 5.343125 5.000637 4.874588 
4.085051 4.295174 3.684548 3.702573 4.022723 3.005071 2.829196 3.888211 4.660328 3.892258 3.127541 3.506260 4.083777 3.727168 3.323509 
