10 15
3.520179 3.280657 4.469577 4.296575 3.704311 4.304807 3.543164 4.360064 3.737287 4.738668 3.632921 3.123661 3.611734 4.495057 2.823242 
3.792634 3.696853 4.067431 3.821287 4.610691 3.165274 3.437591 4.306187 3.489357 3.150118 3.662073 2.821150 3.736896 2.947129 3.940575 
2.049286 2.311224 3.259846 2.862736 2.413308 2.864028 2.633609 2.948520 2.446395 2.781424 3.625343 3.138291 5.175605 4.251435 3.134872 
4.018447 3.616685 3.851354 3.634408 4.430703 3.630457 3.035973 4.447874 4.133088 3.175685 3.659881 3.509666 4.141175 3.633317 4.407327 
3.074301 3.287353 3.962477 4.485627 3.217641 4.272592 2.855699 3.988343 3.752179 4.378734 4.338691 4.318559 5.667969 4.788413 4.097032 
5.258076 3.966510 4.069727 4.330494 5.221359 3.513114 3.261714 5.044512 4.457939 4.051716 4.270107 3.657692 4.154915 4.584501 4.987782 
3.078961 2.384927 4.206875 3.646810 3.009439 2.808611 2.590215 3.327501 3.428360 3.545817 0.000000 0.000000 9968417670417713968850157961216.000000 0.000000 0.000000 
0.000000 0.000000 0.000000 0.000000 0.000000 0.000000 0.000000 0.000000 0.000000 0.000000 0.000000 0.000000 0.000000 0.000000 0.000000 
0.000000 0.000000 0.000000 0.000000 -nan 0.000000 0.000000 0.000000 0.000000 0.000000 0.000000 0.000000 0.000000 0.000000 0.000000 
0.000000 0.000000 0.000000 0.000000 0.000000 0.000000 0.000000 0.000000 0.000000 0.000000 0.000000 0.000000 0.000000 0.000000 0.000000 
