10 15
5.366122 4.453981 5.275747 4.611809 2.882832 4.291141 5.563830 3.864957 5.941006 4.631581 4.091002 3.951322 5.333361 3.992525 3.293589 
4.627425 4.887242 4.549380 3.821944 2.790804 3.548217 3.972411 4.206060 4.956326 5.555169 4.668057 4.499741 3.510712 4.147252 2.169024 
5.403402 4.561151 4.495260 3.707085 2.690728 3.135229 4.718227 3.402550 4.854231 4.975266 4.887319 3.176227 4.816213 4.079998 3.095552 
3.145446 3.099099 3.656345 3.529542 2.616450 2.819965 3.205685 2.447612 3.390836 3.513906 2.397890 2.845142 3.131700 3.475994 2.700621 
5.618002 5.488617 4.216707 4.061174 3.304766 3.392423 5.212247 4.867393 4.545389 5.005628 4.601266 4.106541 3.638968 4.275478 2.816766 
5.007779 4.500650 4.655927 3.758824 3.554036 3.582992 4.291922 4.209866 4.761327 5.188476 4.341689 3.526719 3.280983 3.830337 3.038704 
4.416739 3.580844 4.912569 4.812894 1.973899 3.495877 4.581717 3.856694 5.487260 4.714077 4.179397 3.449536 5.055508 5.155506 3.232966 
6.310656 5.858877 5.474605 4.972353 4.107634 4.658559 6.248779 5.632167 6.065728 6.147395 5.154890 4.752264 5.458882 4.187918 3.955501 
6.146579 4.856299 5.402766 5.194653 3.518279 4.153981 5.128492 4.993840 5.735319 6.118060 4.831948 4.291120 4.979067 4.524065 3.930359 
4.669462 3.401402 3.650156 3.584084 3.345585 2.870179 3.492140 4.041709 4.530701 4.505713 4.167693 2.613406 3.565234 3.240580 2.793939 
