10 10
3.639153 4.277460 4.256509 3.593001 4.208603 3.458979 4.132575 3.423759 5.244056 4.154040 
4.111300 4.145377 4.928696 4.008454 3.991438 3.547593 4.359665 4.143103 2.908579 4.618270 
1.980318 3.439723 3.768224 4.532155 4.111757 3.129240 3.414760 4.708832 3.648117 4.020863 
3.470770 3.797872 4.407361 3.900232 4.139992 3.379551 3.478366 3.754968 5.256176 3.369963 
3.572741 3.944295 4.758516 3.535525 3.481385 3.168434 2.274439 3.005378 2.745690 3.097809 
2.250806 2.551721 2.669427 3.958021 2.422711 2.632302 3.090724 3.216548 2.187328 2.344333 
4.778445 4.160485 4.161294 2.983560 4.170833 2.592511 3.593523 3.915012 5.375983 4.360217 
3.994587 3.475228 4.831649 4.219208 4.583178 4.268386 4.077004 3.913865 3.217725 4.061505 
2.430849 3.232937 3.426487 5.090716 4.122973 3.357985 3.198088 4.766147 3.886801 3.852039 
2.968224 3.998721 3.855956 3.352579 3.721715 3.171362 3.780502 3.728277 4.350219 3.259359 
