10 15
4.118336 5.057565 3.600491 2.891739 3.402405 3.920521 4.888129 2.415841 1.610924 3.577809 4.076129 4.490710 2.823893 2.681759 2.483160 
3.347982 4.700478 2.748675 2.095000 2.921235 4.024767 4.358668 3.471190 2.854576 2.795911 4.170035 4.667327 2.602852 1.758110 3.380969 
2.909658 2.536904 2.711999 2.180544 1.932606 2.804378 3.111981 1.920660 1.856451 2.036912 4.071769 5.153219 3.408440 3.300773 2.772851 
4.058710 4.323377 2.432167 2.168989 3.806604 4.154583 4.287012 2.984706 2.962546 1.866217 3.674655 4.307037 2.642924 2.001721 3.428791 
3.832591 4.635106 3.596366 2.939892 3.514312 3.332153 4.084540 2.807735 1.605580 2.510307 4.767026 5.669926 4.172633 3.927422 3.475529 
4.617050 5.779037 2.954867 2.426386 4.361515 4.334636 5.279429 4.016412 3.506498 3.119141 4.270162 4.790908 3.168867 2.067920 4.263881 
3.448670 3.730750 2.923074 2.739351 2.066396 2.959521 3.235081 2.351914 1.741884 3.199845 0.000000 0.000000 2320953102413963984896.000000 0.000000 0.000000 
0.000000 0.000000 0.000000 0.000000 0.000000 0.000000 0.000000 0.000000 0.000000 0.000000 0.000000 0.000000 0.000000 0.000000 0.000000 
0.000000 0.000000 0.000000 0.000000 -nan 0.000000 0.000000 0.000000 0.000000 0.000000 0.000000 0.000000 0.000000 0.000000 0.000000 
0.000000 0.000000 0.000000 0.000000 0.000000 0.000000 0.000000 0.000000 0.000000 0.000000 0.000000 0.000000 0.000000 0.000000 0.000000 
