10 15
4.104426 3.333218 3.095703 5.430250 4.498491 3.914059 3.347273 3.317822 4.042005 3.243303 4.972423 5.592236 3.851753 3.828749 4.512921 
3.416320 3.300152 3.488685 3.692157 2.976784 3.945205 2.344964 2.937292 4.166803 2.844742 3.566229 4.597156 4.087814 5.373594 4.114247 
3.815313 3.318573 2.787472 4.030655 3.785608 3.707269 3.157275 3.092538 3.568775 3.021859 3.404122 4.184167 3.437816 4.236211 4.275696 
3.058015 2.246078 2.064262 2.775557 2.804852 2.811007 1.909723 2.495277 2.408535 1.989138 2.404844 3.687188 2.769861 3.234755 2.573155 
4.052224 3.985142 3.581274 4.127339 3.935851 5.073419 2.740656 3.308567 3.693849 2.982138 3.665848 4.553053 3.786958 4.851099 4.316701 
3.295433 3.367808 3.093104 3.790084 3.380110 4.208146 2.554066 2.918484 3.674749 2.914406 3.439959 4.548073 3.836460 5.068152 4.092174 
3.797149 3.230919 3.303378 4.335461 4.169119 3.623538 2.719164 3.778647 4.012749 3.266909 3.760277 5.206824 4.142463 3.986539 3.894765 
4.826647 4.054775 3.562008 5.444544 4.738869 4.834086 3.647243 4.191439 4.458974 3.609153 5.326836 5.991397 4.297885 4.992527 4.819369 
4.316127 3.513734 3.708176 4.427354 4.358656 4.390490 3.162347 3.733208 4.829830 3.552463 4.349849 5.521885 4.200720 5.128536 4.852746 
2.907408 2.954627 2.693609 3.259116 3.137326 3.892991 2.324310 2.737332 3.411161 2.936031 3.263090 3.698586 3.083033 4.130894 3.625653 
