10 15
3.639153 4.277460 4.256509 3.593001 4.208603 3.458979 4.132575 3.423759 5.244056 4.154040 4.111300 4.145377 4.928696 4.008454 3.991438 
3.547593 4.359665 4.143103 2.908579 4.618270 1.980318 3.439723 3.768224 4.532155 4.111757 3.129240 3.414760 4.708832 3.648117 4.020863 
3.470770 3.797872 4.407361 3.900232 4.139992 3.379551 3.478366 3.754968 5.256176 3.369963 3.572741 3.944295 4.758516 3.535525 3.481385 
3.168434 2.274439 3.005378 2.745690 3.097809 2.250806 2.551721 2.669427 3.958021 2.422711 2.632302 3.090724 3.216548 2.187328 2.344333 
4.778445 4.160485 4.161294 2.983560 4.170833 2.592511 3.593523 3.915012 5.375983 4.360217 3.994587 3.475228 4.831649 4.219208 4.583178 
4.268386 4.077004 3.913865 3.217725 4.061505 2.430849 3.232937 3.426487 5.090716 4.122973 3.357985 3.198088 4.766147 3.886801 3.852039 
2.968224 3.998721 3.855956 3.352579 3.721715 3.171362 3.780502 3.728277 4.350219 3.259359 2.943962 4.465236 3.628992 3.274385 3.942825 
5.148286 4.913695 5.371896 4.367057 5.043689 4.173994 3.810363 4.783179 6.332714 4.988041 4.967614 4.510757 5.555386 4.813016 4.339484 
4.437887 5.163579 3.971445 4.134854 4.645262 3.807988 3.920001 4.792201 5.697835 4.248302 3.778996 4.681958 4.547026 4.088836 4.183399 
3.534584 3.528679 2.770082 2.908289 3.308333 2.555899 2.481473 3.484076 4.528398 3.622243 2.985752 3.069178 3.613828 3.379414 3.062131 
