10 15
4.326511 4.699233 4.634036 4.087896 4.551449 4.012779 4.979974 3.641257 6.142945 4.924684 4.273850 4.961622 5.840868 4.240891 4.270767 
3.629027 5.062432 5.012985 2.941580 5.277611 2.822715 3.486149 4.545686 4.631648 5.024017 3.894161 3.948240 4.803757 4.363130 4.300073 
4.276911 4.268569 4.938794 4.272856 4.178956 3.428470 4.001962 4.112574 5.347115 3.680643 4.556041 4.505128 5.609424 4.306111 4.165153 
3.303211 2.683332 3.030534 3.102367 3.869952 3.009610 2.784425 2.694751 3.992260 2.627428 2.775448 3.437250 3.738748 2.776707 3.155614 
5.348359 5.149121 4.409649 3.258267 4.860918 3.268511 4.496797 4.748792 5.700157 4.433096 4.822290 4.025984 4.848015 5.092147 4.659419 
4.843078 4.562255 4.637545 3.482124 4.988750 3.305278 3.774194 3.789685 5.256782 4.710174 4.239118 3.219191 4.895324 4.340792 4.221412 
2.984327 4.115984 4.288337 4.097094 3.783734 3.502305 3.879187 4.516839 5.348298 3.801846 3.014412 5.202007 4.222167 4.258314 4.749062 
6.083114 5.771781 5.633347 4.498741 5.731156 4.692494 4.667447 5.662839 6.748199 5.632127 5.445479 5.344729 6.277173 5.072977 5.297815 
5.052667 5.505555 4.160854 4.937938 5.370957 4.261933 3.962739 5.468709 6.452168 4.846307 4.517751 5.518278 4.584051 4.779505 5.177134 
4.203159 3.845058 2.984560 3.212692 4.154862 2.735402 2.623515 4.029320 5.221711 4.072263 3.719489 3.102298 3.789997 3.976158 3.487703 
