10 15
4.791784 3.754991 3.473230 5.925145 4.841337 4.467859 4.194672 3.535320 4.940894 4.013947 5.134973 6.408481 4.763925 4.061186 4.792250 
3.497754 4.002919 4.358567 3.725158 3.636125 4.787602 2.391390 3.714754 4.266296 3.757002 4.331150 5.130636 4.182739 6.088607 4.393457 
4.621454 3.789270 3.318905 4.403279 3.824572 3.756188 3.680871 3.450144 3.659714 3.332539 4.387422 4.745000 4.288724 5.006797 4.959464 
3.192792 2.654971 2.089418 3.132234 3.576995 3.569811 2.142427 2.520601 2.442774 2.193855 2.547990 4.033714 3.292061 3.824134 3.384436 
4.622138 4.973778 3.829629 4.402046 4.625936 5.749419 3.643930 4.142347 4.018023 3.055017 4.493551 5.103809 3.803324 5.724038 4.392942 
3.870125 3.853059 3.816784 4.054483 4.307355 5.082575 3.095323 3.281682 3.840815 3.501607 4.321092 4.569176 3.965637 5.522143 4.461547 
3.813252 3.348182 3.735759 5.079976 4.231138 3.954481 2.817849 4.567209 5.010828 3.809396 3.830727 5.943595 4.735638 4.970468 4.701002 
5.761475 4.912861 3.823459 5.576228 5.426336 5.352586 4.504327 5.071099 4.874459 4.253239 5.804701 6.825369 5.019672 5.252488 5.777700 
4.930907 3.855710 3.897585 5.230438 5.084351 4.844435 3.205085 4.409716 5.584163 4.150468 5.088604 6.358205 4.237745 5.819205 5.846481 
3.575983 3.271006 2.908087 3.563519 3.983855 4.072494 2.466352 3.282576 4.104474 3.386051 3.996827 3.731706 3.259202 4.727638 4.051225 
