10 15
4.460902 3.536084 3.157769 5.284751 4.562602 4.276975 4.101993 3.527734 4.549051 3.805623 4.430390 5.911303 4.537401 3.850248 4.101341 
4.394984 4.185514 4.074113 4.957669 5.711573 5.143557 3.367348 4.513406 3.684070 4.284082 5.145912 6.335625 4.093865 4.840314 4.414580 
4.036855 3.658451 3.251535 4.030070 3.991158 3.697934 2.961370 3.152334 3.361165 3.058324 4.063714 5.054920 4.660308 4.965459 4.702773 
3.555653 3.562677 3.039839 4.218292 4.625656 4.822205 2.719692 3.150386 3.709747 3.372628 4.071998 4.933470 4.219646 4.810137 4.588228 
4.597061 4.494637 3.070837 4.969985 4.830764 4.914493 3.834311 3.961460 3.944590 2.897848 4.610541 5.337375 3.783845 4.447812 4.115953 
4.786105 4.270675 3.810414 5.573739 5.165906 5.224209 3.740868 3.695382 4.595457 4.145981 5.968444 5.765065 4.538772 5.290280 5.015936 
4.380511 4.120525 3.572250 5.628700 4.679952 4.999683 3.377838 4.316646 5.092338 4.047116 4.753406 6.253309 4.790369 6.073228 5.427345 
3.676476 3.582575 3.527285 3.623794 3.678243 3.733031 3.198524 3.913668 4.152450 3.461628 3.464943 4.825911 3.947085 4.435696 4.752852 
4.908886 3.592334 3.295564 5.555453 5.154912 4.646876 3.491264 4.179531 4.888446 3.796673 5.044087 6.112480 4.155858 4.964463 5.256557 
3.318231 2.994877 2.809263 2.968358 3.924698 3.628466 2.168051 3.295726 3.770057 3.163751 3.713568 3.725191 3.202050 4.635541 3.759258 
