15 10
3.429989 3.242628 3.099990 4.556398 3.254548 3.457200 3.338606 3.192533 3.343500 3.547585 
3.497640 3.514052 3.604887 3.854659 3.574989 3.059679 3.619152 3.894799 3.818628 3.630332 
3.350293 3.787410 3.989829 4.647068 3.797656 3.419856 3.671711 3.885774 3.637616 4.142743 
2.502157 2.210154 2.358292 2.606120 2.517446 1.894846 2.010083 2.318019 1.545307 2.623545 
4.222676 3.687518 4.659765 4.778519 4.805935 3.852154 4.099819 3.391687 3.655536 4.714977 
3.601539 3.260033 3.921512 4.292316 4.017501 3.297294 3.437851 3.239254 2.983456 4.056014 
3.144218 3.211824 3.482581 3.570224 3.150631 2.600410 2.742877 2.941140 2.863834 3.041815 
3.443980 2.654747 3.527219 2.857142 3.777318 2.859482 3.416884 3.375382 2.547535 3.747761 
3.093004 3.129199 3.547206 3.609311 3.652867 2.354127 2.948998 3.857525 2.902851 3.694266 
3.547193 3.026409 3.667864 3.489015 4.130179 3.342747 3.814519 4.340700 2.864503 4.010947 
3.134399 3.522612 3.687093 4.141238 3.501295 2.888776 2.822288 3.873892 3.160116 3.806386 
3.204800 3.054443 3.757045 4.481358 3.330071 3.280392 3.558067 3.534707 3.106527 3.062456 
3.744192 4.064389 4.208339 4.934474 4.103403 3.564819 3.911997 4.254526 3.755771 4.247734 
3.503295 3.184881 3.567328 4.372944 3.725556 3.330353 3.107740 3.071195 2.740928 3.582536 
3.693828 3.410550 3.921577 4.304822 3.876947 3.574296 3.492781 3.492268 2.905621 3.522974 
