15 15
3.219438 2.176091 2.935082 2.086705 1.659831 2.099504 1.851863 2.684841 2.618293 2.835786 2.938215 3.124533 2.215640 1.764317 1.225597 
2.706860 1.819990 1.605020 2.233523 1.786930 1.505723 2.245952 1.757594 1.992803 2.166689 1.934284 1.754171 1.817527 1.524978 1.323027 
3.302118 2.486192 3.253478 1.905897 2.129000 2.175845 2.040274 2.781785 2.714247 2.945888 2.578355 2.894485 2.198563 2.251553 1.939078 
2.917368 2.039472 3.115612 2.107597 1.823388 1.760046 1.650581 2.447475 2.548998 2.563716 3.006796 2.694689 2.320557 1.480765 1.307269 
3.462868 2.657134 2.791433 2.340434 1.986049 2.490099 2.516186 3.414551 3.022651 3.218266 2.987166 3.253915 2.685898 2.644090 1.606649 
3.996372 2.596420 3.280021 2.483806 2.261861 2.431514 2.561372 2.638155 2.838872 2.942613 2.579241 2.980593 2.234539 2.296422 1.899009 
3.992642 2.413169 2.818849 2.683117 2.133098 2.088438 2.233918 2.970643 2.882356 2.409656 2.751806 3.168713 2.824090 2.091867 1.537412 
3.616496 2.408910 3.092779 2.490991 1.989487 2.203614 2.711599 3.037560 2.436487 2.805953 2.876847 3.236494 2.729422 2.212024 1.733959 
2.559848 2.567503 3.211806 1.868480 1.974487 1.737624 2.089729 2.531357 2.300439 2.102601 2.599190 2.823858 1.911899 1.580124 1.381766 
3.109994 2.511229 2.734994 2.264472 1.943091 2.131887 2.541355 3.095059 2.681034 3.120955 2.745165 2.968835 2.419271 2.494876 1.804740 
3.586502 2.179541 3.184243 2.176136 1.848646 2.112601 2.337114 2.853211 2.199542 2.244319 2.521003 3.065875 2.639349 2.055512 1.617562 
3.889418 2.806366 3.437174 2.308686 2.076953 2.491126 2.508580 3.285223 2.887447 2.560913 2.583749 3.465162 2.480906 2.604437 1.735948 
3.258753 1.807022 2.809167 2.041566 1.501446 1.952363 2.170867 2.153106 1.891062 2.283120 2.255432 2.641122 1.978895 1.662664 1.347120 
2.840682 2.319414 2.868915 2.249944 1.869608 2.190998 2.413635 2.589397 2.646198 3.527870 3.206057 2.740085 2.138315 1.924206 1.490438 
3.536014 2.909910 2.892919 2.236915 2.270234 2.583009 2.636013 3.295169 3.060626 3.413095 2.904896 3.286032 2.471532 2.630983 1.845074 
