10 10
3.744055 4.067428 3.870683 4.294312 3.633175 3.395563 4.025551 4.138797 3.319979 4.565435 
3.686528 3.966024 3.931162 4.947916 3.750159 3.407620 3.464744 4.105710 3.679264 3.953074 
3.319078 3.565093 4.497567 3.745836 3.283174 1.979050 1.971981 2.999275 3.311337 3.027544 
4.430383 4.254887 4.459549 4.727481 4.627424 3.662534 4.133204 4.847577 3.534155 4.786589 
4.632738 5.133290 5.100272 5.815862 4.636350 4.107611 4.823169 4.732217 4.730765 5.408793 
3.266936 3.365262 3.902142 3.282532 3.505293 2.356053 2.920948 4.169038 2.908201 3.928157 
3.798832 3.494496 4.271654 4.688139 3.857525 3.626449 3.734154 3.921705 3.280915 3.651568 
3.126897 3.211827 3.884987 3.611191 3.582859 2.535854 2.707757 3.186608 2.541203 3.892613 
3.284467 2.740014 2.777415 3.072711 3.304962 2.687682 2.991577 2.847855 2.689897 3.990530 
2.828249 2.555176 3.036388 3.990872 3.453939 3.050636 3.269314 2.290082 2.625361 3.707091 
