10 15
2.974827 4.511312 4.088085 3.779094 4.367690 3.691334 4.433033 2.953758 2.423509 4.229933 4.736469 3.377709 3.901068 2.825904 3.741418 
2.540840 4.339223 4.112655 3.905532 3.906394 3.618181 4.199221 2.666362 2.604415 4.481034 5.009162 3.690698 4.769602 3.029473 3.508152 
1.773375 3.384951 3.406494 2.617767 2.755066 2.984532 4.068799 2.074708 2.682075 3.619494 3.409535 3.213262 4.030524 2.638846 2.443526 
2.726071 4.617115 5.078173 3.826617 4.829252 4.153115 4.698345 3.443554 3.006822 4.690825 5.596641 4.497212 5.174460 3.164414 3.981024 
3.458925 5.530350 5.384984 5.409869 4.927797 4.785375 5.624473 3.608100 3.398709 5.494750 6.284333 4.737021 5.371239 4.277689 4.725750 
2.355731 3.314648 3.957803 2.450196 3.847897 2.820989 4.024378 2.281137 2.604526 3.329445 3.701405 3.292462 3.496281 2.114356 2.889067 
2.955653 4.049182 3.816547 3.810071 4.750311 3.437621 4.343508 2.539789 2.546399 3.733912 4.826229 3.199320 4.321492 3.155588 3.299865 
2.759731 3.438218 3.707513 3.336112 3.312574 3.208841 3.825544 2.302155 2.450270 3.078143 3.519944 2.815462 3.183555 2.585019 2.992644 
1.884945 3.599431 2.979889 3.162060 3.071667 3.087158 3.251743 2.245589 2.029378 3.661999 3.619882 3.330213 2.941186 2.083313 2.674131 
2.596629 3.766493 2.816195 3.825652 3.224778 2.994768 3.311128 1.918317 2.063582 3.172020 4.062279 2.699257 3.374650 2.863743 2.776033 
