% Time (s)	Gyro Output (V)	Input Rate (rad/s)	%1/22/201611:28 AM
7.1000E-2	2.4942E+0	-1.6336E+0
1.7100E-1	2.4939E+0	-1.6336E+0
2.7100E-1	2.4932E+0	1.5708E-2
3.7100E-1	2.4974E+0	1.5708E-2
4.7100E-1	2.4997E+0	1.5708E-2
5.7100E-1	2.4939E+0	3.1416E-2
6.7100E-1	2.5096E+0	3.1416E-2
7.7100E-1	2.5080E+0	3.1416E-2
8.7100E-1	2.5109E+0	3.1416E-2
9.7100E-1	2.5090E+0	4.7124E-2
1.0710E+0	2.5260E+0	6.2832E-2
1.1710E+0	2.5141E+0	6.2832E-2
1.2710E+0	2.5401E+0	6.2832E-2
1.3710E+0	2.5385E+0	7.8540E-2
1.4710E+0	2.5513E+0	9.4248E-2
1.5710E+0	2.5600E+0	9.4248E-2
1.6710E+0	2.5639E+0	1.0996E-1
1.7710E+0	2.5706E+0	1.2566E-1
1.8710E+0	2.5818E+0	1.2566E-1
1.9710E+0	2.5863E+0	1.4137E-1
2.0710E+0	2.5940E+0	1.5708E-1
2.1710E+0	2.6075E+0	1.5708E-1
2.2710E+0	2.6133E+0	1.7279E-1
2.3710E+0	2.6187E+0	1.8850E-1
2.4710E+0	2.6284E+0	2.0420E-1
2.5710E+0	2.6377E+0	2.1991E-1
2.6710E+0	2.6573E+0	2.1991E-1
2.7710E+0	2.6512E+0	2.1991E-1
2.8710E+0	2.6685E+0	2.3562E-1
2.9710E+0	2.6743E+0	2.6704E-1
3.0710E+0	2.6861E+0	2.6704E-1
3.1710E+0	2.6906E+0	2.6704E-1
3.2710E+0	2.6987E+0	2.9845E-1
3.3710E+0	2.7073E+0	3.1416E-1
3.4710E+0	2.7118E+0	3.1416E-1
3.5710E+0	2.7224E+0	3.1416E-1
3.6710E+0	2.7272E+0	3.2987E-1
3.7710E+0	2.7317E+0	3.4558E-1
3.8710E+0	2.7269E+0	3.4558E-1
3.9710E+0	2.7295E+0	3.4558E-1
4.0710E+0	2.7349E+0	3.4558E-1
4.1710E+0	2.7401E+0	3.4558E-1
4.2710E+0	2.7292E+0	3.6128E-1
4.3710E+0	2.7404E+0	3.6128E-1
4.4710E+0	2.7320E+0	3.6128E-1
4.5710E+0	2.7407E+0	3.6128E-1
4.6710E+0	2.7266E+0	3.4558E-1
4.7710E+0	2.7282E+0	3.4558E-1
4.8710E+0	2.7263E+0	3.4558E-1
4.9710E+0	2.7308E+0	3.4558E-1
5.0710E+0	2.7224E+0	3.4558E-1
5.1710E+0	2.7080E+0	3.4558E-1
5.2710E+0	2.7070E+0	3.2987E-1
5.3710E+0	2.7057E+0	3.1416E-1
5.4710E+0	2.6916E+0	2.9845E-1
5.5710E+0	2.6877E+0	2.9845E-1
5.6710E+0	2.6749E+0	2.8274E-1
5.7710E+0	2.6621E+0	2.6704E-1
5.8710E+0	2.6585E+0	2.6704E-1
5.9710E+0	2.6518E+0	2.5133E-1
6.0710E+0	2.6496E+0	2.1991E-1
6.1710E+0	2.6377E+0	2.0420E-1
6.2710E+0	2.6155E+0	2.0420E-1
6.3710E+0	2.5976E+0	1.8850E-1
6.4710E+0	2.5908E+0	1.7279E-1
6.5710E+0	2.5716E+0	1.4137E-1
6.6710E+0	2.5497E+0	1.2566E-1
6.7710E+0	2.5443E+0	1.0996E-1
6.8710E+0	2.5385E+0	7.8540E-2
6.9710E+0	2.5164E+0	6.2832E-2
7.0710E+0	2.5250E+0	4.7124E-2
7.1710E+0	2.5064E+0	3.1416E-2
7.2710E+0	2.4724E+0	1.5708E-2
7.3710E+0	2.4605E+0	-1.5708E-2
7.4710E+0	2.4380E+0	-4.7124E-2
7.5710E+0	2.4300E+0	-6.2832E-2
7.6710E+0	2.4178E+0	-7.8540E-2
7.7710E+0	2.4159E+0	-9.4248E-2
7.8710E+0	2.3976E+0	-9.4248E-2
7.9710E+0	2.3767E+0	-1.0996E-1
8.0710E+0	2.3860E+0	-1.4137E-1
8.1710E+0	2.3758E+0	-1.4137E-1
8.2710E+0	2.3729E+0	-1.4137E-1
8.3710E+0	2.3562E+0	-1.7279E-1
8.4710E+0	2.3559E+0	-1.8850E-1
8.5710E+0	2.3379E+0	-1.8850E-1
8.6710E+0	2.3424E+0	-1.8850E-1
8.7710E+0	2.3414E+0	-2.0420E-1
8.8710E+0	2.3174E+0	-2.1991E-1
8.9710E+0	2.3170E+0	-2.1991E-1
9.0710E+0	2.3141E+0	-2.3562E-1
9.1710E+0	2.3116E+0	-2.5133E-1
9.2710E+0	2.3007E+0	-2.5133E-1
9.3710E+0	2.3003E+0	-2.5133E-1
9.4710E+0	2.2997E+0	-2.5133E-1
9.5710E+0	2.2962E+0	-2.6704E-1
9.6710E+0	2.2894E+0	-2.6704E-1
9.7710E+0	2.2914E+0	-2.6704E-1
9.8710E+0	2.2888E+0	-2.8274E-1
9.9710E+0	2.2955E+0	-2.6704E-1
1.0071E+1	2.2910E+0	-2.6704E-1
1.0171E+1	2.2991E+0	-2.6704E-1
1.0271E+1	2.2959E+0	-2.5133E-1
1.0371E+1	2.2910E+0	-2.5133E-1
1.0471E+1	2.3100E+0	-2.6704E-1
1.0571E+1	2.3074E+0	-2.6704E-1
1.0671E+1	2.2962E+0	-2.5133E-1
1.0771E+1	2.3080E+0	-2.5133E-1
1.0871E+1	2.3154E+0	-2.3562E-1
1.0971E+1	2.3241E+0	-2.1991E-1
1.1071E+1	2.3212E+0	-2.3562E-1
1.1171E+1	2.3260E+0	-2.3562E-1
1.1271E+1	2.3385E+0	-2.0420E-1
1.1371E+1	2.3443E+0	-1.8850E-1
1.1471E+1	2.3552E+0	-1.8850E-1
1.1571E+1	2.3584E+0	-1.8850E-1
1.1671E+1	2.3568E+0	-1.7279E-1
1.1771E+1	2.3751E+0	-1.5708E-1
1.1871E+1	2.3857E+0	-1.5708E-1
1.1971E+1	2.3876E+0	-1.4137E-1
1.2071E+1	2.4063E+0	-1.0996E-1
1.2171E+1	2.4114E+0	-1.0996E-1
1.2271E+1	2.4262E+0	-9.4248E-2
1.2371E+1	2.4470E+0	-6.2832E-2
1.2471E+1	2.4493E+0	-6.2832E-2
1.2571E+1	2.4570E+0	-4.7124E-2
1.2671E+1	2.4737E+0	-3.1416E-2
1.2771E+1	2.4727E+0	-1.5708E-2
1.2871E+1	2.4875E+0	0.0000E+0
1.2971E+1	2.4993E+0	1.5708E-2
1.3071E+1	2.5343E+0	3.1416E-2
1.3171E+1	2.5164E+0	3.1416E-2
1.3271E+1	2.5359E+0	6.2832E-2
1.3371E+1	2.5382E+0	7.8540E-2
1.3471E+1	2.5526E+0	7.8540E-2
1.3571E+1	2.5536E+0	9.4248E-2
1.3671E+1	2.5690E+0	1.0996E-1
1.3771E+1	2.5709E+0	1.2566E-1
1.3871E+1	2.5728E+0	1.2566E-1
1.3971E+1	2.5886E+0	1.2566E-1
1.4071E+1	2.5738E+0	1.4137E-1
1.4171E+1	2.5985E+0	1.5708E-1
1.4271E+1	2.5982E+0	1.4137E-1
1.4371E+1	2.5995E+0	1.5708E-1
1.4471E+1	2.6014E+0	1.7279E-1
1.4571E+1	2.6046E+0	1.5708E-1
1.4671E+1	2.5979E+0	1.7279E-1
1.4771E+1	2.6053E+0	1.7279E-1
1.4871E+1	2.5995E+0	1.5708E-1
1.4971E+1	2.5934E+0	1.7279E-1
1.5071E+1	2.5908E+0	1.7279E-1
1.5171E+1	2.5927E+0	1.5708E-1
1.5271E+1	2.5831E+0	1.4137E-1
1.5371E+1	2.5809E+0	1.4137E-1
1.5471E+1	2.5719E+0	1.5708E-1
1.5571E+1	2.5751E+0	1.4137E-1
1.5671E+1	2.5680E+0	1.2566E-1
1.5771E+1	2.5587E+0	1.0996E-1
1.5871E+1	2.5520E+0	9.4248E-2
1.5971E+1	2.5517E+0	9.4248E-2
1.6071E+1	2.5334E+0	9.4248E-2
1.6171E+1	2.5346E+0	7.8540E-2
1.6271E+1	2.5253E+0	6.2832E-2
1.6371E+1	2.5099E+0	4.7124E-2
1.6471E+1	2.5077E+0	3.1416E-2
1.6571E+1	2.4849E+0	3.1416E-2
1.6671E+1	2.4782E+0	1.5708E-2
1.6771E+1	2.4846E+0	0.0000E+0
1.6871E+1	2.4567E+0	-1.5708E-2
1.6971E+1	2.4528E+0	-3.1416E-2
1.7071E+1	2.4506E+0	-4.7124E-2
1.7171E+1	2.4294E+0	-6.2832E-2
1.7271E+1	2.4297E+0	-6.2832E-2
1.7371E+1	2.4188E+0	-7.8540E-2
1.7471E+1	2.4095E+0	-9.4248E-2
1.7571E+1	2.3989E+0	-1.0996E-1
1.7671E+1	2.3909E+0	-1.2566E-1
1.7771E+1	2.3909E+0	-1.2566E-1
1.7871E+1	2.3809E+0	-1.2566E-1
1.7971E+1	2.3748E+0	-1.4137E-1
1.8071E+1	2.3668E+0	-1.7279E-1
1.8171E+1	2.3456E+0	-1.7279E-1
1.8271E+1	2.3408E+0	-1.7279E-1
1.8371E+1	2.3572E+0	-2.0420E-1
1.8471E+1	2.3369E+0	-2.0420E-1
1.8571E+1	2.3299E+0	-2.1991E-1
1.8671E+1	2.3177E+0	-2.3562E-1
1.8771E+1	2.3023E+0	-2.3562E-1
1.8871E+1	2.3023E+0	-2.5133E-1
1.8971E+1	2.2968E+0	-2.5133E-1
1.9071E+1	2.2881E+0	-2.6704E-1
1.9171E+1	2.2792E+0	-2.6704E-1
1.9271E+1	2.2881E+0	-2.6704E-1
1.9371E+1	2.2763E+0	-2.8274E-1
1.9471E+1	2.2881E+0	-2.8274E-1
1.9571E+1	2.2747E+0	-2.8274E-1
1.9671E+1	2.2869E+0	-2.8274E-1
1.9771E+1	2.2760E+0	-2.9845E-1
1.9871E+1	2.2760E+0	-2.8274E-1
1.9971E+1	2.2702E+0	-2.8274E-1
2.0071E+1	2.2904E+0	-2.9845E-1
2.0171E+1	2.2827E+0	-2.8274E-1
2.0271E+1	2.2962E+0	-2.8274E-1
2.0371E+1	2.2862E+0	-2.6704E-1
2.0471E+1	2.2955E+0	-2.6704E-1
2.0571E+1	2.2923E+0	-2.6704E-1
2.0671E+1	2.3100E+0	-2.6704E-1
2.0771E+1	2.2981E+0	-2.6704E-1
2.0871E+1	2.3109E+0	-2.3562E-1
2.0971E+1	2.3225E+0	-2.3562E-1
2.1071E+1	2.3283E+0	-2.3562E-1
2.1171E+1	2.3360E+0	-2.1991E-1
2.1271E+1	2.3376E+0	-2.0420E-1
2.1371E+1	2.3527E+0	-1.8850E-1
2.1471E+1	2.3623E+0	-1.8850E-1
2.1571E+1	2.3986E+0	-1.7279E-1
2.1671E+1	2.3803E+0	-1.5708E-1
2.1771E+1	2.3947E+0	-1.4137E-1
2.1871E+1	2.3979E+0	-1.0996E-1
2.1971E+1	2.4124E+0	-9.4248E-2
2.2071E+1	2.4323E+0	-9.4248E-2
2.2171E+1	2.4416E+0	-7.8540E-2
2.2271E+1	2.4506E+0	-6.2832E-2
2.2371E+1	2.4637E+0	-4.7124E-2
2.2471E+1	2.4839E+0	-1.5708E-2
2.2571E+1	2.4843E+0	0.0000E+0
2.2671E+1	2.4923E+0	0.0000E+0
2.2771E+1	2.5035E+0	1.5708E-2
2.2871E+1	2.5202E+0	4.7124E-2
2.2971E+1	2.5330E+0	6.2832E-2
2.3071E+1	2.5424E+0	6.2832E-2
2.3171E+1	2.5536E+0	7.8540E-2
2.3271E+1	2.5651E+0	1.0996E-1
2.3371E+1	2.5732E+0	1.2566E-1
2.3471E+1	2.5812E+0	1.2566E-1
2.3571E+1	2.5863E+0	1.4137E-1
2.3671E+1	2.5924E+0	1.5708E-1
2.3771E+1	2.6184E+0	1.5708E-1
2.3871E+1	2.6181E+0	1.7279E-1
2.3971E+1	2.6171E+0	1.8850E-1
2.4071E+1	2.6268E+0	2.0420E-1
2.4171E+1	2.6358E+0	2.1991E-1
2.4271E+1	2.6361E+0	2.1991E-1
2.4371E+1	2.6486E+0	2.3562E-1
2.4471E+1	2.6515E+0	2.3562E-1
2.4571E+1	2.6492E+0	2.3562E-1
2.4671E+1	2.6531E+0	2.3562E-1
2.4771E+1	2.6518E+0	2.5133E-1
2.4871E+1	2.6601E+0	2.5133E-1
2.4971E+1	2.6730E+0	2.3562E-1
2.5071E+1	2.6653E+0	2.6704E-1
2.5171E+1	2.6537E+0	2.6704E-1
2.5271E+1	2.6621E+0	2.3562E-1
2.5371E+1	2.6675E+0	2.3562E-1
2.5471E+1	2.6553E+0	2.5133E-1
2.5571E+1	2.6547E+0	2.5133E-1
2.5671E+1	2.6537E+0	2.5133E-1
2.5771E+1	2.6463E+0	2.3562E-1
2.5871E+1	2.6393E+0	2.1991E-1
2.5971E+1	2.6367E+0	2.3562E-1
2.6071E+1	2.6377E+0	2.1991E-1
2.6171E+1	2.6309E+0	2.0420E-1
2.6271E+1	2.5937E+0	2.0420E-1
2.6371E+1	2.6178E+0	1.8850E-1
2.6471E+1	2.6040E+0	1.8850E-1
2.6571E+1	2.5937E+0	1.7279E-1
2.6671E+1	2.5899E+0	1.5708E-1
2.6771E+1	2.5728E+0	1.4137E-1
2.6871E+1	2.5693E+0	1.2566E-1
2.6971E+1	2.5481E+0	1.2566E-1
2.7071E+1	2.5558E+0	1.0996E-1
2.7171E+1	2.5337E+0	7.8540E-2
2.7271E+1	2.5257E+0	6.2832E-2
2.7371E+1	2.5093E+0	6.2832E-2
2.7471E+1	2.5247E+0	4.7124E-2
2.7571E+1	2.4865E+0	1.5708E-2
2.7671E+1	2.4817E+0	0.0000E+0
2.7771E+1	2.4573E+0	0.0000E+0
2.7871E+1	2.4435E+0	-3.1416E-2
2.7971E+1	2.4380E+0	-4.7124E-2
2.8071E+1	2.4339E+0	-4.7124E-2
2.8171E+1	2.4204E+0	-7.8540E-2
2.8271E+1	2.4133E+0	-9.4248E-2
2.8371E+1	2.4130E+0	-9.4248E-2
2.8471E+1	2.3896E+0	-9.4248E-2
2.8571E+1	2.3873E+0	-1.2566E-1
2.8671E+1	2.3803E+0	-1.4137E-1
2.8771E+1	2.3732E+0	-1.4137E-1
2.8871E+1	2.3626E+0	-1.5708E-1
2.8971E+1	2.3633E+0	-1.5708E-1
2.9071E+1	2.3649E+0	-1.5708E-1
2.9171E+1	2.3453E+0	-1.7279E-1
2.9271E+1	2.3472E+0	-1.8850E-1
2.9371E+1	2.3450E+0	-1.8850E-1
2.9471E+1	2.3459E+0	-1.8850E-1
2.9571E+1	2.3382E+0	-1.8850E-1
2.9671E+1	2.3427E+0	-1.8850E-1
2.9771E+1	2.3411E+0	-2.0420E-1
2.9871E+1	2.3366E+0	-2.0420E-1
2.9971E+1	2.3398E+0	-1.8850E-1
3.0071E+1	2.3417E+0	-1.8850E-1
3.0171E+1	2.3456E+0	-2.0420E-1
3.0271E+1	2.3459E+0	-2.0420E-1
3.0371E+1	2.3414E+0	-1.7279E-1
3.0471E+1	2.3539E+0	-1.7279E-1
3.0571E+1	2.3523E+0	-1.8850E-1
3.0671E+1	2.3645E+0	-1.7279E-1
3.0771E+1	2.3652E+0	-1.7279E-1
3.0871E+1	2.3713E+0	-1.7279E-1
3.0971E+1	2.3783E+0	-1.5708E-1
3.1071E+1	2.3796E+0	-1.4137E-1
3.1171E+1	2.3838E+0	-1.2566E-1
3.1271E+1	2.4236E+0	-1.2566E-1
3.1371E+1	2.3947E+0	-1.2566E-1
3.1471E+1	2.4120E+0	-1.0996E-1
3.1571E+1	2.4217E+0	-9.4248E-2
3.1671E+1	2.4281E+0	-7.8540E-2
3.1771E+1	2.4335E+0	-6.2832E-2
3.1871E+1	2.4467E+0	-6.2832E-2
3.1971E+1	2.4624E+0	-4.7124E-2
3.2071E+1	2.4679E+0	-3.1416E-2
3.2171E+1	2.4708E+0	-1.5708E-2
3.2271E+1	2.4923E+0	0.0000E+0
3.2371E+1	2.4981E+0	1.5708E-2
3.2471E+1	2.4984E+0	3.1416E-2
3.2571E+1	2.5099E+0	4.7124E-2
3.2671E+1	2.5314E+0	6.2832E-2
3.2771E+1	2.5430E+0	6.2832E-2
3.2871E+1	2.5507E+0	7.8540E-2
3.2971E+1	2.5562E+0	1.0996E-1
3.3071E+1	2.5761E+0	1.0996E-1
3.3171E+1	2.5773E+0	1.2566E-1
3.3271E+1	2.5850E+0	1.4137E-1
3.3371E+1	2.5992E+0	1.4137E-1
3.3471E+1	2.6024E+0	1.5708E-1
3.3571E+1	2.6152E+0	1.7279E-1
3.3671E+1	2.6072E+0	1.8850E-1
3.3771E+1	2.6280E+0	1.8850E-1
3.3871E+1	2.6290E+0	2.0420E-1
3.3971E+1	2.6332E+0	2.0420E-1
3.4071E+1	2.6329E+0	2.1991E-1
3.4171E+1	2.6598E+0	2.3562E-1
3.4271E+1	2.6431E+0	2.1991E-1
3.4371E+1	2.6585E+0	2.3562E-1
3.4471E+1	2.6560E+0	2.5133E-1
3.4571E+1	2.6585E+0	2.3562E-1
3.4671E+1	2.6624E+0	2.5133E-1
3.4771E+1	2.6669E+0	2.6704E-1
3.4871E+1	2.6659E+0	2.5133E-1
3.4971E+1	2.6624E+0	2.6704E-1
3.5071E+1	2.6730E+0	2.6704E-1
3.5171E+1	2.6618E+0	2.5133E-1
3.5271E+1	2.6643E+0	2.5133E-1
3.5371E+1	2.6569E+0	2.5133E-1
3.5471E+1	2.6598E+0	2.5133E-1
3.5571E+1	2.6505E+0	2.3562E-1
3.5671E+1	2.6454E+0	2.1991E-1
3.5771E+1	2.6309E+0	2.1991E-1
3.5871E+1	2.6290E+0	2.1991E-1
3.5971E+1	2.6130E+0	2.0420E-1
3.6071E+1	2.6014E+0	1.8850E-1
3.6171E+1	2.6059E+0	1.8850E-1
3.6271E+1	2.5921E+0	1.7279E-1
3.6371E+1	2.5870E+0	1.5708E-1
3.6471E+1	2.5549E+0	1.4137E-1
3.6571E+1	2.5446E+0	1.0996E-1
3.6671E+1	2.5497E+0	1.0996E-1
3.6771E+1	2.5424E+0	9.4248E-2
3.6871E+1	2.5314E+0	7.8540E-2
3.6971E+1	2.5186E+0	6.2832E-2
3.7071E+1	2.5250E+0	4.7124E-2
3.7171E+1	2.4804E+0	3.1416E-2
3.7271E+1	2.4778E+0	1.5708E-2
3.7371E+1	2.4669E+0	0.0000E+0
3.7471E+1	2.4586E+0	-3.1416E-2
3.7571E+1	2.4419E+0	-3.1416E-2
3.7671E+1	2.4419E+0	-4.7124E-2
3.7771E+1	2.4258E+0	-6.2832E-2
3.7871E+1	2.4287E+0	-7.8540E-2
3.7971E+1	2.4047E+0	-9.4248E-2
3.8071E+1	2.3989E+0	-9.4248E-2
3.8171E+1	2.4021E+0	-1.0996E-1
3.8271E+1	2.3947E+0	-1.2566E-1
3.8371E+1	2.3796E+0	-1.2566E-1
3.8471E+1	2.3687E+0	-1.4137E-1
3.8571E+1	2.3645E+0	-1.5708E-1
3.8671E+1	2.3600E+0	-1.7279E-1
3.8771E+1	2.3482E+0	-1.7279E-1
3.8871E+1	2.3485E+0	-1.7279E-1
3.8971E+1	2.3398E+0	-2.0420E-1
3.9071E+1	2.3344E+0	-2.0420E-1
3.9171E+1	2.3202E+0	-2.0420E-1
3.9271E+1	2.3286E+0	-2.1991E-1
3.9371E+1	2.3109E+0	-2.3562E-1
3.9471E+1	2.3080E+0	-2.3562E-1
3.9571E+1	2.3106E+0	-2.3562E-1
3.9671E+1	2.3151E+0	-2.3562E-1
3.9771E+1	2.3029E+0	-2.3562E-1
3.9871E+1	2.3007E+0	-2.5133E-1
3.9971E+1	2.3074E+0	-2.5133E-1
4.0071E+1	2.3103E+0	-2.3562E-1
4.0171E+1	2.3125E+0	-2.3562E-1
4.0271E+1	2.3206E+0	-2.3562E-1
4.0371E+1	2.3186E+0	-2.3562E-1
4.0471E+1	2.3267E+0	-2.3562E-1
4.0571E+1	2.3238E+0	-2.1991E-1
4.0671E+1	2.3167E+0	-2.1991E-1
4.0771E+1	2.3398E+0	-2.1991E-1
4.0871E+1	2.3424E+0	-2.0420E-1
4.0971E+1	2.3376E+0	-1.8850E-1
4.1071E+1	2.3552E+0	-1.8850E-1
4.1171E+1	2.3565E+0	-1.8850E-1
4.1271E+1	2.3594E+0	-1.7279E-1
4.1371E+1	2.3639E+0	-1.5708E-1
4.1471E+1	2.3851E+0	-1.5708E-1
4.1571E+1	2.3848E+0	-1.4137E-1
4.1671E+1	2.3899E+0	-1.2566E-1
4.1771E+1	2.4037E+0	-1.2566E-1
4.1871E+1	2.4130E+0	-9.4248E-2
4.1971E+1	2.4310E+0	-7.8540E-2
4.2071E+1	2.4387E+0	-7.8540E-2
4.2171E+1	2.4416E+0	-6.2832E-2
4.2271E+1	2.4589E+0	-4.7124E-2
4.2371E+1	2.4682E+0	-3.1416E-2
4.2471E+1	2.4810E+0	-1.5708E-2
4.2571E+1	2.4888E+0	0.0000E+0
4.2671E+1	2.4952E+0	1.5708E-2
4.2771E+1	2.5125E+0	3.1416E-2
4.2871E+1	2.5122E+0	3.1416E-2
4.2971E+1	2.5215E+0	4.7124E-2
4.3071E+1	2.5337E+0	7.8540E-2
4.3171E+1	2.5529E+0	7.8540E-2
4.3271E+1	2.5520E+0	9.4248E-2
4.3371E+1	2.5700E+0	1.0996E-1
4.3471E+1	2.5709E+0	1.0996E-1
4.3571E+1	2.5899E+0	1.4137E-1
4.3671E+1	2.5895E+0	1.4137E-1
4.3771E+1	2.5979E+0	1.4137E-1
4.3871E+1	2.6043E+0	1.7279E-1
4.3971E+1	2.6107E+0	1.7279E-1
4.4071E+1	2.6220E+0	1.7279E-1
4.4171E+1	2.6126E+0	1.8850E-1
4.4271E+1	2.6191E+0	2.0420E-1
4.4371E+1	2.6316E+0	2.0420E-1
4.4471E+1	2.6428E+0	2.0420E-1
4.4571E+1	2.6300E+0	2.0420E-1
4.4671E+1	2.6338E+0	2.0420E-1
4.4771E+1	2.6390E+0	2.1991E-1
4.4871E+1	2.6502E+0	2.1991E-1
4.4971E+1	2.6419E+0	2.1991E-1
4.5071E+1	2.6380E+0	2.3562E-1
4.5171E+1	2.6467E+0	2.3562E-1
4.5271E+1	2.6544E+0	2.1991E-1
4.5371E+1	2.6396E+0	2.1991E-1
4.5471E+1	2.6351E+0	2.1991E-1
4.5571E+1	2.6258E+0	2.1991E-1
4.5671E+1	2.6345E+0	2.0420E-1
4.5771E+1	2.6175E+0	1.8850E-1
4.5871E+1	2.6133E+0	2.0420E-1
4.5971E+1	2.6081E+0	1.8850E-1
4.6071E+1	2.5963E+0	1.7279E-1
4.6171E+1	2.5937E+0	1.7279E-1
4.6271E+1	2.5838E+0	1.4137E-1
4.6371E+1	2.5892E+0	1.4137E-1
4.6471E+1	2.5680E+0	1.2566E-1
4.6571E+1	2.5533E+0	1.0996E-1
4.6671E+1	2.5475E+0	1.0996E-1
4.6771E+1	2.5334E+0	7.8540E-2
4.6871E+1	2.5183E+0	6.2832E-2
4.6971E+1	2.5038E+0	4.7124E-2
4.7071E+1	2.4984E+0	3.1416E-2
4.7171E+1	2.4862E+0	1.5708E-2
4.7271E+1	2.4865E+0	0.0000E+0
4.7371E+1	2.4615E+0	0.0000E+0
4.7471E+1	2.4412E+0	-3.1416E-2
4.7571E+1	2.4412E+0	-4.7124E-2
4.7671E+1	2.4294E+0	-6.2832E-2
4.7771E+1	2.4303E+0	-7.8540E-2
4.7871E+1	2.4165E+0	-7.8540E-2
4.7971E+1	2.3995E+0	-9.4248E-2
4.8071E+1	2.3934E+0	-1.0996E-1
4.8171E+1	2.3815E+0	-1.4137E-1
4.8271E+1	2.3812E+0	-1.4137E-1
4.8371E+1	2.3668E+0	-1.4137E-1
4.8471E+1	2.3588E+0	-1.7279E-1
4.8571E+1	2.3533E+0	-1.8850E-1
4.8671E+1	2.3373E+0	-1.8850E-1
4.8771E+1	2.3302E+0	-2.0420E-1
4.8871E+1	2.3273E+0	-2.0420E-1
4.8971E+1	2.3267E+0	-2.1991E-1
4.9071E+1	2.3190E+0	-2.3562E-1
4.9171E+1	2.3148E+0	-2.1991E-1
4.9271E+1	2.3064E+0	-2.3562E-1
4.9371E+1	2.3113E+0	-2.5133E-1
4.9471E+1	2.3103E+0	-2.5133E-1
4.9571E+1	2.3055E+0	-2.3562E-1
4.9671E+1	2.3029E+0	-2.5133E-1
4.9771E+1	2.3071E+0	-2.6704E-1
4.9871E+1	2.3052E+0	-2.5133E-1
4.9971E+1	2.2994E+0	-2.5133E-1
5.0071E+1	2.3109E+0	-2.5133E-1
5.0171E+1	2.3074E+0	-2.3562E-1
5.0271E+1	2.3103E+0	-2.3562E-1
5.0371E+1	2.3097E+0	-2.5133E-1
5.0471E+1	2.3113E+0	-2.3562E-1
5.0571E+1	2.3177E+0	-2.3562E-1
5.0671E+1	2.3235E+0	-2.3562E-1
5.0771E+1	2.3238E+0	-2.1991E-1
5.0871E+1	2.3289E+0	-2.1991E-1
5.0971E+1	2.3414E+0	-2.0420E-1
5.1071E+1	2.3482E+0	-1.8850E-1
5.1171E+1	2.3536E+0	-1.8850E-1
5.1271E+1	2.3697E+0	-1.7279E-1
5.1371E+1	2.3793E+0	-1.7279E-1
5.1471E+1	2.3755E+0	-1.5708E-1
5.1571E+1	2.3947E+0	-1.4137E-1
5.1671E+1	2.4047E+0	-1.2566E-1
5.1771E+1	2.4111E+0	-1.0996E-1
5.1871E+1	2.4188E+0	-9.4248E-2
5.1971E+1	2.4291E+0	-7.8540E-2
5.2071E+1	2.4435E+0	-7.8540E-2
5.2171E+1	2.4589E+0	-4.7124E-2
5.2271E+1	2.4653E+0	-1.5708E-2
5.2371E+1	2.4827E+0	-1.5708E-2
5.2471E+1	2.5038E+0	0.0000E+0
5.2571E+1	2.5064E+0	1.5708E-2
5.2671E+1	2.5208E+0	3.1416E-2
5.2771E+1	2.5237E+0	6.2832E-2
5.2871E+1	2.5436E+0	6.2832E-2
5.2971E+1	2.5552E+0	7.8540E-2
5.3071E+1	2.5613E+0	1.0996E-1
5.3171E+1	2.5847E+0	1.0996E-1
5.3271E+1	2.5799E+0	1.2566E-1
5.3371E+1	2.5982E+0	1.4137E-1
5.3471E+1	2.5963E+0	1.5708E-1
5.3571E+1	2.6081E+0	1.7279E-1
5.3671E+1	2.6200E+0	1.7279E-1
5.3771E+1	2.6245E+0	1.8850E-1
5.3871E+1	2.6242E+0	2.0420E-1
5.3971E+1	2.6322E+0	2.1991E-1
5.4071E+1	2.6451E+0	2.1991E-1
5.4171E+1	2.6454E+0	2.1991E-1
5.4271E+1	2.6608E+0	2.3562E-1
5.4371E+1	2.6589E+0	2.5133E-1
5.4471E+1	2.6579E+0	2.5133E-1
5.4571E+1	2.6656E+0	2.5133E-1
5.4671E+1	2.6695E+0	2.5133E-1
5.4771E+1	2.6714E+0	2.5133E-1
5.4871E+1	2.6678E+0	2.6704E-1
5.4971E+1	2.6720E+0	2.6704E-1
5.5071E+1	2.6768E+0	2.6704E-1
5.5171E+1	2.6723E+0	2.6704E-1
5.5271E+1	2.6720E+0	2.6704E-1
5.5371E+1	2.6669E+0	2.6704E-1
5.5471E+1	2.6784E+0	2.5133E-1
5.5571E+1	2.6489E+0	2.6704E-1
5.5671E+1	2.6624E+0	2.5133E-1
5.5771E+1	2.6524E+0	2.3562E-1
5.5871E+1	2.6447E+0	2.5133E-1
5.5971E+1	2.6181E+0	2.3562E-1
5.6071E+1	2.6229E+0	2.1991E-1
5.6171E+1	2.6367E+0	2.0420E-1
5.6271E+1	2.6194E+0	2.0420E-1
5.6371E+1	2.6046E+0	1.8850E-1
5.6471E+1	2.6053E+0	1.5708E-1
5.6571E+1	2.5870E+0	1.5708E-1
5.6671E+1	2.5822E+0	1.5708E-1
5.6771E+1	2.5632E+0	1.4137E-1
5.6871E+1	2.5488E+0	1.0996E-1
5.6971E+1	2.5452E+0	9.4248E-2
5.7071E+1	2.5411E+0	7.8540E-2
5.7171E+1	2.5241E+0	6.2832E-2
5.7271E+1	2.5099E+0	4.7124E-2
5.7371E+1	2.4900E+0	3.1416E-2
5.7471E+1	2.4708E+0	1.5708E-2
5.7571E+1	2.4708E+0	0.0000E+0
5.7671E+1	2.4544E+0	-1.5708E-2
5.7771E+1	2.4502E+0	-3.1416E-2
5.7871E+1	2.4374E+0	-4.7124E-2
5.7971E+1	2.4226E+0	-7.8540E-2
5.8071E+1	2.4146E+0	-7.8540E-2
5.8171E+1	2.3954E+0	-7.8540E-2
5.8271E+1	2.4011E+0	-1.0996E-1
5.8371E+1	2.3893E+0	-1.2566E-1
5.8471E+1	2.3806E+0	-1.2566E-1
5.8571E+1	2.3815E+0	-1.4137E-1
5.8671E+1	2.3771E+0	-1.5708E-1
5.8771E+1	2.3629E+0	-1.5708E-1
5.8871E+1	2.3501E+0	-1.7279E-1
5.8971E+1	2.3482E+0	-1.8850E-1
5.9071E+1	2.3501E+0	-1.8850E-1
5.9171E+1	2.3366E+0	-1.8850E-1
5.9271E+1	2.3315E+0	-2.0420E-1
5.9371E+1	2.3276E+0	-2.1991E-1
5.9471E+1	2.3225E+0	-2.1991E-1
5.9571E+1	2.3257E+0	-2.1991E-1
5.9671E+1	2.3174E+0	-2.1991E-1
5.9771E+1	2.3279E+0	-2.3562E-1
5.9871E+1	2.3231E+0	-2.3562E-1
5.9971E+1	2.3225E+0	-2.1991E-1
6.0071E+1	2.3225E+0	-2.1991E-1
6.0171E+1	2.3283E+0	-2.1991E-1
6.0271E+1	2.3267E+0	-2.1991E-1
6.0371E+1	2.3292E+0	-2.1991E-1
6.0471E+1	2.3334E+0	-2.1991E-1
6.0571E+1	2.3337E+0	-2.1991E-1
