% Time (s)	Gyro Output (V)	Input Rate (rad/s)	%1/22/201611:22 AM
4.3000E-2	6.2010E+0	-1.2723E+0
1.4300E-1	6.2030E+0	-1.2723E+0
2.4300E-1	6.2007E+0	0.0000E+0
3.4300E-1	6.2010E+0	0.0000E+0
4.4300E-1	6.2013E+0	0.0000E+0
5.4300E-1	6.2046E+0	0.0000E+0
6.4300E-1	6.2071E+0	1.5708E-2
7.4300E-1	6.2129E+0	1.5708E-2
8.4300E-1	6.2200E+0	1.5708E-2
9.4300E-1	6.2306E+0	3.1416E-2
1.0430E+0	6.2389E+0	1.5708E-2
1.1430E+0	6.2533E+0	3.1416E-2
1.2430E+0	6.2617E+0	4.7124E-2
1.3430E+0	6.2752E+0	4.7124E-2
1.4430E+0	6.2883E+0	6.2832E-2
1.5430E+0	6.3015E+0	6.2832E-2
1.6430E+0	6.3124E+0	6.2832E-2
1.7430E+0	6.3310E+0	7.8540E-2
1.8430E+0	6.3506E+0	9.4248E-2
1.9430E+0	6.3612E+0	9.4248E-2
2.0430E+0	6.3888E+0	1.0996E-1
2.1430E+0	6.3910E+0	1.2566E-1
2.2430E+0	6.4125E+0	1.2566E-1
2.3430E+0	6.4251E+0	1.4137E-1
2.4430E+0	6.4462E+0	1.5708E-1
2.5430E+0	6.4600E+0	1.7279E-1
2.6430E+0	6.4758E+0	1.7279E-1
2.7430E+0	6.4931E+0	1.7279E-1
2.8430E+0	6.5043E+0	2.0420E-1
2.9430E+0	6.5268E+0	2.0420E-1
3.0430E+0	6.5393E+0	2.0420E-1
3.1430E+0	6.5583E+0	2.3562E-1
3.2430E+0	6.5676E+0	2.5133E-1
3.3430E+0	6.5920E+0	2.5133E-1
3.4430E+0	6.5984E+0	2.5133E-1
3.5430E+0	6.6205E+0	2.6704E-1
3.6430E+0	6.6250E+0	2.6704E-1
3.7430E+0	6.6404E+0	2.8274E-1
3.8430E+0	6.6443E+0	2.9845E-1
3.9430E+0	6.6549E+0	2.9845E-1
4.0430E+0	6.6587E+0	2.9845E-1
4.1430E+0	6.6581E+0	2.9845E-1
4.2430E+0	6.6552E+0	2.9845E-1
4.3430E+0	6.6549E+0	2.8274E-1
4.4430E+0	6.6430E+0	2.9845E-1
4.5430E+0	6.6379E+0	2.9845E-1
4.6430E+0	6.6276E+0	2.6704E-1
4.7430E+0	6.6192E+0	2.6704E-1
4.8430E+0	6.6083E+0	2.6704E-1
4.9430E+0	6.5958E+0	2.5133E-1
5.0430E+0	6.5881E+0	2.5133E-1
5.1430E+0	6.5724E+0	2.5133E-1
5.2430E+0	6.5656E+0	2.5133E-1
5.3430E+0	6.5432E+0	2.3562E-1
5.4430E+0	6.5342E+0	2.1991E-1
5.5430E+0	6.5156E+0	2.0420E-1
5.6430E+0	6.4995E+0	1.8850E-1
5.7430E+0	6.4732E+0	1.8850E-1
5.8430E+0	6.4607E+0	1.8850E-1
5.9430E+0	6.4344E+0	1.7279E-1
6.0430E+0	6.4093E+0	1.4137E-1
6.1430E+0	6.3792E+0	1.2566E-1
6.2430E+0	6.3622E+0	1.0996E-1
6.3430E+0	6.3333E+0	9.4248E-2
6.4430E+0	6.3095E+0	9.4248E-2
6.5430E+0	6.2768E+0	7.8540E-2
6.6430E+0	6.2598E+0	4.7124E-2
6.7430E+0	6.2212E+0	1.5708E-2
6.8430E+0	6.1892E+0	1.5708E-2
6.9430E+0	6.1587E+0	0.0000E+0
7.0430E+0	6.1327E+0	-3.1416E-2
7.1430E+0	6.1083E+0	-4.7124E-2
7.2430E+0	6.0807E+0	-6.2832E-2
7.3430E+0	6.0637E+0	-7.8540E-2
7.4430E+0	6.0367E+0	-9.4248E-2
7.5430E+0	6.0152E+0	-1.0996E-1
7.6430E+0	5.9953E+0	-1.2566E-1
7.7430E+0	5.9796E+0	-1.4137E-1
7.8430E+0	5.9545E+0	-1.5708E-1
7.9430E+0	5.9340E+0	-1.5708E-1
8.0430E+0	5.9138E+0	-1.7279E-1
8.1430E+0	5.9025E+0	-1.8850E-1
8.2430E+0	5.8807E+0	-2.0420E-1
8.3430E+0	5.8682E+0	-2.1991E-1
8.4430E+0	5.8550E+0	-2.1991E-1
8.5430E+0	5.8419E+0	-2.1991E-1
8.6430E+0	5.8265E+0	-2.3562E-1
8.7430E+0	5.8139E+0	-2.5133E-1
8.8430E+0	5.7992E+0	-2.5133E-1
8.9430E+0	5.7905E+0	-2.6704E-1
9.0430E+0	5.7767E+0	-2.8274E-1
9.1430E+0	5.7703E+0	-2.8274E-1
9.2430E+0	5.7562E+0	-2.8274E-1
9.3430E+0	5.7485E+0	-2.9845E-1
9.4430E+0	5.7382E+0	-2.9845E-1
9.5430E+0	5.7331E+0	-2.9845E-1
9.6430E+0	5.7270E+0	-3.1416E-1
9.7430E+0	5.7225E+0	-3.1416E-1
9.8430E+0	5.7202E+0	-3.1416E-1
9.9430E+0	5.7205E+0	-3.1416E-1
1.0043E+1	5.7225E+0	-3.1416E-1
1.0143E+1	5.7209E+0	-3.1416E-1
1.0243E+1	5.7250E+0	-3.1416E-1
1.0343E+1	5.7302E+0	-3.1416E-1
1.0443E+1	5.7392E+0	-3.1416E-1
1.0543E+1	5.7440E+0	-2.9845E-1
1.0643E+1	5.7520E+0	-2.8274E-1
1.0743E+1	5.7619E+0	-2.8274E-1
1.0843E+1	5.7732E+0	-2.8274E-1
1.0943E+1	5.7822E+0	-2.8274E-1
1.1043E+1	5.7940E+0	-2.6704E-1
1.1143E+1	5.8072E+0	-2.5133E-1
1.1243E+1	5.8242E+0	-2.5133E-1
1.1343E+1	5.8371E+0	-2.5133E-1
1.1443E+1	5.8547E+0	-2.3562E-1
1.1543E+1	5.8730E+0	-2.0420E-1
1.1643E+1	5.8951E+0	-1.8850E-1
1.1743E+1	5.9128E+0	-1.8850E-1
1.1843E+1	5.9362E+0	-1.8850E-1
1.1943E+1	5.9587E+0	-1.7279E-1
1.2043E+1	5.9831E+0	-1.4137E-1
1.2143E+1	6.0059E+0	-1.2566E-1
1.2243E+1	6.0325E+0	-1.0996E-1
1.2343E+1	6.0569E+0	-9.4248E-2
1.2443E+1	6.0836E+0	-9.4248E-2
1.2543E+1	6.1041E+0	-6.2832E-2
1.2643E+1	6.1307E+0	-4.7124E-2
1.2743E+1	6.1554E+0	-4.7124E-2
1.2843E+1	6.1789E+0	-1.5708E-2
1.2943E+1	6.2091E+0	0.0000E+0
1.3043E+1	6.2328E+0	1.5708E-2
1.3143E+1	6.2627E+0	4.7124E-2
1.3243E+1	6.2816E+0	4.7124E-2
1.3343E+1	6.3021E+0	6.2832E-2
1.3443E+1	6.3224E+0	7.8540E-2
1.3543E+1	6.3410E+0	7.8540E-2
1.3643E+1	6.3589E+0	1.0996E-1
1.3743E+1	6.3760E+0	1.2566E-1
1.3843E+1	6.3942E+0	1.2566E-1
1.3943E+1	6.4087E+0	1.2566E-1
1.4043E+1	6.4244E+0	1.4137E-1
1.4143E+1	6.4366E+0	1.5708E-1
1.4243E+1	6.4453E+0	1.7279E-1
1.4343E+1	6.4533E+0	1.7279E-1
1.4443E+1	6.4639E+0	1.7279E-1
1.4543E+1	6.4713E+0	1.8850E-1
1.4643E+1	6.4755E+0	1.8850E-1
1.4743E+1	6.4809E+0	1.8850E-1
1.4843E+1	6.4841E+0	1.8850E-1
1.4943E+1	6.4854E+0	2.0420E-1
1.5043E+1	6.4864E+0	2.0420E-1
1.5143E+1	6.4880E+0	1.8850E-1
1.5243E+1	6.4867E+0	1.8850E-1
1.5343E+1	6.4876E+0	2.0420E-1
1.5443E+1	6.4899E+0	2.0420E-1
1.5543E+1	6.4880E+0	1.7279E-1
1.5643E+1	6.4854E+0	1.7279E-1
1.5743E+1	6.4825E+0	1.8850E-1
1.5843E+1	6.4726E+0	1.7279E-1
1.5943E+1	6.4600E+0	1.5708E-1
1.6043E+1	6.4466E+0	1.5708E-1
1.6143E+1	6.4357E+0	1.5708E-1
1.6243E+1	6.4193E+0	1.4137E-1
1.6343E+1	6.4020E+0	1.4137E-1
1.6443E+1	6.3853E+0	1.2566E-1
1.6543E+1	6.3695E+0	1.0996E-1
1.6643E+1	6.3509E+0	1.0996E-1
1.6743E+1	6.3320E+0	9.4248E-2
1.6843E+1	6.3146E+0	7.8540E-2
1.6943E+1	6.2957E+0	6.2832E-2
1.7043E+1	6.2748E+0	6.2832E-2
1.7143E+1	6.2498E+0	4.7124E-2
1.7243E+1	6.2296E+0	1.5708E-2
1.7343E+1	6.2052E+0	0.0000E+0
1.7443E+1	6.1808E+0	0.0000E+0
1.7543E+1	6.1535E+0	-1.5708E-2
1.7643E+1	6.1365E+0	-3.1416E-2
1.7743E+1	6.1153E+0	-4.7124E-2
1.7843E+1	6.0983E+0	-6.2832E-2
1.7943E+1	6.0771E+0	-6.2832E-2
1.8043E+1	6.0611E+0	-7.8540E-2
1.8143E+1	6.0441E+0	-9.4248E-2
1.8243E+1	6.0264E+0	-9.4248E-2
1.8343E+1	6.0110E+0	-1.0996E-1
1.8443E+1	6.0001E+0	-1.2566E-1
1.8543E+1	5.9860E+0	-1.4137E-1
1.8643E+1	5.9712E+0	-1.5708E-1
1.8743E+1	5.9565E+0	-1.4137E-1
1.8843E+1	5.9468E+0	-1.5708E-1
1.8943E+1	5.9375E+0	-1.7279E-1
1.9043E+1	5.9298E+0	-1.7279E-1
1.9143E+1	5.9192E+0	-1.7279E-1
1.9243E+1	5.9141E+0	-1.7279E-1
1.9343E+1	5.9096E+0	-1.8850E-1
1.9443E+1	5.9019E+0	-2.0420E-1
1.9543E+1	5.8987E+0	-2.0420E-1
1.9643E+1	5.8971E+0	-1.8850E-1
1.9743E+1	5.8948E+0	-1.8850E-1
1.9843E+1	5.8923E+0	-2.0420E-1
1.9943E+1	5.8910E+0	-2.0420E-1
2.0043E+1	5.8932E+0	-1.8850E-1
2.0143E+1	5.8971E+0	-2.0420E-1
2.0243E+1	5.8996E+0	-2.0420E-1
2.0343E+1	5.9035E+0	-1.8850E-1
2.0443E+1	5.9099E+0	-1.8850E-1
2.0543E+1	5.9205E+0	-1.8850E-1
2.0643E+1	5.9288E+0	-1.8850E-1
2.0743E+1	5.9391E+0	-1.7279E-1
2.0843E+1	5.9532E+0	-1.5708E-1
2.0943E+1	5.9699E+0	-1.5708E-1
2.1043E+1	5.9850E+0	-1.5708E-1
2.1143E+1	6.0017E+0	-1.4137E-1
2.1243E+1	6.0178E+0	-1.2566E-1
2.1343E+1	6.0415E+0	-1.0996E-1
2.1443E+1	6.0582E+0	-9.4248E-2
2.1543E+1	6.0797E+0	-9.4248E-2
2.1643E+1	6.1041E+0	-7.8540E-2
2.1743E+1	6.1291E+0	-4.7124E-2
2.1843E+1	6.1458E+0	-4.7124E-2
2.1943E+1	6.1689E+0	-3.1416E-2
2.2043E+1	6.2013E+0	0.0000E+0
2.2143E+1	6.2270E+0	0.0000E+0
2.2243E+1	6.2463E+0	1.5708E-2
2.2343E+1	6.2793E+0	3.1416E-2
2.2443E+1	6.2973E+0	4.7124E-2
2.2543E+1	6.3249E+0	6.2832E-2
2.2643E+1	6.3384E+0	7.8540E-2
2.2743E+1	6.3650E+0	9.4248E-2
2.2843E+1	6.3955E+0	1.0996E-1
2.2943E+1	6.4064E+0	1.2566E-1
2.3043E+1	6.4286E+0	1.4137E-1
2.3143E+1	6.4478E+0	1.5708E-1
2.3243E+1	6.4832E+0	1.5708E-1
2.3343E+1	6.5056E+0	1.7279E-1
2.3443E+1	6.5082E+0	2.0420E-1
2.3543E+1	6.5409E+0	2.0420E-1
2.3643E+1	6.5576E+0	2.0420E-1
2.3743E+1	6.5705E+0	2.3562E-1
2.3843E+1	6.5711E+0	2.3562E-1
2.3943E+1	6.5949E+0	2.3562E-1
2.4043E+1	6.6070E+0	2.5133E-1
2.4143E+1	6.6022E+0	2.6704E-1
2.4243E+1	6.6141E+0	2.8274E-1
2.4343E+1	6.6327E+0	2.6704E-1
2.4443E+1	6.6372E+0	2.6704E-1
2.4543E+1	6.6314E+0	2.8274E-1
2.4643E+1	6.6427E+0	2.8274E-1
2.4743E+1	6.6472E+0	2.8274E-1
2.4843E+1	6.6407E+0	2.9845E-1
2.4943E+1	6.6391E+0	2.9845E-1
2.5043E+1	6.6507E+0	2.8274E-1
2.5143E+1	6.6472E+0	2.8274E-1
2.5243E+1	6.6388E+0	2.8274E-1
2.5343E+1	6.6302E+0	2.8274E-1
2.5443E+1	6.6305E+0	2.8274E-1
2.5543E+1	6.6225E+0	2.8274E-1
2.5643E+1	6.6006E+0	2.6704E-1
2.5743E+1	6.5897E+0	2.5133E-1
2.5843E+1	6.5727E+0	2.5133E-1
2.5943E+1	6.5486E+0	2.3562E-1
2.6043E+1	6.5274E+0	2.1991E-1
2.6143E+1	6.5072E+0	2.0420E-1
2.6243E+1	6.4815E+0	1.8850E-1
2.6343E+1	6.4591E+0	1.7279E-1
2.6443E+1	6.4318E+0	1.5708E-1
2.6543E+1	6.4058E+0	1.5708E-1
2.6643E+1	6.3808E+0	1.2566E-1
2.6743E+1	6.3525E+0	1.0996E-1
2.6843E+1	6.3288E+0	9.4248E-2
2.6943E+1	6.3002E+0	6.2832E-2
2.7043E+1	6.2739E+0	6.2832E-2
2.7143E+1	6.2418E+0	4.7124E-2
2.7243E+1	6.2126E+0	1.5708E-2
2.7343E+1	6.1811E+0	0.0000E+0
2.7443E+1	6.1532E+0	-1.5708E-2
2.7543E+1	6.1278E+0	-4.7124E-2
2.7643E+1	6.1060E+0	-6.2832E-2
2.7743E+1	6.0816E+0	-6.2832E-2
2.7843E+1	6.0614E+0	-7.8540E-2
2.7943E+1	6.0441E+0	-9.4248E-2
2.8043E+1	6.0226E+0	-1.0996E-1
2.8143E+1	6.0052E+0	-1.2566E-1
2.8243E+1	5.9882E+0	-1.4137E-1
2.8343E+1	5.9686E+0	-1.5708E-1
2.8443E+1	5.9478E+0	-1.5708E-1
2.8543E+1	5.9305E+0	-1.5708E-1
2.8643E+1	5.9141E+0	-1.7279E-1
2.8743E+1	5.8961E+0	-1.8850E-1
2.8843E+1	5.8775E+0	-2.0420E-1
2.8943E+1	5.8666E+0	-2.1991E-1
2.9043E+1	5.8544E+0	-2.3562E-1
2.9143E+1	5.8419E+0	-2.3562E-1
2.9243E+1	5.8319E+0	-2.3562E-1
2.9343E+1	5.8252E+0	-2.5133E-1
2.9443E+1	5.8175E+0	-2.5133E-1
2.9543E+1	5.8114E+0	-2.5133E-1
2.9643E+1	5.8069E+0	-2.5133E-1
2.9743E+1	5.8066E+0	-2.6704E-1
2.9843E+1	5.8056E+0	-2.6704E-1
2.9943E+1	5.8050E+0	-2.5133E-1
3.0043E+1	5.8072E+0	-2.5133E-1
3.0143E+1	5.8091E+0	-2.6704E-1
3.0243E+1	5.8139E+0	-2.6704E-1
3.0343E+1	5.8178E+0	-2.5133E-1
3.0443E+1	5.8252E+0	-2.3562E-1
3.0543E+1	5.8313E+0	-2.3562E-1
3.0643E+1	5.8371E+0	-2.5133E-1
3.0743E+1	5.8473E+0	-2.3562E-1
3.0843E+1	5.8573E+0	-2.1991E-1
3.0943E+1	5.8727E+0	-2.1991E-1
3.1043E+1	5.8817E+0	-2.1991E-1
3.1143E+1	5.8971E+0	-2.0420E-1
3.1243E+1	5.9138E+0	-1.8850E-1
3.1343E+1	5.9308E+0	-1.8850E-1
3.1443E+1	5.9529E+0	-1.7279E-1
3.1543E+1	5.9699E+0	-1.5708E-1
3.1643E+1	5.9927E+0	-1.5708E-1
3.1743E+1	6.0136E+0	-1.4137E-1
3.1843E+1	6.0344E+0	-1.0996E-1
3.1943E+1	6.0566E+0	-9.4248E-2
3.2043E+1	6.0826E+0	-9.4248E-2
3.2143E+1	6.1070E+0	-7.8540E-2
3.2243E+1	6.1285E+0	-6.2832E-2
3.2343E+1	6.1513E+0	-4.7124E-2
3.2443E+1	6.1808E+0	-1.5708E-2
3.2543E+1	6.2100E+0	0.0000E+0
3.2643E+1	6.2331E+0	0.0000E+0
3.2743E+1	6.2623E+0	1.5708E-2
3.2843E+1	6.2874E+0	4.7124E-2
3.2943E+1	6.3031E+0	6.2832E-2
3.3043E+1	6.3249E+0	6.2832E-2
3.3143E+1	6.3480E+0	7.8540E-2
3.3243E+1	6.3718E+0	9.4248E-2
3.3343E+1	6.3910E+0	1.0996E-1
3.3443E+1	6.4036E+0	1.2566E-1
3.3543E+1	6.4260E+0	1.4137E-1
3.3643E+1	6.4507E+0	1.5708E-1
3.3743E+1	6.4584E+0	1.5708E-1
3.3843E+1	6.4706E+0	1.7279E-1
3.3943E+1	6.4838E+0	1.7279E-1
3.4043E+1	6.5066E+0	1.8850E-1
3.4143E+1	6.5082E+0	2.0420E-1
3.4243E+1	6.5172E+0	2.0420E-1
3.4343E+1	6.5371E+0	2.1991E-1
3.4443E+1	6.5461E+0	2.0420E-1
3.4543E+1	6.5345E+0	2.0420E-1
3.4643E+1	6.5509E+0	2.1991E-1
3.4743E+1	6.5579E+0	2.3562E-1
3.4843E+1	6.5541E+0	2.3562E-1
3.4943E+1	6.5448E+0	2.1991E-1
3.5043E+1	6.5605E+0	2.3562E-1
3.5143E+1	6.5602E+0	2.3562E-1
3.5243E+1	6.5416E+0	2.1991E-1
3.5343E+1	6.5406E+0	2.1991E-1
3.5443E+1	6.5470E+0	2.1991E-1
3.5543E+1	6.5377E+0	2.1991E-1
3.5643E+1	6.5207E+0	2.1991E-1
3.5743E+1	6.5149E+0	2.1991E-1
3.5843E+1	6.5117E+0	2.0420E-1
3.5943E+1	6.4864E+0	1.8850E-1
3.6043E+1	6.4706E+0	1.8850E-1
3.6143E+1	6.4668E+0	1.7279E-1
3.6243E+1	6.4462E+0	1.7279E-1
3.6343E+1	6.4190E+0	1.5708E-1
3.6443E+1	6.3968E+0	1.4137E-1
3.6543E+1	6.3827E+0	1.2566E-1
3.6643E+1	6.3564E+0	1.0996E-1
3.6743E+1	6.3272E+0	1.0996E-1
3.6843E+1	6.3095E+0	7.8540E-2
3.6943E+1	6.2819E+0	6.2832E-2
3.7043E+1	6.2527E+0	4.7124E-2
3.7143E+1	6.2251E+0	3.1416E-2
3.7243E+1	6.1927E+0	1.5708E-2
3.7343E+1	6.1651E+0	-1.5708E-2
3.7443E+1	6.1388E+0	-3.1416E-2
3.7543E+1	6.1185E+0	-4.7124E-2
3.7643E+1	6.0957E+0	-6.2832E-2
3.7743E+1	6.0720E+0	-6.2832E-2
3.7843E+1	6.0486E+0	-7.8540E-2
3.7943E+1	6.0309E+0	-1.0996E-1
3.8043E+1	6.0056E+0	-1.2566E-1
3.8143E+1	5.9876E+0	-1.2566E-1
3.8243E+1	5.9699E+0	-1.4137E-1
3.8343E+1	5.9475E+0	-1.7279E-1
3.8443E+1	5.9292E+0	-1.7279E-1
3.8543E+1	5.9163E+0	-1.7279E-1
3.8643E+1	5.9022E+0	-1.8850E-1
3.8743E+1	5.8868E+0	-2.0420E-1
3.8843E+1	5.8749E+0	-2.1991E-1
3.8943E+1	5.8666E+0	-2.1991E-1
3.9043E+1	5.8570E+0	-2.1991E-1
3.9143E+1	5.8499E+0	-2.1991E-1
3.9243E+1	5.8432E+0	-2.3562E-1
3.9343E+1	5.8377E+0	-2.5133E-1
3.9443E+1	5.8332E+0	-2.3562E-1
3.9543E+1	5.8297E+0	-2.3562E-1
3.9643E+1	5.8281E+0	-2.5133E-1
3.9743E+1	5.8261E+0	-2.5133E-1
3.9843E+1	5.8258E+0	-2.5133E-1
3.9943E+1	5.8258E+0	-2.5133E-1
4.0043E+1	5.8258E+0	-2.5133E-1
4.0143E+1	5.8261E+0	-2.5133E-1
4.0243E+1	5.8265E+0	-2.5133E-1
4.0343E+1	5.8268E+0	-2.5133E-1
4.0443E+1	5.8319E+0	-2.3562E-1
4.0543E+1	5.8399E+0	-2.3562E-1
4.0643E+1	5.8483E+0	-2.3562E-1
4.0743E+1	5.8592E+0	-2.1991E-1
4.0843E+1	5.8720E+0	-2.0420E-1
4.0943E+1	5.8878E+0	-2.0420E-1
4.1043E+1	5.9025E+0	-2.0420E-1
4.1143E+1	5.9195E+0	-1.8850E-1
4.1243E+1	5.9394E+0	-1.7279E-1
4.1343E+1	5.9600E+0	-1.5708E-1
4.1443E+1	5.9812E+0	-1.5708E-1
4.1543E+1	6.0017E+0	-1.4137E-1
4.1643E+1	6.0235E+0	-1.2566E-1
4.1743E+1	6.0454E+0	-1.0996E-1
4.1843E+1	6.0685E+0	-9.4248E-2
4.1943E+1	6.0938E+0	-7.8540E-2
4.2043E+1	6.1169E+0	-6.2832E-2
4.2143E+1	6.1381E+0	-4.7124E-2
4.2243E+1	6.1625E+0	-3.1416E-2
4.2343E+1	6.1901E+0	-1.5708E-2
4.2443E+1	6.2193E+0	0.0000E+0
4.2543E+1	6.2440E+0	1.5708E-2
4.2643E+1	6.2687E+0	3.1416E-2
4.2743E+1	6.2935E+0	4.7124E-2
4.2843E+1	6.3166E+0	6.2832E-2
4.2943E+1	6.3371E+0	7.8540E-2
4.3043E+1	6.3589E+0	9.4248E-2
4.3143E+1	6.3830E+0	1.0996E-1
4.3243E+1	6.4052E+0	1.2566E-1
4.3343E+1	6.4241E+0	1.2566E-1
4.3443E+1	6.4450E+0	1.4137E-1
4.3543E+1	6.4661E+0	1.5708E-1
4.3643E+1	6.4860E+0	1.7279E-1
4.3743E+1	6.5002E+0	1.8850E-1
4.3843E+1	6.5169E+0	2.0420E-1
4.3943E+1	6.5352E+0	2.0420E-1
4.4043E+1	6.5493E+0	2.0420E-1
4.4143E+1	6.5579E+0	2.3562E-1
4.4243E+1	6.5711E+0	2.3562E-1
4.4343E+1	6.5817E+0	2.3562E-1
4.4443E+1	6.5875E+0	2.5133E-1
4.4543E+1	6.5920E+0	2.5133E-1
4.4643E+1	6.5993E+0	2.5133E-1
4.4743E+1	6.6019E+0	2.6704E-1
4.4843E+1	6.5990E+0	2.6704E-1
4.4943E+1	6.5993E+0	2.5133E-1
4.5043E+1	6.5977E+0	2.5133E-1
4.5143E+1	6.6026E+0	2.6704E-1
4.5243E+1	6.5974E+0	2.6704E-1
4.5343E+1	6.5897E+0	2.5133E-1
4.5443E+1	6.5884E+0	2.5133E-1
4.5543E+1	6.5865E+0	2.5133E-1
4.5643E+1	6.5737E+0	2.5133E-1
4.5743E+1	6.5615E+0	2.5133E-1
4.5843E+1	6.5595E+0	2.3562E-1
4.5943E+1	6.5477E+0	2.1991E-1
4.6043E+1	6.5294E+0	2.1991E-1
4.6143E+1	6.5085E+0	2.1991E-1
4.6243E+1	6.5021E+0	2.0420E-1
4.6343E+1	6.4803E+0	1.8850E-1
4.6443E+1	6.4539E+0	1.7279E-1
4.6543E+1	6.4324E+0	1.5708E-1
4.6643E+1	6.4167E+0	1.5708E-1
4.6743E+1	6.3862E+0	1.4137E-1
4.6843E+1	6.3522E+0	1.0996E-1
4.6943E+1	6.3326E+0	9.4248E-2
4.7043E+1	6.3057E+0	9.4248E-2
4.7143E+1	6.2729E+0	6.2832E-2
4.7243E+1	6.2402E+0	3.1416E-2
4.7343E+1	6.2126E+0	3.1416E-2
4.7443E+1	6.1843E+0	1.5708E-2
4.7543E+1	6.1554E+0	-1.5708E-2
4.7643E+1	6.1259E+0	-3.1416E-2
4.7743E+1	6.1083E+0	-4.7124E-2
4.7843E+1	6.0839E+0	-6.2832E-2
4.7943E+1	6.0592E+0	-7.8540E-2
4.8043E+1	6.0361E+0	-9.4248E-2
4.8143E+1	6.0194E+0	-1.0996E-1
4.8243E+1	5.9995E+0	-1.2566E-1
4.8343E+1	5.9773E+0	-1.4137E-1
4.8443E+1	5.9603E+0	-1.5708E-1
4.8543E+1	5.9414E+0	-1.5708E-1
4.8643E+1	5.9240E+0	-1.5708E-1
4.8743E+1	5.9102E+0	-1.8850E-1
4.8843E+1	5.8993E+0	-2.0420E-1
4.8943E+1	5.8842E+0	-1.8850E-1
4.9043E+1	5.8746E+0	-2.0420E-1
4.9143E+1	5.8679E+0	-2.1991E-1
4.9243E+1	5.8618E+0	-2.1991E-1
4.9343E+1	5.8550E+0	-2.1991E-1
4.9443E+1	5.8509E+0	-2.3562E-1
4.9543E+1	5.8476E+0	-2.3562E-1
4.9643E+1	5.8467E+0	-2.3562E-1
4.9743E+1	5.8451E+0	-2.3562E-1
4.9843E+1	5.8444E+0	-2.3562E-1
4.9943E+1	5.8428E+0	-2.3562E-1
5.0043E+1	5.8435E+0	-2.3562E-1
5.0143E+1	5.8448E+0	-2.3562E-1
5.0243E+1	5.8454E+0	-2.3562E-1
5.0343E+1	5.8489E+0	-2.3562E-1
5.0443E+1	5.8521E+0	-2.1991E-1
5.0543E+1	5.8602E+0	-2.1991E-1
5.0643E+1	5.8679E+0	-2.1991E-1
5.0743E+1	5.8785E+0	-2.1991E-1
5.0843E+1	5.8871E+0	-2.0420E-1
5.0943E+1	5.9006E+0	-1.8850E-1
5.1043E+1	5.9150E+0	-1.8850E-1
5.1143E+1	5.9314E+0	-1.8850E-1
5.1243E+1	5.9478E+0	-1.7279E-1
5.1343E+1	5.9648E+0	-1.5708E-1
5.1443E+1	5.9882E+0	-1.4137E-1
5.1543E+1	6.0072E+0	-1.2566E-1
5.1643E+1	6.0248E+0	-1.2566E-1
5.1743E+1	6.0470E+0	-1.0996E-1
5.1843E+1	6.0710E+0	-7.8540E-2
5.1943E+1	6.0951E+0	-7.8540E-2
5.2043E+1	6.1150E+0	-6.2832E-2
5.2143E+1	6.1397E+0	-3.1416E-2
5.2243E+1	6.1648E+0	-3.1416E-2
5.2343E+1	6.1875E+0	-1.5708E-2
5.2443E+1	6.2148E+0	0.0000E+0
5.2543E+1	6.2453E+0	1.5708E-2
5.2643E+1	6.2700E+0	4.7124E-2
5.2743E+1	6.2909E+0	6.2832E-2
5.2843E+1	6.3121E+0	6.2832E-2
5.2943E+1	6.3365E+0	7.8540E-2
5.3043E+1	6.3586E+0	1.0996E-1
5.3143E+1	6.3798E+0	1.2566E-1
5.3243E+1	6.3994E+0	1.2566E-1
5.3343E+1	6.4241E+0	1.4137E-1
5.3443E+1	6.4440E+0	1.5708E-1
5.3543E+1	6.4594E+0	1.5708E-1
5.3643E+1	6.4761E+0	1.7279E-1
5.3743E+1	6.4963E+0	1.8850E-1
5.3843E+1	6.5092E+0	2.0420E-1
5.3943E+1	6.5217E+0	2.1991E-1
5.4043E+1	6.5339E+0	2.1991E-1
5.4143E+1	6.5429E+0	2.1991E-1
5.4243E+1	6.5512E+0	2.3562E-1
5.4343E+1	6.5602E+0	2.5133E-1
5.4443E+1	6.5666E+0	2.5133E-1
5.4543E+1	6.5721E+0	2.3562E-1
5.4643E+1	6.5762E+0	2.5133E-1
5.4743E+1	6.5791E+0	2.6704E-1
5.4843E+1	6.5804E+0	2.5133E-1
5.4943E+1	6.5839E+0	2.5133E-1
5.5043E+1	6.5836E+0	2.5133E-1
5.5143E+1	6.5810E+0	2.6704E-1
5.5243E+1	6.5836E+0	2.6704E-1
5.5343E+1	6.5830E+0	2.5133E-1
5.5443E+1	6.5849E+0	2.5133E-1
5.5543E+1	6.5839E+0	2.5133E-1
5.5643E+1	6.5801E+0	2.3562E-1
5.5743E+1	6.5750E+0	2.3562E-1
5.5843E+1	6.5599E+0	2.3562E-1
5.5943E+1	6.5483E+0	2.1991E-1
5.6043E+1	6.5268E+0	2.0420E-1
5.6143E+1	6.5069E+0	1.8850E-1
5.6243E+1	6.4819E+0	1.8850E-1
5.6343E+1	6.4607E+0	1.7279E-1
5.6443E+1	6.4318E+0	1.5708E-1
5.6543E+1	6.4016E+0	1.4137E-1
5.6643E+1	6.3750E+0	1.2566E-1
5.6743E+1	6.3483E+0	1.0996E-1
5.6843E+1	6.3175E+0	9.4248E-2
5.6943E+1	6.2912E+0	6.2832E-2
5.7043E+1	6.2649E+0	4.7124E-2
5.7143E+1	6.2328E+0	3.1416E-2
5.7243E+1	6.1952E+0	0.0000E+0
5.7343E+1	6.1635E+0	0.0000E+0
5.7443E+1	6.1375E+0	-1.5708E-2
5.7543E+1	6.1115E+0	-4.7124E-2
5.7643E+1	6.0880E+0	-6.2832E-2
5.7743E+1	6.0662E+0	-7.8540E-2
5.7843E+1	6.0425E+0	-9.4248E-2
5.7943E+1	6.0216E+0	-1.0996E-1
5.8043E+1	5.9982E+0	-1.2566E-1
5.8143E+1	5.9770E+0	-1.2566E-1
5.8243E+1	5.9574E+0	-1.4137E-1
5.8343E+1	5.9362E+0	-1.7279E-1
5.8443E+1	5.9183E+0	-1.8850E-1
5.8543E+1	5.9000E+0	-1.8850E-1
5.8643E+1	5.8817E+0	-1.8850E-1
5.8743E+1	5.8701E+0	-2.0420E-1
5.8843E+1	5.8541E+0	-2.1991E-1
5.8943E+1	5.8422E+0	-2.1991E-1
5.9043E+1	5.8332E+0	-2.3562E-1
5.9143E+1	5.8281E+0	-2.5133E-1
5.9243E+1	5.8172E+0	-2.5133E-1
5.9343E+1	5.8104E+0	-2.5133E-1
5.9443E+1	5.8075E+0	-2.5133E-1
5.9543E+1	5.8056E+0	-2.5133E-1
5.9643E+1	5.8040E+0	-2.6704E-1
5.9743E+1	5.8001E+0	-2.6704E-1
5.9843E+1	5.8011E+0	-2.6704E-1
5.9943E+1	5.8030E+0	-2.6704E-1
6.0043E+1	5.8046E+0	-2.5133E-1
6.0143E+1	5.8040E+0	-2.6704E-1
6.0243E+1	5.8107E+0	-2.6704E-1
6.0343E+1	5.8168E+0	-2.5133E-1
6.0443E+1	5.8200E+0	-2.5133E-1
6.0543E+1	5.8274E+0	-2.5133E-1
6.0643E+1	5.8377E+0	-2.3562E-1
6.0743E+1	5.8480E+0	-2.1991E-1
6.0843E+1	5.8586E+0	-2.3562E-1
