% Time (s)	Gyro Output (V)	Input Rate (rad/s)	%1/22/201611:29 AM
8.9000E-2	2.4705E+0	-2.3248E+0
1.8900E-1	2.4801E+0	-2.3405E+0
2.8900E-1	2.4817E+0	-1.5708E-2
3.8900E-1	2.5138E+0	1.5708E-2
4.8900E-1	2.5449E+0	6.2832E-2
5.8900E-1	2.6268E+0	1.2566E-1
6.8900E-1	2.6621E+0	2.0420E-1
7.8900E-1	2.7176E+0	2.8274E-1
8.8900E-1	2.7535E+0	3.2987E-1
9.8900E-1	2.7905E+0	3.9270E-1
1.0890E+0	2.8161E+0	4.5553E-1
1.1890E+0	2.8614E+0	4.8695E-1
1.2890E+0	2.9012E+0	5.3407E-1
1.3890E+0	2.9375E+0	5.9690E-1
1.4890E+0	2.9452E+0	6.4403E-1
1.5890E+0	2.9737E+0	6.5973E-1
1.6890E+0	2.9824E+0	6.9115E-1
1.7890E+0	3.0090E+0	7.2257E-1
1.8890E+0	3.0074E+0	7.3827E-1
1.9890E+0	3.0058E+0	7.5398E-1
2.0890E+0	3.0090E+0	7.5398E-1
2.1890E+0	3.0129E+0	7.3827E-1
2.2890E+0	3.0052E+0	7.2257E-1
2.3890E+0	2.9933E+0	7.3827E-1
2.4890E+0	2.9814E+0	7.2257E-1
2.5890E+0	2.9702E+0	6.9115E-1
2.6890E+0	2.9378E+0	6.7544E-1
2.7890E+0	2.8919E+0	6.4403E-1
2.8890E+0	2.8585E+0	5.8119E-1
2.9890E+0	2.7975E+0	5.0265E-1
3.0890E+0	2.7192E+0	4.2412E-1
3.1890E+0	2.6300E+0	3.1416E-1
3.2890E+0	2.5545E+0	1.8850E-1
3.3890E+0	2.4522E+0	6.2832E-2
3.4890E+0	2.3790E+0	-4.7124E-2
3.5890E+0	2.2926E+0	-1.7279E-1
3.6890E+0	2.2301E+0	-2.8274E-1
3.7890E+0	2.1755E+0	-3.6128E-1
3.8890E+0	2.1360E+0	-4.3982E-1
3.9890E+0	2.0840E+0	-5.0265E-1
4.0890E+0	2.0526E+0	-5.6549E-1
4.1890E+0	2.0086E+0	-6.1261E-1
4.2890E+0	1.9871E+0	-6.5973E-1
4.3890E+0	1.9649E+0	-6.9115E-1
4.4890E+0	1.9396E+0	-7.3827E-1
4.5890E+0	1.9190E+0	-7.8540E-1
4.6890E+0	1.9210E+0	-7.8540E-1
4.7890E+0	1.9239E+0	-8.0111E-1
4.8890E+0	1.9287E+0	-8.0111E-1
4.9890E+0	1.9229E+0	-7.6969E-1
5.0890E+0	1.9232E+0	-7.6969E-1
5.1890E+0	1.9210E+0	-7.8540E-1
5.2890E+0	1.9264E+0	-7.8540E-1
5.3890E+0	1.9274E+0	-7.8540E-1
5.4890E+0	1.9463E+0	-7.5398E-1
5.5890E+0	1.9839E+0	-7.3827E-1
5.6890E+0	2.0272E+0	-7.0686E-1
5.7890E+0	2.0891E+0	-6.2832E-1
5.8890E+0	2.1620E+0	-5.3407E-1
5.9890E+0	2.2589E+0	-4.2412E-1
6.0890E+0	2.3543E+0	-2.9845E-1
6.1890E+0	2.4579E+0	-1.4137E-1
6.2890E+0	2.5481E+0	0.0000E+0
6.3890E+0	2.6200E+0	1.0996E-1
6.4890E+0	2.6948E+0	2.1991E-1
6.5890E+0	2.7494E+0	3.1416E-1
6.6890E+0	2.7943E+0	3.9270E-1
6.7890E+0	2.8354E+0	4.5553E-1
6.8890E+0	2.8784E+0	5.1836E-1
6.9890E+0	2.9131E+0	5.6549E-1
7.0890E+0	2.9269E+0	5.9690E-1
7.1890E+0	2.9635E+0	6.4403E-1
7.2890E+0	2.9895E+0	6.7544E-1
7.3890E+0	3.0052E+0	7.2257E-1
7.4890E+0	3.0142E+0	7.5398E-1
7.5890E+0	3.0344E+0	7.3827E-1
7.6890E+0	3.0591E+0	7.6969E-1
7.7890E+0	3.0482E+0	8.0111E-1
7.8890E+0	3.0463E+0	7.8540E-1
7.9890E+0	3.0424E+0	8.0111E-1
8.0890E+0	3.0289E+0	8.0111E-1
8.1890E+0	3.0235E+0	7.6969E-1
8.2890E+0	2.9959E+0	7.3827E-1
8.3890E+0	2.9734E+0	7.0686E-1
8.4890E+0	2.9375E+0	6.9115E-1
8.5890E+0	2.9147E+0	6.4403E-1
8.6890E+0	2.8704E+0	5.8119E-1
8.7890E+0	2.8158E+0	5.3407E-1
8.8890E+0	2.7353E+0	4.3982E-1
8.9890E+0	2.6756E+0	3.4558E-1
9.0890E+0	2.6075E+0	2.5133E-1
9.1890E+0	2.5038E+0	1.4137E-1
9.2890E+0	2.4079E+0	1.5708E-2
9.3890E+0	2.3132E+0	-1.4137E-1
9.4890E+0	2.2211E+0	-2.8274E-1
9.5890E+0	2.1546E+0	-3.7699E-1
9.6890E+0	2.1023E+0	-4.5553E-1
9.7890E+0	2.0702E+0	-5.4978E-1
9.8890E+0	2.0230E+0	-6.2832E-1
9.9890E+0	1.9752E+0	-6.7544E-1
1.0089E+1	1.9412E+0	-7.2257E-1
1.0189E+1	1.9335E+0	-7.5398E-1
1.0289E+1	1.9351E+0	-7.6969E-1
1.0389E+1	1.9335E+0	-7.6969E-1
1.0489E+1	1.9325E+0	-7.5398E-1
1.0589E+1	1.9428E+0	-7.6969E-1
1.0689E+1	1.9415E+0	-7.8540E-1
1.0789E+1	1.9370E+0	-7.5398E-1
1.0889E+1	1.9393E+0	-7.5398E-1
1.0989E+1	1.9431E+0	-7.6969E-1
1.1089E+1	1.9649E+0	-7.3827E-1
1.1189E+1	1.9816E+0	-7.2257E-1
1.1289E+1	1.9916E+0	-7.0686E-1
1.1389E+1	2.0185E+0	-6.7544E-1
1.1489E+1	2.0680E+0	-6.2832E-1
1.1589E+1	2.1087E+0	-5.8119E-1
1.1689E+1	2.1723E+0	-5.1836E-1
1.1789E+1	2.2541E+0	-4.0841E-1
1.1889E+1	2.3543E+0	-2.9845E-1
1.1989E+1	2.4550E+0	-1.7279E-1
1.2089E+1	2.5549E+0	-1.5708E-2
1.2189E+1	2.6425E+0	1.2566E-1
1.2289E+1	2.7189E+0	2.5133E-1
1.2389E+1	2.7738E+0	3.4558E-1
1.2489E+1	2.8312E+0	4.2412E-1
1.2589E+1	2.8704E+0	5.0265E-1
1.2689E+1	2.9070E+0	5.6549E-1
1.2789E+1	2.9330E+0	6.1261E-1
1.2889E+1	2.9561E+0	6.4403E-1
1.2989E+1	2.9824E+0	6.7544E-1
1.3089E+1	2.9936E+0	7.0686E-1
1.3189E+1	3.0020E+0	7.3827E-1
1.3289E+1	3.0061E+0	7.2257E-1
1.3389E+1	3.0097E+0	7.2257E-1
1.3489E+1	3.0058E+0	7.3827E-1
1.3589E+1	3.0119E+0	7.3827E-1
1.3689E+1	2.9930E+0	7.5398E-1
1.3789E+1	3.0010E+0	7.3827E-1
1.3889E+1	2.9853E+0	7.2257E-1
1.3989E+1	2.9715E+0	7.0686E-1
1.4089E+1	2.9509E+0	6.7544E-1
1.4189E+1	2.9355E+0	6.4403E-1
1.4289E+1	2.9092E+0	6.2832E-1
1.4389E+1	2.8896E+0	6.1261E-1
1.4489E+1	2.8492E+0	5.4978E-1
1.4589E+1	2.7837E+0	4.8695E-1
1.4689E+1	2.7227E+0	4.2412E-1
1.4789E+1	2.6637E+0	3.2987E-1
1.4889E+1	2.5960E+0	2.3562E-1
1.4989E+1	2.5061E+0	1.2566E-1
1.5089E+1	2.4130E+0	1.5708E-2
1.5189E+1	2.3257E+0	-1.0996E-1
1.5289E+1	2.2580E+0	-2.3562E-1
1.5389E+1	2.1957E+0	-3.2987E-1
1.5489E+1	2.1386E+0	-4.2412E-1
1.5589E+1	2.0933E+0	-4.8695E-1
1.5689E+1	2.0641E+0	-5.4978E-1
1.5789E+1	2.0291E+0	-6.1261E-1
1.5889E+1	2.0076E+0	-6.4403E-1
1.5989E+1	1.9826E+0	-6.7544E-1
1.6089E+1	1.9765E+0	-6.9115E-1
1.6189E+1	1.9633E+0	-7.0686E-1
1.6289E+1	1.9681E+0	-7.2257E-1
1.6389E+1	1.9688E+0	-7.3827E-1
1.6489E+1	1.9720E+0	-7.2257E-1
1.6589E+1	1.9637E+0	-7.0686E-1
1.6689E+1	1.9688E+0	-7.2257E-1
1.6789E+1	1.9758E+0	-7.2257E-1
1.6889E+1	1.9758E+0	-7.0686E-1
1.6989E+1	1.9887E+0	-6.9115E-1
1.7089E+1	1.9829E+0	-7.0686E-1
1.7189E+1	2.0022E+0	-6.9115E-1
1.7289E+1	2.0198E+0	-6.5973E-1
1.7389E+1	2.0506E+0	-6.4403E-1
1.7489E+1	2.0879E+0	-5.9690E-1
1.7589E+1	2.1206E+0	-5.4978E-1
1.7689E+1	2.1838E+0	-4.8695E-1
1.7789E+1	2.2647E+0	-3.9270E-1
1.7889E+1	2.3722E+0	-2.8274E-1
1.7989E+1	2.5019E+0	-1.0996E-1
1.8089E+1	2.6004E+0	6.2832E-2
1.8189E+1	2.6836E+0	1.8850E-1
1.8289E+1	2.7516E+0	2.9845E-1
1.8389E+1	2.8049E+0	3.9270E-1
1.8489E+1	2.8585E+0	4.7124E-1
1.8589E+1	2.8887E+0	5.3407E-1
1.8689E+1	2.9198E+0	5.8119E-1
1.8789E+1	2.9545E+0	6.2832E-1
1.8889E+1	2.9670E+0	6.5973E-1
1.8989E+1	3.0007E+0	6.9115E-1
1.9089E+1	3.0193E+0	7.2257E-1
1.9189E+1	3.0504E+0	7.5398E-1
1.9289E+1	3.0488E+0	8.0111E-1
1.9389E+1	3.0581E+0	8.1681E-1
1.9489E+1	3.0668E+0	8.0111E-1
1.9589E+1	3.0450E+0	8.0111E-1
1.9689E+1	3.0427E+0	7.8540E-1
1.9789E+1	3.0488E+0	7.8540E-1
1.9889E+1	3.0344E+0	8.0111E-1
1.9989E+1	3.0238E+0	7.8540E-1
2.0089E+1	3.0061E+0	7.5398E-1
2.0189E+1	2.9882E+0	7.3827E-1
2.0289E+1	2.9407E+0	7.0686E-1
2.0389E+1	2.8948E+0	6.2832E-1
2.0489E+1	2.8258E+0	5.4978E-1
2.0589E+1	2.7535E+0	4.7124E-1
2.0689E+1	2.6807E+0	3.7699E-1
2.0789E+1	2.5703E+0	2.3562E-1
2.0889E+1	2.4599E+0	9.4248E-2
2.0989E+1	2.3527E+0	-6.2832E-2
2.1089E+1	2.2689E+0	-2.1991E-1
2.1189E+1	2.2146E+0	-3.2987E-1
2.1289E+1	2.1566E+0	-4.0841E-1
2.1389E+1	2.1148E+0	-4.5553E-1
2.1489E+1	2.0869E+0	-5.0265E-1
2.1589E+1	2.0750E+0	-5.6549E-1
2.1689E+1	2.0606E+0	-5.9690E-1
2.1789E+1	2.0349E+0	-5.9690E-1
2.1889E+1	2.0288E+0	-6.2832E-1
2.1989E+1	2.0349E+0	-6.4403E-1
2.2089E+1	2.0182E+0	-6.4403E-1
2.2189E+1	2.0047E+0	-6.4403E-1
2.2289E+1	1.9986E+0	-6.5973E-1
2.2389E+1	2.0060E+0	-6.9115E-1
2.2489E+1	1.9996E+0	-6.7544E-1
2.2589E+1	2.0153E+0	-6.5973E-1
2.2689E+1	2.0102E+0	-6.5973E-1
2.2789E+1	2.0028E+0	-6.5973E-1
2.2889E+1	2.0102E+0	-6.7544E-1
2.2989E+1	2.0224E+0	-6.5973E-1
2.3089E+1	2.0195E+0	-6.4403E-1
2.3189E+1	2.0266E+0	-6.5973E-1
2.3289E+1	2.0365E+0	-6.2832E-1
2.3389E+1	2.0599E+0	-6.1261E-1
2.3489E+1	2.0895E+0	-5.9690E-1
2.3589E+1	2.1296E+0	-5.3407E-1
2.3689E+1	2.2188E+0	-4.5553E-1
2.3789E+1	2.3074E+0	-3.6128E-1
2.3889E+1	2.4156E+0	-2.1991E-1
2.3989E+1	2.5260E+0	-6.2832E-2
2.4089E+1	2.6232E+0	9.4248E-2
2.4189E+1	2.7121E+0	2.1991E-1
2.4289E+1	2.7741E+0	3.2987E-1
2.4389E+1	2.8396E+0	4.3982E-1
2.4489E+1	2.8925E+0	5.1836E-1
2.4589E+1	2.9179E+0	5.6549E-1
2.4689E+1	2.9490E+0	6.2832E-1
2.4789E+1	2.9862E+0	6.9115E-1
2.4889E+1	3.0074E+0	7.0686E-1
2.4989E+1	3.0267E+0	7.2257E-1
2.5089E+1	3.0344E+0	7.5398E-1
2.5189E+1	3.0469E+0	8.0111E-1
2.5289E+1	3.0556E+0	7.8540E-1
2.5389E+1	3.0559E+0	7.8540E-1
2.5489E+1	3.0302E+0	8.0111E-1
2.5589E+1	3.0325E+0	7.8540E-1
2.5689E+1	3.0315E+0	7.8540E-1
2.5789E+1	3.0193E+0	7.6969E-1
2.5889E+1	3.0052E+0	7.5398E-1
2.5989E+1	2.9760E+0	7.2257E-1
2.6089E+1	2.9371E+0	6.9115E-1
2.6189E+1	2.9121E+0	6.5973E-1
2.6289E+1	2.8649E+0	5.8119E-1
2.6389E+1	2.8193E+0	5.1836E-1
2.6489E+1	2.7635E+0	4.7124E-1
2.6589E+1	2.6823E+0	3.6128E-1
2.6689E+1	2.5866E+0	2.3562E-1
2.6789E+1	2.4682E+0	1.2566E-1
2.6889E+1	2.3498E+0	-4.7124E-2
2.6989E+1	2.2432E+0	-2.1991E-1
2.7089E+1	2.1601E+0	-3.6128E-1
2.7189E+1	2.0866E+0	-4.7124E-1
2.7289E+1	2.0452E+0	-5.4978E-1
2.7389E+1	1.9906E+0	-6.4403E-1
2.7489E+1	1.9662E+0	-7.0686E-1
2.7589E+1	1.9389E+0	-7.2257E-1
2.7689E+1	1.9312E+0	-7.5398E-1
2.7789E+1	1.9280E+0	-7.8540E-1
2.7889E+1	1.9306E+0	-7.6969E-1
2.7989E+1	1.9341E+0	-7.6969E-1
2.8089E+1	1.9386E+0	-7.8540E-1
2.8189E+1	1.9370E+0	-7.6969E-1
2.8289E+1	1.9322E+0	-7.6969E-1
2.8389E+1	1.9312E+0	-7.6969E-1
2.8489E+1	1.9425E+0	-7.5398E-1
2.8589E+1	1.9473E+0	-7.5398E-1
2.8689E+1	1.9521E+0	-7.5398E-1
2.8789E+1	1.9685E+0	-7.3827E-1
2.8889E+1	1.9897E+0	-7.0686E-1
2.8989E+1	2.0304E+0	-6.7544E-1
2.9089E+1	2.0975E+0	-6.1261E-1
2.9189E+1	2.1643E+0	-5.3407E-1
2.9289E+1	2.2432E+0	-4.2412E-1
2.9389E+1	2.3350E+0	-2.9845E-1
2.9489E+1	2.4387E+0	-1.7279E-1
2.9589E+1	2.5526E+0	-1.5708E-2
2.9689E+1	2.6354E+0	1.0996E-1
2.9789E+1	2.7070E+0	2.1991E-1
2.9889E+1	2.7738E+0	3.4558E-1
2.9989E+1	2.8473E+0	4.5553E-1
3.0089E+1	2.9028E+0	5.1836E-1
3.0189E+1	2.9455E+0	5.9690E-1
3.0289E+1	2.9834E+0	6.5973E-1
3.0389E+1	3.0097E+0	7.0686E-1
3.0489E+1	3.0411E+0	7.3827E-1
3.0589E+1	3.0610E+0	7.8540E-1
3.0689E+1	3.0594E+0	8.3252E-1
3.0789E+1	3.0617E+0	8.1681E-1
3.0889E+1	3.0617E+0	8.1681E-1
3.0989E+1	3.0665E+0	8.1681E-1
3.1089E+1	3.0492E+0	8.1681E-1
3.1189E+1	3.0546E+0	8.0111E-1
3.1289E+1	3.0450E+0	8.0111E-1
3.1389E+1	3.0309E+0	8.0111E-1
3.1489E+1	3.0026E+0	7.5398E-1
3.1589E+1	2.9663E+0	7.2257E-1
3.1689E+1	2.9442E+0	6.9115E-1
3.1789E+1	2.9057E+0	6.4403E-1
3.1889E+1	2.8685E+0	5.8119E-1
3.1989E+1	2.7978E+0	5.0265E-1
3.2089E+1	2.7205E+0	4.2412E-1
3.2189E+1	2.6297E+0	3.1416E-1
3.2289E+1	2.5286E+0	1.7279E-1
3.2389E+1	2.4152E+0	3.1416E-2
3.2489E+1	2.3222E+0	-1.0996E-1
3.2589E+1	2.2352E+0	-2.5133E-1
3.2689E+1	2.1594E+0	-3.7699E-1
3.2789E+1	2.1212E+0	-4.5553E-1
3.2889E+1	2.0718E+0	-5.1836E-1
3.2989E+1	2.0339E+0	-5.9690E-1
3.3089E+1	2.0070E+0	-6.4403E-1
3.3189E+1	1.9932E+0	-6.7544E-1
3.3289E+1	1.9755E+0	-6.9115E-1
3.3389E+1	1.9550E+0	-7.2257E-1
3.3489E+1	1.9454E+0	-7.5398E-1
3.3589E+1	1.9495E+0	-7.3827E-1
3.3689E+1	1.9486E+0	-7.5398E-1
3.3789E+1	1.9476E+0	-7.6969E-1
3.3889E+1	1.9409E+0	-7.5398E-1
3.3989E+1	1.9476E+0	-7.3827E-1
3.4089E+1	1.9505E+0	-7.5398E-1
3.4189E+1	1.9601E+0	-7.5398E-1
3.4289E+1	1.9572E+0	-7.3827E-1
3.4389E+1	1.9749E+0	-7.3827E-1
3.4489E+1	2.0073E+0	-7.0686E-1
3.4589E+1	2.0349E+0	-6.5973E-1
3.4689E+1	2.0843E+0	-5.9690E-1
3.4789E+1	2.1229E+0	-5.6549E-1
3.4889E+1	2.2008E+0	-5.0265E-1
3.4989E+1	2.2917E+0	-3.6128E-1
3.5089E+1	2.4024E+0	-2.3562E-1
3.5189E+1	2.5250E+0	-7.8540E-2
3.5289E+1	2.6319E+0	9.4248E-2
3.5389E+1	2.7128E+0	2.1991E-1
3.5489E+1	2.7828E+0	3.4558E-1
3.5589E+1	2.8598E+0	4.5553E-1
3.5689E+1	2.9195E+0	5.4978E-1
3.5789E+1	2.9827E+0	6.4403E-1
3.5889E+1	3.0103E+0	7.0686E-1
3.5989E+1	3.0443E+0	7.5398E-1
3.6089E+1	3.0655E+0	7.8540E-1
3.6189E+1	3.0841E+0	8.3252E-1
3.6289E+1	3.0893E+0	8.6394E-1
3.6389E+1	3.0983E+0	8.4823E-1
3.6489E+1	3.0912E+0	8.4823E-1
3.6589E+1	3.0960E+0	8.4823E-1
3.6689E+1	3.0896E+0	8.4823E-1
3.6789E+1	3.0816E+0	8.4823E-1
3.6889E+1	3.0466E+0	8.3252E-1
3.6989E+1	3.0174E+0	8.0111E-1
3.7089E+1	2.9869E+0	7.5398E-1
3.7189E+1	2.9375E+0	6.9115E-1
3.7289E+1	2.8909E+0	6.2832E-1
3.7389E+1	2.8486E+0	5.6549E-1
3.7489E+1	2.7661E+0	4.8695E-1
3.7589E+1	2.6871E+0	3.7699E-1
3.7689E+1	2.5735E+0	2.5133E-1
3.7789E+1	2.4647E+0	9.4248E-2
3.7889E+1	2.3568E+0	-6.2832E-2
3.7989E+1	2.2670E+0	-1.8850E-1
3.8089E+1	2.1883E+0	-3.1416E-1
3.8189E+1	2.1325E+0	-4.2412E-1
3.8289E+1	2.0882E+0	-5.1836E-1
3.8389E+1	2.0362E+0	-5.8119E-1
3.8489E+1	2.0073E+0	-6.2832E-1
3.8589E+1	1.9813E+0	-6.5973E-1
3.8689E+1	1.9746E+0	-7.0686E-1
3.8789E+1	1.9531E+0	-7.3827E-1
3.8889E+1	1.9377E+0	-7.3827E-1
3.8989E+1	1.9351E+0	-7.5398E-1
3.9089E+1	1.9492E+0	-7.5398E-1
3.9189E+1	1.9502E+0	-7.5398E-1
3.9289E+1	1.9482E+0	-7.3827E-1
3.9389E+1	1.9499E+0	-7.5398E-1
3.9489E+1	1.9502E+0	-7.6969E-1
3.9589E+1	1.9576E+0	-7.3827E-1
3.9689E+1	1.9698E+0	-7.3827E-1
3.9789E+1	1.9797E+0	-7.2257E-1
3.9889E+1	2.0009E+0	-6.9115E-1
3.9989E+1	2.0410E+0	-6.5973E-1
4.0089E+1	2.0753E+0	-6.2832E-1
4.0189E+1	2.1119E+0	-5.6549E-1
4.0289E+1	2.1935E+0	-4.8695E-1
4.0389E+1	2.2801E+0	-3.9270E-1
4.0489E+1	2.3777E+0	-2.5133E-1
4.0589E+1	2.4682E+0	-1.0996E-1
4.0689E+1	2.5623E+0	1.5708E-2
4.0789E+1	2.6390E+0	1.2566E-1
4.0889E+1	2.6897E+0	2.1991E-1
4.0989E+1	2.7552E+0	3.1416E-1
4.1089E+1	2.8219E+0	4.0841E-1
4.1189E+1	2.8752E+0	4.8695E-1
4.1289E+1	2.9265E+0	5.8119E-1
4.1389E+1	2.9837E+0	6.5973E-1
4.1489E+1	3.0225E+0	6.9115E-1
4.1589E+1	3.0774E+0	7.6969E-1
4.1689E+1	3.1220E+0	8.4823E-1
4.1789E+1	3.1365E+0	8.9535E-1
4.1889E+1	3.1618E+0	9.4248E-1
4.1989E+1	3.1628E+0	9.5819E-1
4.2089E+1	3.1496E+0	9.5819E-1
4.2189E+1	3.1365E+0	9.2677E-1
4.2289E+1	3.1217E+0	9.1106E-1
4.2389E+1	3.0954E+0	8.9535E-1
4.2489E+1	3.0646E+0	8.4823E-1
4.2589E+1	3.0331E+0	8.0111E-1
4.2689E+1	2.9904E+0	7.5398E-1
4.2789E+1	2.9375E+0	7.0686E-1
4.2889E+1	2.8810E+0	6.4403E-1
4.2989E+1	2.8129E+0	5.4978E-1
4.3089E+1	2.7275E+0	4.3982E-1
4.3189E+1	2.6133E+0	3.1416E-1
4.3289E+1	2.4775E+0	1.5708E-1
4.3389E+1	2.3588E+0	-3.1416E-2
4.3489E+1	2.2512E+0	-2.1991E-1
4.3589E+1	2.1575E+0	-3.6128E-1
4.3689E+1	2.1084E+0	-4.5553E-1
4.3789E+1	2.0583E+0	-5.1836E-1
4.3889E+1	2.0108E+0	-6.1261E-1
4.3989E+1	1.9733E+0	-6.9115E-1
4.4089E+1	1.9370E+0	-7.0686E-1
4.4189E+1	1.9129E+0	-7.5398E-1
4.4289E+1	1.9036E+0	-8.0111E-1
4.4389E+1	1.8914E+0	-8.1681E-1
4.4489E+1	1.8857E+0	-8.3252E-1
4.4589E+1	1.8824E+0	-8.4823E-1
4.4689E+1	1.8853E+0	-8.4823E-1
4.4789E+1	1.8873E+0	-8.4823E-1
4.4889E+1	1.9004E+0	-8.3252E-1
4.4989E+1	1.9078E+0	-8.1681E-1
4.5089E+1	1.9344E+0	-7.8540E-1
4.5189E+1	1.9604E+0	-7.3827E-1
4.5289E+1	1.9845E+0	-7.3827E-1
4.5389E+1	2.0140E+0	-7.0686E-1
4.5489E+1	2.0551E+0	-6.4403E-1
4.5589E+1	2.1001E+0	-5.9690E-1
4.5689E+1	2.1614E+0	-5.1836E-1
4.5789E+1	2.2413E+0	-4.2412E-1
4.5889E+1	2.3434E+0	-3.1416E-1
4.5989E+1	2.4412E+0	-1.8850E-1
4.6089E+1	2.5462E+0	-4.7124E-2
4.6189E+1	2.6037E+0	9.4248E-2
4.6289E+1	2.6650E+0	2.0420E-1
4.6389E+1	2.7346E+0	2.8274E-1
4.6489E+1	2.7853E+0	3.6128E-1
4.6589E+1	2.8550E+0	4.3982E-1
4.6689E+1	2.8993E+0	5.3407E-1
4.6789E+1	2.9464E+0	6.1261E-1
4.6889E+1	2.9840E+0	6.5973E-1
4.6989E+1	3.0074E+0	7.2257E-1
4.7089E+1	3.0578E+0	7.6969E-1
4.7189E+1	3.0870E+0	8.0111E-1
4.7289E+1	3.1117E+0	8.3252E-1
4.7389E+1	3.1079E+0	8.7965E-1
4.7489E+1	3.1069E+0	8.9535E-1
4.7589E+1	3.0890E+0	8.7965E-1
4.7689E+1	3.0742E+0	8.4823E-1
4.7789E+1	3.0498E+0	8.1681E-1
4.7889E+1	3.0260E+0	7.8540E-1
4.7989E+1	2.9830E+0	7.5398E-1
4.8089E+1	2.9448E+0	7.0686E-1
4.8189E+1	2.9095E+0	6.4403E-1
4.8289E+1	2.8672E+0	5.8119E-1
4.8389E+1	2.8149E+0	5.1836E-1
4.8489E+1	2.7587E+0	4.5553E-1
4.8589E+1	2.7083E+0	3.7699E-1
4.8689E+1	2.6435E+0	2.8274E-1
4.8789E+1	2.5741E+0	2.0420E-1
4.8889E+1	2.4791E+0	1.0996E-1
4.8989E+1	2.3954E+0	-3.1416E-2
4.9089E+1	2.3215E+0	-1.4137E-1
4.9189E+1	2.2371E+0	-2.5133E-1
4.9289E+1	2.1861E+0	-3.6128E-1
4.9389E+1	2.1370E+0	-4.2412E-1
4.9489E+1	2.1103E+0	-4.8695E-1
4.9589E+1	2.0702E+0	-5.4978E-1
4.9689E+1	2.0304E+0	-5.9690E-1
4.9789E+1	2.0022E+0	-6.4403E-1
4.9889E+1	1.9787E+0	-6.9115E-1
4.9989E+1	1.9588E+0	-7.2257E-1
5.0089E+1	1.9441E+0	-7.3827E-1
5.0189E+1	1.9434E+0	-7.5398E-1
5.0289E+1	1.9418E+0	-7.5398E-1
5.0389E+1	1.9466E+0	-7.5398E-1
5.0489E+1	1.9425E+0	-7.5398E-1
5.0589E+1	1.9495E+0	-7.5398E-1
5.0689E+1	1.9508E+0	-7.5398E-1
5.0789E+1	1.9675E+0	-7.5398E-1
5.0889E+1	1.9819E+0	-7.2257E-1
5.0989E+1	1.9986E+0	-6.9115E-1
5.1089E+1	2.0243E+0	-6.7544E-1
5.1189E+1	2.0596E+0	-6.4403E-1
5.1289E+1	2.1052E+0	-5.8119E-1
5.1389E+1	2.1559E+0	-5.0265E-1
5.1489E+1	2.2201E+0	-4.3982E-1
5.1589E+1	2.2849E+0	-3.6128E-1
5.1689E+1	2.3771E+0	-2.5133E-1
5.1789E+1	2.4644E+0	-1.2566E-1
5.1889E+1	2.5597E+0	1.5708E-2
5.1989E+1	2.6447E+0	1.4137E-1
5.2089E+1	2.7304E+0	2.5133E-1
5.2189E+1	2.8007E+0	3.6128E-1
5.2289E+1	2.8550E+0	4.5553E-1
5.2389E+1	2.9066E+0	5.4978E-1
5.2489E+1	2.9458E+0	5.9690E-1
5.2589E+1	2.9734E+0	6.5973E-1
5.2689E+1	2.9923E+0	7.2257E-1
5.2789E+1	3.0225E+0	7.2257E-1
5.2889E+1	3.0379E+0	7.5398E-1
5.2989E+1	3.0536E+0	8.0111E-1
5.3089E+1	3.0617E+0	8.0111E-1
5.3189E+1	3.0565E+0	7.8540E-1
5.3289E+1	3.0549E+0	8.0111E-1
5.3389E+1	3.0511E+0	8.1681E-1
5.3489E+1	3.0447E+0	8.0111E-1
5.3589E+1	3.0145E+0	7.5398E-1
5.3689E+1	2.9991E+0	7.5398E-1
5.3789E+1	2.9609E+0	7.2257E-1
5.3889E+1	2.9285E+0	6.4403E-1
5.3989E+1	2.8858E+0	6.2832E-1
5.4089E+1	2.8582E+0	5.8119E-1
5.4189E+1	2.8033E+0	5.0265E-1
5.4289E+1	2.7555E+0	4.3982E-1
5.4389E+1	2.6903E+0	3.6128E-1
5.4489E+1	2.6229E+0	2.8274E-1
5.4589E+1	2.5321E+0	1.7279E-1
5.4689E+1	2.4390E+0	4.7124E-2
5.4789E+1	2.3414E+0	-7.8540E-2
5.4889E+1	2.2641E+0	-2.1991E-1
5.4989E+1	2.2034E+0	-3.1416E-1
5.5089E+1	2.1530E+0	-3.9270E-1
5.5189E+1	2.1030E+0	-4.8695E-1
5.5289E+1	2.0641E+0	-5.4978E-1
5.5389E+1	2.0234E+0	-5.9690E-1
5.5489E+1	1.9871E+0	-6.4403E-1
5.5589E+1	1.9643E+0	-6.9115E-1
5.5689E+1	1.9409E+0	-7.2257E-1
5.5789E+1	1.9409E+0	-7.6969E-1
5.5889E+1	1.9492E+0	-7.8540E-1
5.5989E+1	1.9325E+0	-7.5398E-1
5.6089E+1	1.9335E+0	-7.6969E-1
5.6189E+1	1.9412E+0	-7.6969E-1
5.6289E+1	1.9386E+0	-7.5398E-1
5.6389E+1	1.9511E+0	-7.3827E-1
5.6489E+1	1.9547E+0	-7.5398E-1
5.6589E+1	1.9633E+0	-7.5398E-1
5.6689E+1	1.9951E+0	-7.0686E-1
5.6789E+1	2.0166E+0	-6.7544E-1
5.6889E+1	2.0455E+0	-6.4403E-1
5.6989E+1	2.1049E+0	-5.9690E-1
5.7089E+1	2.1392E+0	-5.1836E-1
5.7189E+1	2.1909E+0	-4.7124E-1
5.7289E+1	2.2445E+0	-4.0841E-1
5.7389E+1	2.3019E+0	-3.1416E-1
5.7489E+1	2.3873E+0	-2.3562E-1
5.7589E+1	2.4897E+0	-1.0996E-1
5.7689E+1	2.5770E+0	3.1416E-2
5.7789E+1	2.6762E+0	1.7279E-1
5.7889E+1	2.7420E+0	2.9845E-1
5.7989E+1	2.8267E+0	3.9270E-1
5.8089E+1	2.8935E+0	5.0265E-1
5.8189E+1	2.9474E+0	5.8119E-1
5.8289E+1	2.9740E+0	6.5973E-1
5.8389E+1	3.0052E+0	7.2257E-1
5.8489E+1	3.0386E+0	7.3827E-1
5.8589E+1	3.0524E+0	7.6969E-1
5.8689E+1	3.0524E+0	8.0111E-1
5.8789E+1	3.0716E+0	8.0111E-1
5.8889E+1	3.0591E+0	7.8540E-1
5.8989E+1	3.0511E+0	8.1681E-1
5.9089E+1	3.0514E+0	8.3252E-1
5.9189E+1	3.0415E+0	8.0111E-1
5.9289E+1	3.0437E+0	7.6969E-1
5.9389E+1	3.0235E+0	7.8540E-1
5.9489E+1	3.0033E+0	7.6969E-1
5.9589E+1	2.9545E+0	6.9115E-1
5.9689E+1	2.9240E+0	6.5973E-1
5.9789E+1	2.8685E+0	6.1261E-1
5.9889E+1	2.8315E+0	5.3407E-1
5.9989E+1	2.7715E+0	4.7124E-1
6.0089E+1	2.7182E+0	3.9270E-1
6.0189E+1	2.6505E+0	3.1416E-1
6.0289E+1	2.5738E+0	2.1991E-1
6.0389E+1	2.5026E+0	1.0996E-1
6.0489E+1	2.4197E+0	1.5708E-2
6.0589E+1	2.3267E+0	-1.0996E-1
6.0689E+1	2.2551E+0	-2.3562E-1
6.0789E+1	2.1983E+0	-3.2987E-1
