% Time (s)	Gyro Output (V)	Input Rate (rad/s)	%1/22/201611:24 AM
1.2000E-2	6.1824E+0	-2.1206E+0
1.1200E-1	6.1818E+0	-2.1206E+0
2.1200E-1	6.1882E+0	0.0000E+0
3.1200E-1	6.1805E+0	0.0000E+0
4.1200E-1	6.1680E+0	0.0000E+0
5.1200E-1	6.2155E+0	0.0000E+0
6.1200E-1	6.2652E+0	1.5708E-2
7.1200E-1	6.3230E+0	4.7124E-2
8.1200E-1	6.3959E+0	9.4248E-2
9.1200E-1	6.5072E+0	1.4137E-1
1.0120E+0	6.6035E+0	2.0420E-1
1.1120E+0	6.7040E+0	2.8274E-1
1.2120E+0	6.7977E+0	3.4558E-1
1.3120E+0	6.8837E+0	3.9270E-1
1.4120E+0	6.9274E+0	4.3982E-1
1.5120E+0	7.0105E+0	4.8695E-1
1.6120E+0	7.0747E+0	5.1836E-1
1.7120E+0	7.1389E+0	5.8119E-1
1.8120E+0	7.2040E+0	6.2832E-1
1.9120E+0	7.2458E+0	6.4403E-1
2.0120E+0	7.2730E+0	6.5973E-1
2.1120E+0	7.2631E+0	6.9115E-1
2.2120E+0	7.2779E+0	7.0686E-1
2.3120E+0	7.2390E+0	6.7544E-1
2.4120E+0	7.2278E+0	6.7544E-1
2.5120E+0	7.2201E+0	6.7544E-1
2.6120E+0	7.2076E+0	6.4403E-1
2.7120E+0	7.1642E+0	6.2832E-1
2.8120E+0	7.1565E+0	6.2832E-1
2.9120E+0	7.1174E+0	6.2832E-1
3.0120E+0	7.0676E+0	5.9690E-1
3.1120E+0	7.0066E+0	5.4978E-1
3.2120E+0	6.9415E+0	5.1836E-1
3.3120E+0	6.8414E+0	4.7124E-1
3.4120E+0	6.7887E+0	4.0841E-1
3.5120E+0	6.7361E+0	3.7699E-1
3.6120E+0	6.6594E+0	3.4558E-1
3.7120E+0	6.5705E+0	2.8274E-1
3.8120E+0	6.4934E+0	2.3562E-1
3.9120E+0	6.3875E+0	1.7279E-1
4.0120E+0	6.1952E+0	9.4248E-2
4.1120E+0	6.0245E+0	0.0000E+0
4.2120E+0	5.8961E+0	-1.2566E-1
4.3120E+0	5.7767E+0	-2.1991E-1
4.4120E+0	5.6849E+0	-2.8274E-1
4.5120E+0	5.5967E+0	-3.6128E-1
4.6120E+0	5.5052E+0	-4.2412E-1
4.7120E+0	5.4063E+0	-4.7124E-1
4.8120E+0	5.3148E+0	-5.3407E-1
4.9120E+0	5.2375E+0	-5.9690E-1
5.0120E+0	5.1682E+0	-6.4403E-1
5.1120E+0	5.1264E+0	-6.7544E-1
5.2120E+0	5.0915E+0	-7.0686E-1
5.3120E+0	5.0581E+0	-7.3827E-1
5.4120E+0	5.0314E+0	-7.5398E-1
5.5120E+0	5.0144E+0	-7.6969E-1
5.6120E+0	5.0163E+0	-7.6969E-1
5.7120E+0	5.0160E+0	-7.6969E-1
5.8120E+0	5.0147E+0	-7.8540E-1
5.9120E+0	5.0359E+0	-7.6969E-1
6.0120E+0	5.0513E+0	-7.3827E-1
6.1120E+0	5.0902E+0	-7.2257E-1
6.2120E+0	5.1508E+0	-6.9115E-1
6.3120E+0	5.2227E+0	-6.7544E-1
6.4120E+0	5.3113E+0	-6.4403E-1
6.5120E+0	5.5090E+0	-5.3407E-1
6.6120E+0	5.6101E+0	-4.2412E-1
6.7120E+0	5.7575E+0	-3.6128E-1
6.8120E+0	5.8560E+0	-2.8274E-1
6.9120E+0	5.9471E+0	-2.0420E-1
7.0120E+0	6.0101E+0	-1.5708E-1
7.1120E+0	6.0627E+0	-1.0996E-1
7.2120E+0	6.1956E+0	-6.2832E-2
7.3120E+0	6.3541E+0	1.5708E-2
7.4120E+0	6.5059E+0	1.2566E-1
7.5120E+0	6.6619E+0	2.1991E-1
7.6120E+0	6.7213E+0	2.9845E-1
7.7120E+0	6.8118E+0	3.7699E-1
7.8120E+0	6.8799E+0	4.2412E-1
7.9120E+0	6.9514E+0	4.5553E-1
8.0120E+0	6.9941E+0	5.0265E-1
8.1120E+0	7.0619E+0	5.3407E-1
8.2120E+0	7.1171E+0	5.6549E-1
8.3120E+0	7.1658E+0	6.1261E-1
8.4120E+0	7.2185E+0	6.4403E-1
8.5120E+0	7.2708E+0	6.7544E-1
8.6120E+0	7.3061E+0	7.0686E-1
8.7120E+0	7.3360E+0	7.2257E-1
8.8120E+0	7.3565E+0	7.3827E-1
8.9120E+0	7.3716E+0	7.5398E-1
9.0120E+0	7.3681E+0	7.3827E-1
9.1120E+0	7.3626E+0	7.3827E-1
9.2120E+0	7.3449E+0	7.5398E-1
9.3120E+0	7.3100E+0	7.2257E-1
9.4120E+0	7.2682E+0	6.9115E-1
9.5120E+0	7.2117E+0	6.7544E-1
9.6120E+0	7.1527E+0	6.4403E-1
9.7120E+0	7.0654E+0	5.8119E-1
9.8120E+0	6.9867E+0	5.3407E-1
9.9120E+0	6.8529E+0	4.8695E-1
1.0012E+1	6.7072E+0	4.0841E-1
1.0112E+1	6.6029E+0	3.1416E-1
1.0212E+1	6.4212E+0	2.3562E-1
1.0312E+1	6.2290E+0	1.2566E-1
1.0412E+1	6.0232E+0	-1.5708E-2
1.0512E+1	5.8454E+0	-1.2566E-1
1.0612E+1	5.6904E+0	-2.3562E-1
1.0712E+1	5.5806E+0	-3.2987E-1
1.0812E+1	5.4708E+0	-4.2412E-1
1.0912E+1	5.3790E+0	-4.8695E-1
1.1012E+1	5.3081E+0	-5.3407E-1
1.1112E+1	5.2513E+0	-5.8119E-1
1.1212E+1	5.1893E+0	-6.4403E-1
1.1312E+1	5.1274E+0	-6.7544E-1
1.1412E+1	5.0847E+0	-6.9115E-1
1.1512E+1	5.0327E+0	-7.3827E-1
1.1612E+1	4.9878E+0	-7.6969E-1
1.1712E+1	4.9804E+0	-7.8540E-1
1.1812E+1	4.9814E+0	-7.8540E-1
1.1912E+1	4.9830E+0	-8.0111E-1
1.2012E+1	4.9852E+0	-7.8540E-1
1.2112E+1	5.0035E+0	-7.6969E-1
1.2212E+1	5.0308E+0	-7.6969E-1
1.2312E+1	5.0600E+0	-7.5398E-1
1.2412E+1	5.0873E+0	-7.3827E-1
1.2512E+1	5.1563E+0	-7.0686E-1
1.2612E+1	5.2567E+0	-6.4403E-1
1.2712E+1	5.3803E+0	-5.9690E-1
1.2812E+1	5.4695E+0	-5.3407E-1
1.2912E+1	5.6496E+0	-4.3982E-1
1.3012E+1	5.7340E+0	-3.6128E-1
1.3112E+1	5.9520E+0	-2.6704E-1
1.3212E+1	6.0826E+0	-1.5708E-1
1.3312E+1	6.3105E+0	-3.1416E-2
1.3412E+1	6.4466E+0	7.8540E-2
1.3512E+1	6.6485E+0	1.7279E-1
1.3612E+1	6.7566E+0	2.8274E-1
1.3712E+1	6.8670E+0	3.7699E-1
1.3812E+1	6.9514E+0	4.3982E-1
1.3912E+1	7.0798E+0	5.0265E-1
1.4012E+1	7.1418E+0	5.6549E-1
1.4112E+1	7.2227E+0	6.1261E-1
1.4212E+1	7.2779E+0	6.5973E-1
1.4312E+1	7.3324E+0	7.0686E-1
1.4412E+1	7.3462E+0	7.2257E-1
1.4512E+1	7.3774E+0	7.3827E-1
1.4612E+1	7.3957E+0	7.3827E-1
1.4712E+1	7.4014E+0	7.6969E-1
1.4812E+1	7.3908E+0	7.8540E-1
1.4912E+1	7.3867E+0	7.6969E-1
1.5012E+1	7.3751E+0	7.6969E-1
1.5112E+1	7.3446E+0	7.3827E-1
1.5212E+1	7.3222E+0	7.3827E-1
1.5312E+1	7.2708E+0	7.0686E-1
1.5412E+1	7.1963E+0	6.7544E-1
1.5512E+1	7.1071E+0	6.4403E-1
1.5612E+1	7.0391E+0	5.8119E-1
1.5712E+1	6.9434E+0	5.1836E-1
1.5812E+1	6.8410E+0	4.5553E-1
1.5912E+1	6.7540E+0	4.0841E-1
1.6012E+1	6.6507E+0	3.4558E-1
1.6112E+1	6.3965E+0	2.5133E-1
1.6212E+1	6.2078E+0	1.2566E-1
1.6312E+1	5.9773E+0	-1.5708E-2
1.6412E+1	5.8210E+0	-1.5708E-1
1.6512E+1	5.6490E+0	-2.8274E-1
1.6612E+1	5.5203E+0	-3.7699E-1
1.6712E+1	5.3960E+0	-4.5553E-1
1.6812E+1	5.2860E+0	-5.4978E-1
1.6912E+1	5.1845E+0	-6.1261E-1
1.7012E+1	5.1303E+0	-6.5973E-1
1.7112E+1	5.0699E+0	-7.2257E-1
1.7212E+1	5.0366E+0	-7.5398E-1
1.7312E+1	4.9968E+0	-7.6969E-1
1.7412E+1	4.9871E+0	-7.8540E-1
1.7512E+1	4.9852E+0	-7.8540E-1
1.7612E+1	4.9849E+0	-7.8540E-1
1.7712E+1	4.9923E+0	-7.8540E-1
1.7812E+1	5.0202E+0	-7.8540E-1
1.7912E+1	5.0513E+0	-7.5398E-1
1.8012E+1	5.0927E+0	-7.2257E-1
1.8112E+1	5.1370E+0	-7.0686E-1
1.8212E+1	5.1823E+0	-6.7544E-1
1.8312E+1	5.2420E+0	-6.4403E-1
1.8412E+1	5.2982E+0	-5.9690E-1
1.8512E+1	5.4105E+0	-5.4978E-1
1.8612E+1	5.5148E+0	-5.0265E-1
1.8712E+1	5.5716E+0	-4.3982E-1
1.8812E+1	5.6660E+0	-3.7699E-1
1.8912E+1	5.8300E+0	-3.1416E-1
1.9012E+1	5.9924E+0	-2.1991E-1
1.9112E+1	6.2334E+0	-9.4248E-2
1.9212E+1	6.4260E+0	4.7124E-2
1.9312E+1	6.5798E+0	1.7279E-1
1.9412E+1	6.7232E+0	2.6704E-1
1.9512E+1	6.8275E+0	3.6128E-1
1.9612E+1	6.9505E+0	4.3982E-1
1.9712E+1	7.0436E+0	5.0265E-1
1.9812E+1	7.1248E+0	5.6549E-1
1.9912E+1	7.2053E+0	6.1261E-1
2.0012E+1	7.2872E+0	6.7544E-1
2.0112E+1	7.3514E+0	7.2257E-1
2.0212E+1	7.4079E+0	7.3827E-1
2.0312E+1	7.4483E+0	7.8540E-1
2.0412E+1	7.4740E+0	8.1681E-1
2.0512E+1	7.4948E+0	8.1681E-1
2.0612E+1	7.4968E+0	8.3252E-1
2.0712E+1	7.4984E+0	8.4823E-1
2.0812E+1	7.4897E+0	8.1681E-1
2.0912E+1	7.4753E+0	8.1681E-1
2.1012E+1	7.4451E+0	8.0111E-1
2.1112E+1	7.3867E+0	7.6969E-1
2.1212E+1	7.3122E+0	7.3827E-1
2.1312E+1	7.2130E+0	6.7544E-1
2.1412E+1	7.1283E+0	6.2832E-1
2.1512E+1	7.0192E+0	5.6549E-1
2.1612E+1	6.9399E+0	5.1836E-1
2.1712E+1	6.7261E+0	4.3982E-1
2.1812E+1	6.5945E+0	3.1416E-1
2.1912E+1	6.3224E+0	2.0420E-1
2.2012E+1	6.1147E+0	6.2832E-2
2.2112E+1	5.8939E+0	-7.8540E-2
2.2212E+1	5.7343E+0	-2.0420E-1
2.2312E+1	5.5851E+0	-3.2987E-1
2.2412E+1	5.5106E+0	-4.0841E-1
2.2512E+1	5.4240E+0	-4.7124E-1
2.2612E+1	5.3498E+0	-5.1836E-1
2.2712E+1	5.2927E+0	-5.4978E-1
2.2812E+1	5.2227E+0	-5.9690E-1
2.2912E+1	5.1807E+0	-6.5973E-1
2.3012E+1	5.1226E+0	-6.9115E-1
2.3112E+1	5.0841E+0	-7.0686E-1
2.3212E+1	5.0417E+0	-7.2257E-1
2.3312E+1	5.0208E+0	-7.5398E-1
2.3412E+1	5.0221E+0	-7.6969E-1
2.3512E+1	5.0212E+0	-7.6969E-1
2.3612E+1	5.0224E+0	-7.6969E-1
2.3712E+1	5.0446E+0	-7.5398E-1
2.3812E+1	5.0616E+0	-7.5398E-1
2.3912E+1	5.0934E+0	-7.2257E-1
2.4012E+1	5.1322E+0	-6.9115E-1
2.4112E+1	5.1791E+0	-6.7544E-1
2.4212E+1	5.2471E+0	-6.5973E-1
2.4312E+1	5.3261E+0	-6.1261E-1
2.4412E+1	5.4397E+0	-5.4978E-1
2.4512E+1	5.4930E+0	-4.8695E-1
2.4612E+1	5.5893E+0	-4.2412E-1
2.4712E+1	5.7199E+0	-3.7699E-1
2.4812E+1	5.7895E+0	-2.9845E-1
2.4912E+1	5.9321E+0	-2.3562E-1
2.5012E+1	6.0595E+0	-1.5708E-1
2.5112E+1	6.2883E+0	-4.7124E-2
2.5212E+1	6.4671E+0	6.2832E-2
2.5312E+1	6.6545E+0	1.7279E-1
2.5412E+1	6.7836E+0	2.8274E-1
2.5512E+1	6.9049E+0	3.7699E-1
2.5612E+1	7.0294E+0	4.7124E-1
2.5712E+1	7.1000E+0	5.4978E-1
2.5812E+1	7.1816E+0	5.6549E-1
2.5912E+1	7.2422E+0	6.2832E-1
2.6012E+1	7.2962E+0	6.9115E-1
2.6112E+1	7.3408E+0	6.9115E-1
2.6212E+1	7.3725E+0	7.2257E-1
2.6312E+1	7.4095E+0	7.6969E-1
2.6412E+1	7.4326E+0	7.6969E-1
2.6512E+1	7.4467E+0	7.8540E-1
2.6612E+1	7.4217E+0	8.0111E-1
2.6712E+1	7.4271E+0	7.8540E-1
2.6812E+1	7.4059E+0	7.6969E-1
2.6912E+1	7.3835E+0	7.5398E-1
2.7012E+1	7.3247E+0	7.5398E-1
2.7112E+1	7.2788E+0	7.2257E-1
2.7212E+1	7.1607E+0	6.7544E-1
2.7312E+1	7.0859E+0	6.1261E-1
2.7412E+1	6.9640E+0	5.4978E-1
2.7512E+1	6.9097E+0	5.0265E-1
2.7612E+1	6.7839E+0	4.3982E-1
2.7712E+1	6.6022E+0	3.6128E-1
2.7812E+1	6.4848E+0	2.5133E-1
2.7912E+1	6.2710E+0	1.4137E-1
2.8012E+1	6.0800E+0	3.1416E-2
2.8112E+1	5.8560E+0	-9.4248E-2
2.8212E+1	5.7183E+0	-2.1991E-1
2.8312E+1	5.5629E+0	-3.2987E-1
2.8412E+1	5.4545E+0	-4.2412E-1
2.8512E+1	5.3704E+0	-5.0265E-1
2.8612E+1	5.3142E+0	-5.4978E-1
2.8712E+1	5.2394E+0	-5.9690E-1
2.8812E+1	5.1544E+0	-6.4403E-1
2.8912E+1	5.0908E+0	-6.9115E-1
2.9012E+1	5.0173E+0	-7.2257E-1
2.9112E+1	4.9509E+0	-7.6969E-1
2.9212E+1	4.9522E+0	-8.1681E-1
2.9312E+1	4.9461E+0	-8.0111E-1
2.9412E+1	4.9647E+0	-8.0111E-1
2.9512E+1	4.9852E+0	-8.1681E-1
2.9612E+1	5.0334E+0	-7.8540E-1
2.9712E+1	5.0831E+0	-7.3827E-1
2.9812E+1	5.1393E+0	-7.0686E-1
2.9912E+1	5.1906E+0	-6.5973E-1
3.0012E+1	5.2455E+0	-6.1261E-1
3.0112E+1	5.3277E+0	-6.1261E-1
3.0212E+1	5.4143E+0	-5.6549E-1
3.0312E+1	5.4541E+0	-4.8695E-1
3.0412E+1	5.4885E+0	-4.7124E-1
3.0512E+1	5.5671E+0	-4.3982E-1
3.0612E+1	5.6060E+0	-3.9270E-1
3.0712E+1	5.7895E+0	-3.4558E-1
3.0812E+1	6.0107E+0	-2.3562E-1
3.0912E+1	6.2562E+0	-9.4248E-2
3.1012E+1	6.4373E+0	4.7124E-2
3.1112E+1	6.6237E+0	1.7279E-1
3.1212E+1	6.7756E+0	2.8274E-1
3.1312E+1	6.9206E+0	4.0841E-1
3.1412E+1	7.0352E+0	4.8695E-1
3.1512E+1	7.1312E+0	5.4978E-1
3.1612E+1	7.2053E+0	6.1261E-1
3.1712E+1	7.2676E+0	6.5973E-1
3.1812E+1	7.3177E+0	7.0686E-1
3.1912E+1	7.3870E+0	7.3827E-1
3.2012E+1	7.4297E+0	7.6969E-1
3.2112E+1	7.4624E+0	7.8540E-1
3.2212E+1	7.4939E+0	8.1681E-1
3.2312E+1	7.4974E+0	8.4823E-1
3.2412E+1	7.4952E+0	8.3252E-1
3.2512E+1	7.4862E+0	8.1681E-1
3.2612E+1	7.4598E+0	8.1681E-1
3.2712E+1	7.4140E+0	8.0111E-1
3.2812E+1	7.3600E+0	7.5398E-1
3.2912E+1	7.2958E+0	7.2257E-1
3.3012E+1	7.2307E+0	6.9115E-1
3.3112E+1	7.1540E+0	6.2832E-1
3.3212E+1	7.0509E+0	5.9690E-1
3.3312E+1	6.8587E+0	5.1836E-1
3.3412E+1	6.6911E+0	3.9270E-1
3.3512E+1	6.5599E+0	2.9845E-1
3.3612E+1	6.3329E+0	2.0420E-1
3.3712E+1	6.0957E+0	6.2832E-2
3.3812E+1	5.8322E+0	-1.0996E-1
3.3912E+1	5.5986E+0	-2.5133E-1
3.4012E+1	5.4493E+0	-3.7699E-1
3.4112E+1	5.3023E+0	-5.0265E-1
3.4212E+1	5.2134E+0	-6.1261E-1
3.4312E+1	5.1014E+0	-6.5973E-1
3.4412E+1	5.0574E+0	-7.0686E-1
3.4512E+1	4.9859E+0	-7.6969E-1
3.4612E+1	4.9599E+0	-7.8540E-1
3.4712E+1	4.9297E+0	-8.1681E-1
3.4812E+1	4.9335E+0	-8.1681E-1
3.4912E+1	4.9345E+0	-8.1681E-1
3.5012E+1	4.9380E+0	-8.3252E-1
3.5112E+1	4.9428E+0	-8.1681E-1
3.5212E+1	4.9952E+0	-7.8540E-1
3.5312E+1	5.0433E+0	-7.6969E-1
3.5412E+1	5.1011E+0	-7.5398E-1
3.5512E+1	5.1553E+0	-6.9115E-1
3.5612E+1	5.2125E+0	-6.5973E-1
3.5712E+1	5.2689E+0	-6.2832E-1
3.5812E+1	5.3302E+0	-5.9690E-1
3.5912E+1	5.4532E+0	-5.4978E-1
3.6012E+1	5.4965E+0	-4.7124E-1
3.6112E+1	5.6342E+0	-4.2412E-1
3.6212E+1	5.6721E+0	-3.7699E-1
3.6312E+1	5.8367E+0	-3.1416E-1
3.6412E+1	5.9664E+0	-2.1991E-1
3.6512E+1	6.2135E+0	-1.0996E-1
3.6612E+1	6.3936E+0	1.5708E-2
3.6712E+1	6.5894E+0	1.4137E-1
3.6812E+1	6.7348E+0	2.6704E-1
3.6912E+1	6.8876E+0	3.7699E-1
3.7012E+1	7.0066E+0	4.2412E-1
3.7112E+1	7.0586E+0	5.0265E-1
3.7212E+1	7.1415E+0	5.8119E-1
3.7312E+1	7.1938E+0	6.1261E-1
3.7412E+1	7.2544E+0	6.4403E-1
3.7512E+1	7.2836E+0	6.7544E-1
3.7612E+1	7.3600E+0	7.0686E-1
3.7712E+1	7.3786E+0	7.2257E-1
3.7812E+1	7.4149E+0	7.6969E-1
3.7912E+1	7.4146E+0	7.8540E-1
3.8012E+1	7.4477E+0	7.8540E-1
3.8112E+1	7.4351E+0	8.0111E-1
3.8212E+1	7.4149E+0	7.8540E-1
3.8312E+1	7.3732E+0	7.6969E-1
3.8412E+1	7.3501E+0	7.5398E-1
3.8512E+1	7.2942E+0	7.3827E-1
3.8612E+1	7.2259E+0	6.9115E-1
3.8712E+1	7.1697E+0	6.4403E-1
3.8812E+1	7.0946E+0	6.1261E-1
3.8912E+1	6.9829E+0	5.6549E-1
3.9012E+1	6.8137E+0	4.8695E-1
3.9112E+1	6.7162E+0	3.9270E-1
3.9212E+1	6.5695E+0	3.1416E-1
3.9312E+1	6.4357E+0	2.3562E-1
3.9412E+1	6.3050E+0	1.4137E-1
3.9512E+1	6.1349E+0	4.7124E-2
3.9612E+1	5.9359E+0	-6.2832E-2
3.9712E+1	5.7597E+0	-1.8850E-1
3.9812E+1	5.5976E+0	-2.9845E-1
3.9912E+1	5.4750E+0	-3.9270E-1
4.0012E+1	5.3970E+0	-4.8695E-1
4.0112E+1	5.2956E+0	-5.4978E-1
4.0212E+1	5.2275E+0	-5.9690E-1
4.0312E+1	5.1582E+0	-6.4403E-1
4.0412E+1	5.1014E+0	-6.9115E-1
4.0512E+1	5.0603E+0	-7.2257E-1
4.0612E+1	5.0160E+0	-7.3827E-1
4.0712E+1	5.0077E+0	-7.8540E-1
4.0812E+1	5.0061E+0	-7.8540E-1
4.0912E+1	5.0077E+0	-7.5398E-1
4.1012E+1	5.0083E+0	-7.8540E-1
4.1112E+1	5.0135E+0	-7.8540E-1
4.1212E+1	5.0266E+0	-7.5398E-1
4.1312E+1	5.0693E+0	-7.5398E-1
4.1412E+1	5.1001E+0	-7.3827E-1
4.1512E+1	5.1499E+0	-6.9115E-1
4.1612E+1	5.2015E+0	-6.5973E-1
4.1712E+1	5.2869E+0	-6.4403E-1
4.1812E+1	5.3864E+0	-5.8119E-1
4.1912E+1	5.4917E+0	-5.0265E-1
4.2012E+1	5.6050E+0	-4.3982E-1
4.2112E+1	5.7777E+0	-3.6128E-1
4.2212E+1	5.9658E+0	-2.3562E-1
4.2312E+1	6.2338E+0	-1.0996E-1
4.2412E+1	6.4074E+0	1.5708E-2
4.2512E+1	6.5807E+0	1.5708E-1
4.2612E+1	6.7030E+0	2.6704E-1
4.2712E+1	6.7974E+0	3.4558E-1
4.2812E+1	6.8715E+0	4.0841E-1
4.2912E+1	6.9563E+0	4.5553E-1
4.3012E+1	7.0217E+0	4.8695E-1
4.3112E+1	7.0907E+0	5.3407E-1
4.3212E+1	7.1405E+0	5.8119E-1
4.3312E+1	7.2150E+0	6.2832E-1
4.3412E+1	7.2567E+0	6.7544E-1
4.3512E+1	7.3276E+0	6.9115E-1
4.3612E+1	7.3607E+0	7.2257E-1
4.3712E+1	7.4040E+0	7.5398E-1
4.3812E+1	7.4101E+0	7.6969E-1
4.3912E+1	7.4146E+0	7.6969E-1
4.4012E+1	7.4021E+0	7.6969E-1
4.4112E+1	7.3947E+0	7.8540E-1
4.4212E+1	7.3851E+0	7.6969E-1
4.4312E+1	7.3690E+0	7.5398E-1
4.4412E+1	7.3440E+0	7.3827E-1
4.4512E+1	7.3116E+0	7.2257E-1
4.4612E+1	7.2487E+0	6.9115E-1
4.4712E+1	7.1909E+0	6.5973E-1
4.4812E+1	7.0911E+0	6.1261E-1
4.4912E+1	6.9710E+0	5.3407E-1
4.5012E+1	6.7791E+0	4.7124E-1
4.5112E+1	6.5759E+0	3.6128E-1
4.5212E+1	6.3114E+0	2.0420E-1
4.5312E+1	6.0482E+0	4.7124E-2
4.5412E+1	5.8380E+0	-1.0996E-1
4.5512E+1	5.6859E+0	-2.5133E-1
4.5612E+1	5.5129E+0	-3.6128E-1
4.5712E+1	5.3861E+0	-4.7124E-1
4.5812E+1	5.2670E+0	-5.4978E-1
4.5912E+1	5.1877E+0	-6.1261E-1
4.6012E+1	5.1300E+0	-6.5973E-1
4.6112E+1	5.0886E+0	-7.0686E-1
4.6212E+1	5.0738E+0	-7.3827E-1
4.6312E+1	5.0439E+0	-7.3827E-1
4.6412E+1	5.0353E+0	-7.6969E-1
4.6512E+1	5.0260E+0	-7.6969E-1
4.6612E+1	5.0263E+0	-7.5398E-1
4.6712E+1	5.0266E+0	-7.5398E-1
4.6812E+1	5.0276E+0	-7.6969E-1
4.6912E+1	5.0301E+0	-7.6969E-1
4.7012E+1	5.0343E+0	-7.5398E-1
4.7112E+1	5.0497E+0	-7.3827E-1
4.7212E+1	5.0870E+0	-7.2257E-1
4.7312E+1	5.1271E+0	-7.2257E-1
4.7412E+1	5.1694E+0	-6.7544E-1
4.7512E+1	5.2224E+0	-6.4403E-1
4.7612E+1	5.3065E+0	-6.2832E-1
4.7712E+1	5.3973E+0	-5.6549E-1
4.7812E+1	5.5578E+0	-5.0265E-1
4.7912E+1	5.7385E+0	-3.9270E-1
4.8012E+1	6.0200E+0	-2.5133E-1
4.8112E+1	6.3204E+0	-9.4248E-2
4.8212E+1	6.5403E+0	9.4248E-2
4.8312E+1	6.7348E+0	2.3562E-1
4.8412E+1	6.9296E+0	3.4558E-1
4.8512E+1	7.0147E+0	4.7124E-1
4.8612E+1	7.1344E+0	5.4978E-1
4.8712E+1	7.1768E+0	5.9690E-1
4.8812E+1	7.3010E+0	6.4403E-1
4.8912E+1	7.3295E+0	7.0686E-1
4.9012E+1	7.4111E+0	7.5398E-1
4.9112E+1	7.4428E+0	7.6969E-1
4.9212E+1	7.5013E+0	8.0111E-1
4.9312E+1	7.5273E+0	8.3252E-1
4.9412E+1	7.5407E+0	8.4823E-1
4.9512E+1	7.5279E+0	8.4823E-1
4.9612E+1	7.5228E+0	8.4823E-1
4.9712E+1	7.5016E+0	8.4823E-1
4.9812E+1	7.4695E+0	8.1681E-1
4.9912E+1	7.4367E+0	8.0111E-1
5.0012E+1	7.3912E+0	8.0111E-1
5.0112E+1	7.3154E+0	7.3827E-1
5.0212E+1	7.2182E+0	6.7544E-1
5.0312E+1	7.1151E+0	6.4403E-1
5.0412E+1	6.9864E+0	5.8119E-1
5.0512E+1	6.7540E+0	4.7124E-1
5.0612E+1	6.6276E+0	3.6128E-1
5.0712E+1	6.3821E+0	2.3562E-1
5.0812E+1	6.1461E+0	9.4248E-2
5.0912E+1	5.8698E+0	-6.2832E-2
5.1012E+1	5.7183E+0	-2.1991E-1
5.1112E+1	5.5524E+0	-3.2987E-1
5.1212E+1	5.4410E+0	-4.2412E-1
5.1312E+1	5.3264E+0	-5.1836E-1
5.1412E+1	5.2465E+0	-5.8119E-1
5.1512E+1	5.1900E+0	-6.2832E-1
5.1612E+1	5.1351E+0	-6.5973E-1
5.1712E+1	5.0931E+0	-7.0686E-1
5.1812E+1	5.0626E+0	-7.3827E-1
5.1912E+1	5.0395E+0	-7.3827E-1
5.2012E+1	5.0147E+0	-7.6969E-1
5.2112E+1	5.0006E+0	-7.6969E-1
5.2212E+1	5.0054E+0	-7.6969E-1
5.2312E+1	5.0109E+0	-7.8540E-1
5.2412E+1	5.0106E+0	-7.6969E-1
5.2512E+1	5.0163E+0	-7.5398E-1
5.2612E+1	5.0247E+0	-7.5398E-1
5.2712E+1	5.0456E+0	-7.6969E-1
5.2812E+1	5.0799E+0	-7.5398E-1
5.2912E+1	5.1316E+0	-7.0686E-1
5.3012E+1	5.1938E+0	-6.5973E-1
5.3112E+1	5.3245E+0	-6.2832E-1
5.3212E+1	5.4159E+0	-5.6549E-1
5.3312E+1	5.5697E+0	-4.7124E-1
5.3412E+1	5.7263E+0	-3.9270E-1
5.3512E+1	5.8951E+0	-2.8274E-1
5.3612E+1	6.0726E+0	-1.7279E-1
5.3712E+1	6.3079E+0	-4.7124E-2
5.3812E+1	6.4986E+0	7.8540E-2
5.3912E+1	6.7001E+0	2.0420E-1
5.4012E+1	6.8491E+0	3.1416E-1
5.4112E+1	6.9097E+0	4.0841E-1
5.4212E+1	7.0577E+0	4.8695E-1
5.4312E+1	7.1135E+0	5.4978E-1
5.4412E+1	7.2169E+0	5.9690E-1
5.4512E+1	7.2644E+0	6.4403E-1
5.4612E+1	7.3697E+0	7.0686E-1
5.4712E+1	7.4091E+0	7.3827E-1
5.4812E+1	7.4650E+0	7.8540E-1
5.4912E+1	7.4996E+0	8.1681E-1
5.5012E+1	7.5330E+0	8.3252E-1
5.5112E+1	7.5401E+0	8.4823E-1
5.5212E+1	7.5176E+0	8.4823E-1
5.5312E+1	7.5221E+0	8.3252E-1
5.5412E+1	7.4977E+0	8.3252E-1
5.5512E+1	7.4663E+0	8.1681E-1
5.5612E+1	7.3924E+0	7.8540E-1
5.5712E+1	7.3366E+0	7.6969E-1
5.5812E+1	7.2278E+0	7.0686E-1
5.5912E+1	7.1273E+0	6.4403E-1
5.6012E+1	6.9973E+0	5.8119E-1
5.6112E+1	6.8898E+0	5.0265E-1
5.6212E+1	6.7380E+0	4.2412E-1
5.6312E+1	6.5467E+0	3.1416E-1
5.6412E+1	6.3686E+0	2.0420E-1
5.6512E+1	6.1439E+0	9.4248E-2
5.6612E+1	5.9346E+0	-4.7124E-2
5.6712E+1	5.7343E+0	-2.0420E-1
5.6812E+1	5.5604E+0	-3.2987E-1
5.6912E+1	5.4477E+0	-4.0841E-1
5.7012E+1	5.3344E+0	-5.0265E-1
5.7112E+1	5.2715E+0	-5.8119E-1
5.7212E+1	5.2025E+0	-6.1261E-1
5.7312E+1	5.1547E+0	-6.7544E-1
5.7412E+1	5.1036E+0	-7.0686E-1
5.7512E+1	5.0757E+0	-7.2257E-1
5.7612E+1	5.0417E+0	-7.5398E-1
5.7712E+1	5.0112E+0	-7.5398E-1
5.7812E+1	4.9936E+0	-7.6969E-1
5.7912E+1	4.9942E+0	-7.8540E-1
5.8012E+1	4.9958E+0	-8.0111E-1
5.8112E+1	4.9945E+0	-7.8540E-1
5.8212E+1	4.9987E+0	-7.6969E-1
5.8312E+1	5.0016E+0	-7.6969E-1
5.8412E+1	5.0058E+0	-7.6969E-1
5.8512E+1	5.0205E+0	-7.6969E-1
5.8612E+1	5.0590E+0	-7.3827E-1
5.8712E+1	5.1081E+0	-7.2257E-1
5.8812E+1	5.1816E+0	-7.0686E-1
5.8912E+1	5.3103E+0	-6.2832E-1
5.9012E+1	5.4850E+0	-5.3407E-1
5.9112E+1	5.6669E+0	-4.5553E-1
5.9212E+1	5.9096E+0	-3.1416E-1
5.9312E+1	6.1474E+0	-1.5708E-1
5.9412E+1	6.4241E+0	0.0000E+0
5.9512E+1	6.5721E+0	1.4137E-1
5.9612E+1	6.7489E+0	2.6704E-1
5.9712E+1	6.8221E+0	3.6128E-1
5.9812E+1	6.9697E+0	4.2412E-1
5.9912E+1	7.0208E+0	4.8695E-1
6.0012E+1	7.1360E+0	5.6549E-1
6.0112E+1	7.1947E+0	6.2832E-1
6.0212E+1	7.2824E+0	6.4403E-1
6.0312E+1	7.3247E+0	6.9115E-1
6.0412E+1	7.3870E+0	7.3827E-1
6.0512E+1	7.4217E+0	7.6969E-1
6.0612E+1	7.4708E+0	8.0111E-1
6.0712E+1	7.5054E+0	8.1681E-1
6.0812E+1	7.5279E+0	8.3252E-1
