%Time (s)	Torque (N m)	Rotation Rate (rad / s)	%1/29/20162:18 PM
0.000	0.000	0.000
0.200	0.000	-0.008
0.400	0.000	-0.008
0.600	0.000	0.000
0.800	0.000	0.000
1.000	0.100	0.008
1.200	0.100	0.463
1.400	0.100	1.987
1.600	0.100	4.186
1.800	0.100	6.377
2.000	0.100	8.537
2.200	0.100	10.736
2.400	0.100	12.959
2.600	0.100	15.150
2.800	0.100	17.310
3.000	0.100	19.541
3.200	0.100	21.724
3.400	0.100	23.853
3.600	0.100	26.107
3.800	0.100	28.298
4.000	0.100	30.348
4.200	0.100	32.515
4.400	0.100	34.840
4.600	0.100	37.039
4.800	0.100	39.144
5.000	0.100	41.383
5.200	0.100	43.566
5.400	0.100	45.663
5.600	0.100	47.831
5.800	0.100	50.116
6.000	0.100	52.292
6.200	0.000	54.357
6.400	0.000	56.180
6.600	0.000	56.729
6.800	0.000	56.454
7.000	0.000	56.431
