%Time (s)	Torque (N m)	Rotation Rate (rad / s)	%1/29/20162:24 PM
0.000	0.000	0.000
0.200	0.000	0.008
0.400	0.000	0.016
0.600	0.000	0.000
0.800	0.000	0.000
1.000	0.500	0.008
1.200	0.500	2.333
1.400	0.500	10.344
1.600	0.500	21.811
1.800	0.500	33.309
2.000	0.500	44.728
2.200	0.500	56.305
2.400	0.500	67.741
2.600	0.500	78.995
2.800	0.500	90.541
3.000	0.500	101.843
3.200	0.500	112.752
3.400	0.500	123.614
3.600	0.500	134.625
3.800	0.500	144.953
4.000	0.500	154.378
4.200	0.500	163.889
4.400	0.500	172.521
4.600	0.500	180.296
4.800	0.500	188.370
5.000	0.500	195.619
5.200	0.500	202.083
5.400	0.500	208.578
5.600	0.500	215.207
5.800	0.500	221.082
6.000	0.500	226.203
6.200	0.000	231.999
6.400	0.000	236.036
6.600	0.000	236.884
6.800	0.000	237.167
7.000	0.000	236.900
