%Time (s)	Torque (N m)	Rotation Rate (rad / s)	%1/29/20162:21 PM
0.000	0.000	0.000
0.200	0.000	0.000
0.400	0.000	0.008
0.600	0.000	0.024
0.800	0.000	0.024
1.000	0.300	0.000
1.200	0.300	1.414
1.400	0.300	6.275
1.600	0.300	13.085
1.800	0.300	19.918
2.000	0.300	26.868
2.200	0.300	33.741
2.400	0.300	40.574
2.600	0.300	47.564
2.800	0.300	54.436
3.000	0.300	61.230
3.200	0.300	68.125
3.400	0.300	75.170
3.600	0.300	82.082
3.800	0.300	88.821
4.000	0.300	95.913
4.200	0.300	102.809
4.400	0.300	109.508
4.600	0.300	116.663
4.800	0.300	123.543
5.000	0.300	130.164
5.200	0.300	137.350
5.400	0.300	144.231
5.600	0.300	150.789
5.800	0.300	157.629
6.000	0.300	164.800
6.200	0.000	171.586
6.400	0.000	176.612
6.600	0.000	178.890
6.800	0.000	178.694
7.000	0.000	178.105
