%Time (s)	Torque (N m)	Rotation Rate (rad / s)	%1/29/20162:22 PM
0.000	0.000	0.000
0.200	0.000	-0.008
0.400	0.000	-0.008
0.600	0.000	0.000
0.800	0.000	0.000
1.000	0.450	0.008
1.200	0.450	2.121
1.400	0.450	9.362
1.600	0.450	19.666
1.800	0.450	29.994
2.000	0.450	40.432
2.200	0.450	50.776
2.400	0.450	60.994
2.600	0.450	71.298
2.800	0.450	81.776
3.000	0.450	92.041
3.200	0.450	102.070
3.400	0.450	112.508
3.600	0.450	122.616
3.800	0.450	132.316
4.000	0.450	142.479
4.200	0.450	152.163
4.400	0.450	161.117
4.600	0.450	170.259
4.800	0.450	178.545
5.000	0.450	185.967
5.200	0.450	193.349
5.400	0.450	200.771
5.600	0.450	207.369
5.800	0.450	213.228
6.000	0.450	219.652
6.200	0.000	225.284
6.400	0.000	229.116
6.600	0.000	231.025
6.800	0.000	230.805
7.000	0.000	230.082
