%Time (s)	Torque (N m)	Rotation Rate (rad / s)	%1/29/20162:22 PM
0.000	0.000	0.000
0.200	0.000	0.000
0.400	0.000	-0.016
0.600	0.000	-0.008
0.800	0.000	0.000
1.000	0.400	0.000
1.200	0.400	1.893
1.400	0.400	8.333
1.600	0.400	17.538
1.800	0.400	26.735
2.000	0.400	35.885
2.200	0.400	45.184
2.400	0.400	54.381
2.600	0.400	63.460
2.800	0.400	72.641
3.000	0.400	81.996
3.200	0.400	91.153
3.400	0.400	100.374
3.600	0.400	109.492
3.800	0.400	118.352
4.000	0.400	127.423
4.200	0.400	136.730
4.400	0.400	145.676
4.600	0.400	154.236
4.800	0.400	163.347
5.000	0.400	171.900
5.200	0.400	179.683
5.400	0.400	187.765
5.600	0.400	194.637
5.800	0.400	201.109
6.000	0.400	208.052
6.200	0.000	214.744
6.400	0.000	219.487
6.600	0.000	220.634
6.800	0.000	220.878
7.000	0.000	220.618
