%Time (s)	Torque (N m)	Rotation Rate (rad / s)	%1/29/20162:20 PM
0.000	0.000	0.000
0.200	0.000	-0.008
0.400	0.000	0.000
0.600	0.000	0.008
0.800	0.000	0.000
1.000	0.200	0.000
1.200	0.200	0.942
1.400	0.200	4.108
1.600	0.200	8.592
1.800	0.200	13.171
2.000	0.200	17.695
2.200	0.200	22.164
2.400	0.200	26.680
2.600	0.200	31.275
2.800	0.200	35.814
3.000	0.200	40.267
3.200	0.200	44.862
3.400	0.200	49.394
3.600	0.200	53.831
3.800	0.200	58.473
4.000	0.200	63.005
4.200	0.200	67.395
4.400	0.200	71.895
4.600	0.200	76.600
4.800	0.200	81.139
5.000	0.200	85.475
5.200	0.200	90.203
5.400	0.200	94.743
5.600	0.200	99.070
5.800	0.200	103.830
6.000	0.200	108.346
6.200	0.000	112.642
6.400	0.000	116.498
6.600	0.000	117.731
6.800	0.000	117.299
7.000	0.000	117.126
