# 30-bar truss problem
#
# number of joints, bar, reactions, loads
15 39 6 3
#
# coordinates of joints
1   -0.1            0.1    0
2   0.3          0      0
3   0.28125         0.17    0.225
4   0.421875         0.2    0
5   0.5625        0.1    0.3
6   0.65         0      0     
7   0.890625         0.03    0.3
8   0.85        0.2    0.00
9   1.2    0.11    0.225
10  1.05        0      0
11  1.175     0.2    0
12  1.6        0      0
13  1.6       0.2    0
14  0.2812    0.03   0.225
15  0.8906    0.17  0.3
#
# connectivity of bars
1   1   2
2   1   3  
3   1   4
4  14   3
5   2   4
6   14   6
7   3   4
8   3  5
9   4  5
10  4   6
11  4   8
12 5   6
13 5   7
14 5   8
15  6   2
16  6   7
17  6   8
18  15   7
19  8   9
20  8   10
21  8   11
22  7   10
23  7   9
24  10  9
25  10  6  
26  10  11
27  10  12  
28  9  11  
29  9  12
30  9  13
31  12  11
32  12  13
33  13  11
34 14 5
35 14  1 
36 14  2
37  15  9
38  15 5
39  15  8
#
# reaction force unit vectors
1 0 1 0
1 0 0 1
13 0 0 1
13 -1 1 0
12 -1 -1 0
12 0 0 1
#
# external loads
2  0 0 -0.988
4  0 0 -1.0868
9  0 0 -1.1856
#
# end of file