%Time (sec)	TC 1 - Near Chiller	TC 2	TC 3	TC 4	TC 5	TC 6	TC 7	TC 8 - Near Heater							11/12/2015	3:45 PM
0.0	11.5	11.6	11.8	11.9	12.0	11.9	12.1	12.3
10.0	11.5	11.6	11.8	11.9	12.0	11.9	12.1	12.3
20.0	11.5	11.6	11.8	11.9	12.0	11.9	12.1	12.3
30.0	11.5	11.6	11.8	11.9	12.0	11.9	12.1	12.3
40.0	11.5	11.6	11.8	11.9	12.0	11.9	12.1	12.3
50.0	11.5	11.6	11.8	11.9	12.0	11.9	12.1	12.3
60.0	11.5	11.6	11.8	11.9	12.0	11.9	12.1	12.3
70.0	11.5	11.6	11.8	11.9	12.0	11.9	12.1	12.3
80.0	11.5	11.6	11.8	11.9	12.0	11.9	12.1	12.4
90.0	11.5	11.6	11.8	11.9	12.0	12.0	12.2	12.6
100.0	11.6	11.6	11.8	11.9	12.1	12.1	12.3	12.7
110.0	11.6	11.6	11.8	12.0	12.1	12.2	12.5	12.9
120.0	11.6	11.6	11.9	12.0	12.2	12.3	12.7	13.1
130.0	11.6	11.7	11.9	12.1	12.3	12.5	12.9	13.4
140.0	11.6	11.7	12.0	12.2	12.4	12.7	13.1	13.7
150.0	11.6	11.8	12.0	12.2	12.6	12.9	13.3	13.9
160.0	11.7	11.8	12.1	12.4	12.7	13.0	13.6	14.2
170.0	11.7	11.9	12.2	12.5	12.9	13.3	13.8	14.5
180.0	11.8	12.0	12.3	12.6	13.0	13.5	14.1	14.8
190.0	11.8	12.0	12.4	12.7	13.2	13.7	14.3	15.0
200.0	11.9	12.1	12.5	12.9	13.4	13.9	14.6	15.3
210.0	11.9	12.2	12.6	13.0	13.6	14.1	14.8	15.6
220.0	12.0	12.3	12.7	13.1	13.7	14.3	15.1	15.8
230.0	12.0	12.4	12.9	13.3	13.9	14.5	15.3	16.1
240.0	12.1	12.5	13.0	13.5	14.1	14.8	15.5	16.4
250.0	12.2	12.6	13.1	13.6	14.3	15.0	15.8	16.7
260.0	12.3	12.7	13.2	13.7	14.5	15.2	16.0	16.9
270.0	12.3	12.8	13.4	13.9	14.7	15.4	16.3	17.2
280.0	12.4	12.9	13.5	14.1	14.8	15.6	16.5	17.4
290.0	12.5	13.0	13.6	14.2	15.0	15.8	16.7	17.6
300.0	12.5	13.1	13.7	14.4	15.2	16.0	16.9	17.9
310.0	12.6	13.2	13.9	14.5	15.4	16.2	17.2	18.1
320.0	12.7	13.3	14.0	14.7	15.5	16.4	17.4	18.4
330.0	12.7	13.4	14.1	14.8	15.7	16.6	17.6	18.6
340.0	12.8	13.5	14.2	15.0	15.9	16.8	17.8	18.8
350.0	12.9	13.6	14.3	15.1	16.0	17.0	18.0	19.0
360.0	13.0	13.7	14.5	15.2	16.2	17.2	18.2	19.2
370.0	13.0	13.7	14.6	15.4	16.4	17.4	18.4	19.5
380.0	13.1	13.8	14.7	15.5	16.5	17.5	18.6	19.7
390.0	13.2	13.9	14.8	15.6	16.7	17.7	18.8	19.9
400.0	13.2	14.0	14.9	15.8	16.8	17.9	19.0	20.1
410.0	13.3	14.1	15.0	15.9	17.0	18.0	19.1	20.2
420.0	13.3	14.2	15.1	16.0	17.1	18.2	19.3	20.4
430.0	13.4	14.3	15.2	16.2	17.3	18.4	19.5	20.6
440.0	13.5	14.3	15.3	16.3	17.4	18.5	19.7	20.8
450.0	13.5	14.4	15.4	16.4	17.5	18.7	19.8	21.0
460.0	13.6	14.5	15.5	16.5	17.7	18.8	20.0	21.2
470.0	13.7	14.6	15.6	16.6	17.8	19.0	20.2	21.3
480.0	13.7	14.7	15.7	16.7	17.9	19.1	20.3	21.5
490.0	13.8	14.7	15.8	16.8	18.1	19.3	20.5	21.7
500.0	13.8	14.8	15.9	17.0	18.2	19.4	20.6	21.8
510.0	13.9	14.9	16.0	17.0	18.3	19.5	20.8	22.0
520.0	13.9	15.0	16.1	17.2	18.4	19.7	20.9	22.1
530.0	14.0	15.0	16.2	17.3	18.5	19.8	21.1	22.3
540.0	14.0	15.1	16.3	17.4	18.6	19.9	21.2	22.5
550.0	14.1	15.2	16.3	17.5	18.8	20.1	21.3	22.6
560.0	14.1	15.2	16.4	17.6	18.9	20.2	21.5	22.7
570.0	14.2	15.3	16.5	17.7	19.0	20.3	21.6	22.9
580.0	14.2	15.3	16.6	17.7	19.1	20.4	21.7	23.0
590.0	14.3	15.4	16.7	17.8	19.2	20.5	21.9	23.2
600.0	14.3	15.5	16.7	17.9	19.3	20.6	22.0	23.3
610.0	14.4	15.5	16.8	18.0	19.4	20.8	22.1	23.4
620.0	14.4	15.6	16.9	18.1	19.5	20.9	22.2	23.6
630.0	14.4	15.6	17.0	18.2	19.6	21.0	22.3	23.7
640.0	14.5	15.7	17.0	18.3	19.7	21.1	22.5	23.8
650.0	14.5	15.8	17.1	18.3	19.8	21.2	22.6	23.9
660.0	14.6	15.8	17.2	18.4	19.9	21.3	22.7	24.1
670.0	14.6	15.9	17.2	18.5	19.9	21.4	22.8	24.2
680.0	14.6	15.9	17.3	18.6	20.0	21.5	22.9	24.3
690.0	14.7	16.0	17.4	18.7	20.1	21.6	23.0	24.4
700.0	14.7	16.0	17.4	18.7	20.2	21.7	23.1	24.5
710.0	14.8	16.1	17.5	18.8	20.3	21.8	23.2	24.6
720.0	14.8	16.1	17.5	18.9	20.4	21.9	23.3	24.7
730.0	14.8	16.2	17.6	18.9	20.4	21.9	23.4	24.8
740.0	14.9	16.2	17.6	19.0	20.5	22.0	23.5	24.9
750.0	14.9	16.3	17.7	19.1	20.6	22.1	23.6	25.0
760.0	14.9	16.3	17.8	19.1	20.7	22.2	23.7	25.1
770.0	15.0	16.3	17.8	19.2	20.7	22.3	23.8	25.2
780.0	15.0	16.4	17.9	19.3	20.8	22.3	23.8	25.3
790.0	15.0	16.4	17.9	19.3	20.9	22.4	23.9	25.4
800.0	15.1	16.5	18.0	19.4	20.9	22.5	24.0	25.5
810.0	15.1	16.5	18.0	19.4	21.0	22.6	24.1	25.6
820.0	15.1	16.6	18.1	19.5	21.1	22.7	24.2	25.7
830.0	15.2	16.6	18.1	19.6	21.1	22.7	24.2	25.8
840.0	15.2	16.6	18.2	19.6	21.2	22.8	24.3	25.9
850.0	15.2	16.7	18.2	19.7	21.3	22.9	24.4	25.9
860.0	15.2	16.7	18.3	19.7	21.3	22.9	24.5	26.0
870.0	15.3	16.7	18.3	19.8	21.4	23.0	24.6	26.1
880.0	15.3	16.8	18.4	19.8	21.4	23.1	24.6	26.2
890.0	15.3	16.8	18.4	19.9	21.5	23.1	24.7	26.3
900.0	15.4	16.8	18.4	19.9	21.6	23.2	24.8	26.3
910.0	15.4	16.9	18.5	20.0	21.6	23.3	24.8	26.4
920.0	15.4	16.9	18.5	20.0	21.7	23.3	24.9	26.5
930.0	15.4	16.9	18.6	20.1	21.7	23.4	25.0	26.6
940.0	15.5	17.0	18.6	20.1	21.8	23.4	25.0	26.6
950.0	15.5	17.0	18.6	20.2	21.8	23.5	25.1	26.7
960.0	15.5	17.0	18.7	20.2	21.9	23.5	25.2	26.8
970.0	15.5	17.1	18.7	20.3	21.9	23.6	25.2	26.8
980.0	15.6	17.1	18.8	20.3	22.0	23.7	25.3	26.9
990.0	15.6	17.1	18.8	20.3	22.0	23.7	25.3	27.0
1000.0	15.6	17.2	18.8	20.4	22.1	23.8	25.4	27.0
1010.0	15.6	17.2	18.9	20.4	22.1	23.8	25.5	27.1
1020.0	15.7	17.2	18.9	20.5	22.2	23.9	25.5	27.1
1030.0	15.7	17.2	18.9	20.5	22.2	23.9	25.6	27.2
1040.0	15.7	17.3	19.0	20.5	22.3	24.0	25.6	27.3
1050.0	15.7	17.3	19.0	20.6	22.3	24.0	25.7	27.3
1060.0	15.7	17.3	19.0	20.6	22.4	24.1	25.7	27.4
1070.0	15.7	17.3	19.0	20.6	22.4	24.1	25.8	27.4
1080.0	15.8	17.4	19.1	20.7	22.4	24.2	25.8	27.5
1090.0	15.8	17.4	19.1	20.7	22.5	24.2	25.9	27.6
1100.0	15.8	17.4	19.1	20.7	22.5	24.2	25.9	27.6
1110.0	15.8	17.4	19.2	20.8	22.5	24.3	26.0	27.6
1120.0	15.8	17.5	19.2	20.8	22.6	24.3	26.0	27.7
1130.0	15.8	17.5	19.2	20.8	22.6	24.4	26.0	27.7
1140.0	15.9	17.5	19.2	20.9	22.6	24.4	26.1	27.8
1150.0	15.9	17.5	19.3	20.9	22.7	24.4	26.1	27.9
1160.0	15.9	17.5	19.3	20.9	22.7	24.5	26.2	27.9
1170.0	15.9	17.6	19.3	21.0	22.8	24.5	26.2	27.9
1180.0	15.9	17.6	19.4	21.0	22.8	24.6	26.3	28.0
1190.0	15.9	17.6	19.4	21.0	22.8	24.6	26.3	28.0
1200.0	15.9	17.6	19.4	21.0	22.9	24.6	26.3	28.1
1210.0	16.0	17.6	19.4	21.1	22.9	24.7	26.4	28.1
1220.0	16.0	17.7	19.5	21.1	22.9	24.7	26.4	28.2
1230.0	16.0	17.7	19.5	21.1	22.9	24.7	26.4	28.2
1240.0	16.0	17.7	19.5	21.2	23.0	24.8	26.5	28.2
1250.0	16.0	17.7	19.5	21.2	23.0	24.8	26.5	28.3
1260.0	16.0	17.7	19.5	21.2	23.0	24.8	26.6	28.3
1270.0	16.0	17.7	19.5	21.2	23.1	24.9	26.6	28.4
1280.0	16.1	17.7	19.6	21.2	23.1	24.9	26.6	28.4
1290.0	16.1	17.8	19.6	21.3	23.1	24.9	26.7	28.4
1300.0	16.1	17.8	19.6	21.3	23.1	24.9	26.7	28.5
1310.0	16.1	17.8	19.6	21.3	23.2	25.0	26.7	28.5
1320.0	16.1	17.8	19.6	21.3	23.2	25.0	26.7	28.5
1330.0	16.1	17.8	19.7	21.4	23.2	25.0	26.8	28.6
1340.0	16.1	17.8	19.7	21.4	23.2	25.1	26.8	28.6
1350.0	16.1	17.9	19.7	21.4	23.3	25.1	26.8	28.6
1360.0	16.1	17.9	19.7	21.4	23.3	25.1	26.9	28.7
1370.0	16.2	17.9	19.7	21.4	23.3	25.1	26.9	28.7
1380.0	16.2	17.9	19.8	21.5	23.3	25.2	26.9	28.7
1390.0	16.2	17.9	19.8	21.5	23.4	25.2	27.0	28.8
1400.0	16.2	17.9	19.8	21.5	23.4	25.2	27.0	28.8
1410.0	16.2	17.9	19.8	21.5	23.4	25.2	27.0	28.8
1420.0	16.2	17.9	19.8	21.5	23.4	25.3	27.0	28.9
1430.0	16.2	18.0	19.8	21.6	23.4	25.3	27.1	28.9
1440.0	16.2	18.0	19.9	21.6	23.5	25.3	27.1	28.9
1450.0	16.2	18.0	19.9	21.6	23.5	25.3	27.1	28.9
1460.0	16.2	18.0	19.9	21.6	23.5	25.4	27.1	29.0
1470.0	16.2	18.0	19.9	21.6	23.5	25.4	27.1	29.0
1480.0	16.3	18.0	19.9	21.6	23.5	25.4	27.2	29.0
1490.0	16.3	18.0	19.9	21.7	23.6	25.4	27.2	29.0
1500.0	16.3	18.0	19.9	21.7	23.6	25.4	27.2	29.1
1510.0	16.3	18.0	19.9	21.7	23.6	25.4	27.2	29.1
1520.0	16.3	18.0	20.0	21.7	23.6	25.5	27.3	29.1
1530.0	16.3	18.1	20.0	21.7	23.6	25.5	27.3	29.1
1540.0	16.3	18.1	20.0	21.7	23.6	25.5	27.3	29.1
1550.0	16.3	18.1	20.0	21.7	23.6	25.5	27.3	29.2
1560.0	16.3	18.1	20.0	21.7	23.7	25.5	27.3	29.2
1570.0	16.3	18.1	20.0	21.8	23.7	25.5	27.4	29.2
1580.0	16.3	18.1	20.0	21.8	23.7	25.6	27.4	29.2
1590.0	16.3	18.1	20.0	21.8	23.7	25.6	27.4	29.3
1600.0	16.3	18.1	20.0	21.8	23.7	25.6	27.4	29.3
1610.0	16.3	18.1	20.0	21.8	23.7	25.6	27.4	29.3
1620.0	16.3	18.1	20.0	21.8	23.7	25.6	27.4	29.3
1630.0	16.3	18.1	20.1	21.8	23.8	25.6	27.5	29.3
1640.0	16.3	18.1	20.1	21.9	23.8	25.7	27.5	29.4
1650.0	16.4	18.1	20.1	21.9	23.8	25.7	27.5	29.4
1660.0	16.4	18.2	20.1	21.9	23.8	25.7	27.5	29.4
1670.0	16.4	18.2	20.1	21.9	23.8	25.7	27.5	29.4
1680.0	16.4	18.2	20.1	21.9	23.8	25.7	27.5	29.4
1690.0	16.4	18.2	20.1	21.9	23.8	25.7	27.6	29.5
1700.0	16.4	18.2	20.1	21.9	23.8	25.7	27.6	29.5
1710.0	16.4	18.2	20.1	21.9	23.9	25.8	27.6	29.5
1720.0	16.4	18.2	20.1	21.9	23.9	25.8	27.6	29.5
1730.0	16.4	18.2	20.2	21.9	23.9	25.8	27.6	29.5
1740.0	16.4	18.2	20.2	22.0	23.9	25.8	27.6	29.5
1750.0	16.4	18.2	20.2	22.0	23.9	25.8	27.6	29.6
1760.0	16.4	18.2	20.2	22.0	23.9	25.8	27.7	29.6
1770.0	16.4	18.2	20.2	22.0	23.9	25.8	27.7	29.6
1780.0	16.4	18.2	20.2	22.0	23.9	25.9	27.7	29.6
1790.0	16.4	18.3	20.2	22.0	24.0	25.9	27.7	29.6
1800.0	16.4	18.3	20.2	22.0	24.0	25.9	27.7	29.6
1810.0	16.4	18.3	20.2	22.0	24.0	25.9	27.7	29.6
1820.0	16.4	18.3	20.2	22.0	24.0	25.9	27.7	29.7
1830.0	16.4	18.3	20.2	22.0	24.0	25.9	27.8	29.7
1840.0	16.5	18.3	20.2	22.0	24.0	25.9	27.8	29.7
1850.0	16.4	18.3	20.2	22.1	24.0	25.9	27.8	29.7
1860.0	16.4	18.3	20.2	22.1	24.0	25.9	27.8	29.7
1870.0	16.5	18.3	20.3	22.1	24.0	26.0	27.8	29.7
1880.0	16.4	18.3	20.3	22.1	24.0	26.0	27.8	29.7
1890.0	16.5	18.3	20.3	22.1	24.1	26.0	27.8	29.8
1900.0	16.5	18.3	20.3	22.1	24.1	26.0	27.8	29.8
1910.0	16.5	18.3	20.3	22.1	24.1	26.0	27.9	29.8
1920.0	16.5	18.3	20.3	22.1	24.1	26.0	27.9	29.8
1930.0	16.5	18.3	20.3	22.1	24.1	26.0	27.9	29.8
1940.0	16.5	18.3	20.3	22.1	24.1	26.0	27.9	29.8
1950.0	16.5	18.3	20.3	22.1	24.1	26.0	27.9	29.8
1960.0	16.5	18.3	20.3	22.1	24.1	26.0	27.9	29.8
1970.0	16.5	18.3	20.3	22.1	24.1	26.0	27.9	29.9
1980.0	16.5	18.3	20.3	22.2	24.1	26.0	27.9	29.9
1990.0	16.5	18.3	20.3	22.2	24.1	26.1	27.9	29.9
2000.0	16.5	18.3	20.3	22.1	24.1	26.1	27.9	29.9
2010.0	16.5	18.4	20.3	22.2	24.1	26.1	28.0	29.9
2020.0	16.5	18.4	20.4	22.2	24.2	26.1	28.0	29.9
2030.0	16.5	18.4	20.4	22.2	24.2	26.1	28.0	29.9
2040.0	16.5	18.4	20.4	22.2	24.2	26.1	28.0	29.9
2050.0	16.5	18.4	20.4	22.2	24.2	26.1	28.0	29.9
2060.0	16.5	18.4	20.4	22.2	24.2	26.1	28.0	29.9
2070.0	16.5	18.4	20.4	22.2	24.2	26.1	28.0	30.0
2080.0	16.5	18.4	20.4	22.2	24.2	26.1	28.0	30.0
2090.0	16.6	18.4	20.4	22.2	24.2	26.1	28.0	30.0
2100.0	16.6	18.4	20.4	22.2	24.2	26.2	28.0	30.0
2110.0	16.6	18.4	20.4	22.2	24.2	26.1	28.0	30.0
2120.0	16.6	18.4	20.4	22.2	24.2	26.1	28.0	30.0
2130.0	16.6	18.4	20.4	22.2	24.2	26.2	28.0	30.0
2140.0	16.6	18.4	20.4	22.2	24.2	26.2	28.0	30.0
2150.0	16.6	18.4	20.4	22.2	24.2	26.2	28.1	30.0
2160.0	16.6	18.4	20.4	22.3	24.3	26.2	28.1	30.0
2170.0	16.6	18.4	20.4	22.3	24.2	26.2	28.1	30.0
2180.0	16.6	18.4	20.4	22.3	24.3	26.2	28.1	30.0
2190.0	16.6	18.4	20.4	22.3	24.3	26.2	28.1	30.0
2200.0	16.6	18.5	20.5	22.3	24.3	26.2	28.1	30.1
2210.0	16.6	18.5	20.5	22.3	24.3	26.2	28.1	30.1
2220.0	16.6	18.5	20.5	22.3	24.3	26.2	28.1	30.1
2230.0	16.6	18.5	20.5	22.3	24.3	26.2	28.1	30.1
2240.0	16.6	18.5	20.5	22.3	24.3	26.3	28.1	30.1
2250.0	16.6	18.5	20.5	22.3	24.3	26.2	28.1	30.1
2260.0	16.6	18.5	20.5	22.3	24.3	26.3	28.1	30.1
2270.0	16.6	18.5	20.5	22.3	24.3	26.3	28.1	30.1
2280.0	16.6	18.5	20.5	22.3	24.3	26.3	28.1	30.1
2290.0	16.6	18.5	20.5	22.3	24.3	26.3	28.2	30.1
2300.0	16.6	18.5	20.5	22.3	24.3	26.3	28.2	30.1
2310.0	16.6	18.5	20.5	22.3	24.3	26.3	28.2	30.1
2320.0	16.6	18.5	20.5	22.3	24.3	26.3	28.2	30.1
2330.0	16.6	18.5	20.5	22.3	24.3	26.3	28.2	30.2
2340.0	16.6	18.5	20.5	22.3	24.3	26.3	28.2	30.2
2350.0	16.6	18.5	20.5	22.4	24.4	26.3	28.2	30.2
2360.0	16.6	18.5	20.5	22.3	24.4	26.3	28.2	30.2
2370.0	16.6	18.5	20.5	22.3	24.4	26.3	28.2	30.2
2380.0	16.6	18.5	20.5	22.3	24.3	26.3	28.2	30.2
2390.0	16.6	18.5	20.5	22.4	24.3	26.3	28.2	30.2
2400.0	16.6	18.5	20.5	22.4	24.4	26.3	28.2	30.2
2410.0	16.6	18.5	20.5	22.4	24.4	26.3	28.2	30.2
2420.0	16.6	18.5	20.5	22.4	24.4	26.3	28.2	30.2
2430.0	16.6	18.5	20.5	22.4	24.4	26.3	28.2	30.2
2440.0	16.6	18.5	20.5	22.4	24.4	26.3	28.2	30.2
2450.0	16.6	18.5	20.5	22.4	24.4	26.3	28.2	30.2
2460.0	16.6	18.5	20.5	22.4	24.4	26.3	28.2	30.2
2470.0	16.6	18.5	20.5	22.4	24.4	26.3	28.2	30.2
2480.0	16.6	18.5	20.5	22.4	24.4	26.3	28.2	30.2
2490.0	16.6	18.5	20.5	22.4	24.4	26.3	28.2	30.2
2500.0	16.6	18.5	20.5	22.4	24.4	26.3	28.2	30.2
2510.0	16.6	18.5	20.5	22.4	24.4	26.3	28.3	30.2
2520.0	16.6	18.5	20.5	22.4	24.4	26.4	28.3	30.3
2530.0	16.6	18.5	20.5	22.4	24.4	26.4	28.3	30.2
2540.0	16.6	18.5	20.5	22.4	24.4	26.4	28.3	30.3
2550.0	16.6	18.5	20.5	22.4	24.4	26.4	28.3	30.3
2560.0	16.7	18.5	20.5	22.4	24.4	26.4	28.3	30.3
2570.0	16.7	18.5	20.5	22.4	24.4	26.4	28.3	30.3
2580.0	16.7	18.5	20.6	22.4	24.4	26.4	28.3	30.3
2590.0	16.7	18.5	20.6	22.4	24.4	26.4	28.3	30.3
2600.0	16.7	18.5	20.6	22.4	24.4	26.4	28.3	30.3
2610.0	16.7	18.5	20.6	22.4	24.4	26.4	28.3	30.3
2620.0	16.7	18.6	20.6	22.4	24.4	26.4	28.3	30.3
2630.0	16.7	18.6	20.6	22.4	24.4	26.4	28.3	30.3
2640.0	16.7	18.6	20.6	22.4	24.4	26.4	28.3	30.3
2650.0	16.7	18.5	20.6	22.4	24.4	26.4	28.3	30.3
2660.0	16.7	18.6	20.6	22.4	24.4	26.4	28.3	30.3
2670.0	16.7	18.6	20.6	22.5	24.5	26.4	28.3	30.3
2680.0	16.7	18.5	20.6	22.4	24.5	26.4	28.3	30.3
2690.0	16.7	18.6	20.6	22.5	24.5	26.4	28.3	30.3
2700.0	16.7	18.6	20.6	22.5	24.5	26.4	28.3	30.3
2710.0	16.7	18.6	20.6	22.5	24.5	26.4	28.3	30.3
2720.0	16.7	18.6	20.6	22.5	24.5	26.4	28.3	30.3
2730.0	16.7	18.6	20.6	22.5	24.5	26.4	28.3	30.3
2740.0	16.7	18.6	20.6	22.5	24.5	26.4	28.3	30.3
2750.0	16.7	18.6	20.6	22.5	24.5	26.4	28.3	30.4
2760.0	16.7	18.6	20.6	22.5	24.5	26.4	28.3	30.3
2770.0	16.7	18.6	20.6	22.5	24.5	26.4	28.4	30.4
2780.0	16.7	18.6	20.6	22.5	24.5	26.4	28.4	30.4
2790.0	16.7	18.6	20.6	22.5	24.5	26.5	28.4	30.4
2800.0	16.7	18.6	20.6	22.5	24.5	26.5	28.4	30.4
2810.0	16.7	18.6	20.6	22.5	24.5	26.5	28.4	30.4
2820.0	16.7	18.6	20.6	22.5	24.5	26.5	28.4	30.4
2830.0	16.7	18.6	20.6	22.5	24.5	26.5	28.4	30.4
2840.0	16.7	18.6	20.6	22.5	24.5	26.5	28.4	30.4
2850.0	16.7	18.6	20.6	22.5	24.5	26.5	28.4	30.4
2860.0	16.7	18.6	20.6	22.5	24.5	26.5	28.4	30.4
2870.0	16.7	18.6	20.6	22.5	24.5	26.5	28.4	30.4
2880.0	16.7	18.6	20.6	22.5	24.5	26.4	28.4	30.4
2890.0	16.7	18.6	20.6	22.5	24.5	26.5	28.4	30.4
2900.0	16.7	18.6	20.6	22.5	24.5	26.5	28.4	30.4
2910.0	16.7	18.6	20.6	22.5	24.5	26.5	28.4	30.4
2920.0	16.7	18.6	20.6	22.5	24.5	26.5	28.4	30.4
2930.0	16.7	18.6	20.6	22.5	24.5	26.5	28.4	30.4
2940.0	16.7	18.6	20.6	22.5	24.5	26.5	28.4	30.4
2950.0	16.7	18.6	20.6	22.5	24.5	26.5	28.4	30.4
2960.0	16.7	18.6	20.6	22.5	24.5	26.5	28.4	30.4
2970.0	16.7	18.6	20.6	22.5	24.5	26.5	28.4	30.4
2980.0	16.7	18.6	20.6	22.5	24.5	26.5	28.4	30.4
2990.0	16.7	18.6	20.6	22.5	24.5	26.5	28.4	30.4
3000.0	16.7	18.6	20.6	22.5	24.5	26.5	28.4	30.4
3010.0	16.7	18.6	20.6	22.5	24.5	26.5	28.4	30.4
3020.0	16.7	18.6	20.6	22.5	24.5	26.5	28.4	30.4
3030.0	16.7	18.6	20.6	22.5	24.5	26.5	28.4	30.4
3040.0	16.7	18.6	20.6	22.5	24.5	26.5	28.4	30.4
3050.0	16.7	18.6	20.6	22.5	24.5	26.5	28.4	30.4
3060.0	16.7	18.6	20.6	22.5	24.5	26.5	28.4	30.4
3070.0	16.7	18.6	20.6	22.5	24.5	26.5	28.4	30.4
3080.0	16.7	18.6	20.6	22.5	24.5	26.5	28.4	30.4
3090.0	16.7	18.6	20.6	22.5	24.5	26.5	28.4	30.4
3100.0	16.7	18.6	20.6	22.5	24.5	26.5	28.4	30.4
3110.0	16.7	18.6	20.7	22.5	24.5	26.5	28.4	30.4
3120.0	16.7	18.6	20.6	22.5	24.5	26.5	28.4	30.4
3130.0	16.7	18.6	20.7	22.5	24.5	26.5	28.4	30.4
3140.0	16.7	18.6	20.6	22.5	24.5	26.5	28.4	30.4
3150.0	16.7	18.6	20.6	22.5	24.6	26.5	28.4	30.4
3160.0	16.7	18.6	20.7	22.5	24.5	26.5	28.4	30.4
3170.0	16.7	18.6	20.7	22.5	24.6	26.5	28.4	30.4
3180.0	16.7	18.6	20.7	22.5	24.6	26.5	28.4	30.4
3190.0	16.7	18.6	20.7	22.5	24.5	26.5	28.4	30.4
3200.0	16.7	18.6	20.7	22.5	24.6	26.5	28.4	30.5
3210.0	16.7	18.6	20.7	22.5	24.6	26.5	28.5	30.5
3220.0	16.7	18.6	20.7	22.5	24.6	26.5	28.4	30.5
3230.0	16.8	18.6	20.7	22.5	24.6	26.5	28.5	30.5
3240.0	16.7	18.6	20.7	22.5	24.6	26.5	28.4	30.5
3250.0	16.8	18.6	20.7	22.6	24.6	26.5	28.5	30.5
3260.0	16.8	18.6	20.7	22.6	24.6	26.5	28.5	30.5
3270.0	16.8	18.6	20.7	22.6	24.6	26.5	28.5	30.5
3280.0	16.8	18.6	20.7	22.6	24.6	26.5	28.5	30.5
3290.0	16.8	18.6	20.7	22.6	24.6	26.5	28.5	30.5
