%Time (sec)	TC 1 - Near Chiller	TC 2	TC 3	TC 4	TC 5	TC 6	TC 7	TC 8 - Near Heater							10/25/2013	3:04 PM
0.0	11.4	11.4	11.6	11.7	11.7	11.8	11.9	12.0
10.0	11.4	11.4	11.6	11.7	11.7	11.8	11.9	12.0
20.0	11.4	11.4	11.6	11.7	11.7	11.8	11.9	12.1
30.0	11.4	11.4	11.6	11.7	11.7	11.8	11.9	12.1
40.0	11.4	11.4	11.6	11.7	11.8	11.8	12.0	12.1
50.0	11.4	11.4	11.6	11.7	11.8	11.8	12.0	12.1
60.0	11.4	11.4	11.6	11.7	11.8	11.8	12.0	12.2
70.0	11.4	11.4	11.6	11.7	11.8	11.9	12.1	12.3
80.0	11.4	11.4	11.6	11.7	11.8	11.9	12.1	12.4
90.0	11.4	11.4	11.7	11.7	11.9	12.0	12.2	12.5
100.0	11.4	11.4	11.7	11.8	11.9	12.1	12.3	12.6
110.0	11.4	11.5	11.7	11.8	12.0	12.1	12.4	12.7
120.0	11.4	11.5	11.8	11.8	12.0	12.2	12.5	12.8
130.0	11.5	11.5	11.8	11.9	12.1	12.3	12.6	12.9
140.0	11.5	11.5	11.8	11.9	12.2	12.4	12.7	13.1
150.0	11.5	11.6	11.9	12.0	12.2	12.5	12.8	13.2
160.0	11.5	11.6	11.9	12.1	12.3	12.6	13.0	13.3
170.0	11.5	11.6	12.0	12.1	12.4	12.7	13.1	13.4
180.0	11.6	11.7	12.0	12.2	12.5	12.8	13.2	13.6
190.0	11.6	11.7	12.1	12.2	12.6	12.9	13.3	13.7
200.0	11.6	11.8	12.1	12.3	12.6	12.9	13.4	13.8
210.0	11.6	11.8	12.2	12.4	12.7	13.0	13.5	13.9
220.0	11.7	11.8	12.2	12.4	12.8	13.1	13.6	14.0
230.0	11.7	11.9	12.2	12.5	12.9	13.2	13.7	14.1
240.0	11.7	11.9	12.3	12.6	12.9	13.3	13.8	14.3
250.0	11.8	12.0	12.4	12.6	13.0	13.4	13.9	14.4
260.0	11.8	12.0	12.4	12.7	13.1	13.5	14.0	14.5
270.0	11.8	12.1	12.5	12.8	13.2	13.6	14.1	14.6
280.0	11.9	12.1	12.5	12.8	13.3	13.7	14.2	14.7
290.0	11.9	12.2	12.6	12.9	13.3	13.8	14.3	14.8
300.0	11.9	12.2	12.6	13.0	13.4	13.8	14.4	14.9
310.0	12.0	12.2	12.7	13.0	13.5	13.9	14.5	15.0
320.0	12.0	12.3	12.8	13.1	13.6	14.0	14.6	15.1
330.0	12.0	12.3	12.8	13.2	13.6	14.1	14.7	15.2
340.0	12.0	12.4	12.9	13.2	13.7	14.2	14.7	15.3
350.0	12.1	12.4	12.9	13.3	13.8	14.3	14.8	15.4
360.0	12.1	12.4	13.0	13.4	13.9	14.3	14.9	15.5
370.0	12.1	12.5	13.0	13.4	13.9	14.4	15.0	15.5
380.0	12.2	12.5	13.1	13.5	14.0	14.5	15.1	15.6
390.0	12.2	12.6	13.1	13.5	14.0	14.6	15.2	15.7
400.0	12.2	12.6	13.2	13.6	14.1	14.6	15.2	15.8
410.0	12.2	12.6	13.2	13.6	14.2	14.7	15.3	15.9
420.0	12.3	12.7	13.2	13.7	14.2	14.8	15.4	16.0
430.0	12.3	12.7	13.3	13.7	14.3	14.8	15.5	16.0
440.0	12.3	12.8	13.3	13.8	14.4	14.9	15.5	16.1
450.0	12.3	12.8	13.4	13.8	14.4	15.0	15.6	16.2
460.0	12.4	12.8	13.4	13.9	14.5	15.0	15.7	16.3
470.0	12.4	12.8	13.5	13.9	14.5	15.1	15.8	16.3
480.0	12.4	12.9	13.5	14.0	14.6	15.2	15.8	16.4
490.0	12.4	12.9	13.5	14.0	14.6	15.2	15.9	16.5
500.0	12.4	12.9	13.6	14.1	14.7	15.3	15.9	16.5
510.0	12.5	12.9	13.6	14.1	14.7	15.3	16.0	16.6
520.0	12.5	13.0	13.6	14.2	14.8	15.4	16.1	16.7
530.0	12.5	13.0	13.7	14.2	14.8	15.4	16.1	16.7
540.0	12.5	13.0	13.7	14.2	14.9	15.5	16.2	16.8
550.0	12.5	13.0	13.7	14.3	14.9	15.5	16.2	16.9
560.0	12.6	13.1	13.8	14.3	15.0	15.6	16.3	16.9
570.0	12.6	13.1	13.8	14.4	15.0	15.7	16.3	17.0
580.0	12.6	13.1	13.8	14.4	15.1	15.7	16.4	17.1
590.0	12.6	13.2	13.9	14.4	15.1	15.7	16.4	17.1
600.0	12.7	13.2	13.9	14.5	15.1	15.8	16.5	17.2
610.0	12.7	13.2	14.0	14.5	15.2	15.8	16.6	17.2
620.0	12.7	13.2	14.0	14.5	15.2	15.9	16.6	17.3
630.0	12.7	13.3	14.0	14.6	15.3	15.9	16.6	17.3
640.0	12.7	13.3	14.0	14.6	15.3	16.0	16.7	17.4
650.0	12.8	13.3	14.1	14.6	15.3	16.0	16.7	17.4
660.0	12.8	13.3	14.1	14.7	15.4	16.0	16.8	17.5
670.0	12.8	13.4	14.1	14.7	15.4	16.1	16.8	17.5
680.0	12.8	13.4	14.1	14.7	15.5	16.1	16.9	17.6
690.0	12.8	13.4	14.2	14.8	15.5	16.2	16.9	17.6
700.0	12.9	13.4	14.2	14.8	15.5	16.2	17.0	17.7
710.0	12.9	13.5	14.2	14.8	15.6	16.3	17.0	17.7
720.0	12.9	13.5	14.2	14.9	15.6	16.3	17.1	17.8
730.0	12.9	13.5	14.3	14.9	15.6	16.3	17.1	17.8
740.0	12.9	13.5	14.3	14.9	15.7	16.4	17.1	17.9
750.0	12.9	13.5	14.3	15.0	15.7	16.4	17.2	17.9
760.0	12.9	13.5	14.3	15.0	15.7	16.4	17.2	17.9
770.0	12.9	13.5	14.4	15.0	15.7	16.5	17.3	18.0
780.0	12.9	13.6	14.4	15.0	15.8	16.5	17.3	18.0
790.0	12.9	13.6	14.4	15.1	15.8	16.5	17.3	18.1
800.0	13.0	13.6	14.4	15.1	15.8	16.6	17.4	18.1
810.0	13.0	13.6	14.4	15.1	15.9	16.6	17.4	18.1
820.0	13.0	13.6	14.5	15.1	15.9	16.6	17.4	18.2
830.0	13.0	13.6	14.5	15.2	15.9	16.7	17.5	18.2
840.0	13.0	13.7	14.5	15.2	16.0	16.7	17.5	18.2
850.0	13.0	13.7	14.5	15.2	16.0	16.7	17.5	18.3
860.0	13.0	13.7	14.5	15.2	16.0	16.8	17.5	18.3
870.0	13.1	13.7	14.6	15.3	16.0	16.8	17.6	18.3
880.0	13.1	13.7	14.6	15.3	16.1	16.8	17.6	18.4
890.0	13.1	13.7	14.6	15.3	16.1	16.8	17.6	18.4
900.0	13.1	13.8	14.6	15.3	16.1	16.9	17.7	18.4
910.0	13.1	13.8	14.6	15.3	16.1	16.9	17.7	18.5
920.0	13.1	13.8	14.7	15.4	16.2	16.9	17.8	18.5
930.0	13.1	13.8	14.7	15.4	16.2	17.0	17.8	18.5
940.0	13.1	13.8	14.7	15.4	16.2	17.0	17.8	18.6
950.0	13.1	13.8	14.7	15.4	16.2	17.0	17.8	18.6
960.0	13.1	13.8	14.7	15.4	16.2	17.0	17.8	18.6
970.0	13.2	13.9	14.7	15.5	16.3	17.0	17.9	18.7
980.0	13.2	13.9	14.8	15.5	16.3	17.1	17.9	18.7
990.0	13.2	13.9	14.8	15.5	16.3	17.1	17.9	18.7
1000.0	13.2	13.9	14.8	15.5	16.3	17.1	17.9	18.7
1010.0	13.2	13.9	14.8	15.5	16.3	17.1	18.0	18.8
1020.0	13.2	13.9	14.8	15.5	16.4	17.2	18.0	18.8
1030.0	13.2	13.9	14.8	15.6	16.4	17.2	18.0	18.8
1040.0	13.2	13.9	14.8	15.6	16.4	17.2	18.0	18.8
1050.0	13.2	13.9	14.9	15.6	16.4	17.2	18.1	18.9
1060.0	13.2	14.0	14.9	15.6	16.4	17.2	18.1	18.9
1070.0	13.2	14.0	14.9	15.6	16.5	17.2	18.1	18.9
1080.0	13.2	14.0	14.9	15.6	16.5	17.3	18.1	18.9
1090.0	13.3	14.0	14.9	15.6	16.5	17.3	18.1	18.9
1100.0	13.3	14.0	14.9	15.7	16.5	17.3	18.2	19.0
1110.0	13.3	14.0	14.9	15.7	16.5	17.3	18.2	19.0
1120.0	13.3	14.0	15.0	15.7	16.5	17.4	18.2	19.0
1130.0	13.3	14.0	15.0	15.7	16.6	17.4	18.2	19.0
1140.0	13.3	14.0	15.0	15.7	16.6	17.4	18.2	19.1
1150.0	13.3	14.0	15.0	15.7	16.6	17.4	18.3	19.1
1160.0	13.3	14.0	15.0	15.7	16.6	17.4	18.3	19.1
1170.0	13.3	14.1	15.0	15.8	16.6	17.4	18.3	19.1
1180.0	13.3	14.1	15.0	15.8	16.6	17.4	18.3	19.1
1190.0	13.3	14.1	15.0	15.8	16.6	17.5	18.3	19.1
1200.0	13.3	14.1	15.0	15.8	16.7	17.5	18.3	19.2
1210.0	13.3	14.1	15.0	15.8	16.7	17.5	18.4	19.2
1220.0	13.3	14.1	15.0	15.8	16.7	17.5	18.4	19.2
1230.0	13.3	14.1	15.0	15.8	16.7	17.5	18.4	19.2
1240.0	13.3	14.1	15.1	15.8	16.7	17.5	18.4	19.2
1250.0	13.3	14.1	15.1	15.8	16.7	17.5	18.4	19.2
1260.0	13.3	14.1	15.1	15.8	16.7	17.5	18.4	19.3
1270.0	13.4	14.1	15.1	15.9	16.7	17.6	18.5	19.3
1280.0	13.4	14.1	15.1	15.9	16.8	17.6	18.5	19.3
1290.0	13.4	14.1	15.1	15.9	16.8	17.6	18.5	19.3
1300.0	13.4	14.2	15.1	15.9	16.8	17.6	18.5	19.3
1310.0	13.4	14.2	15.1	15.9	16.8	17.6	18.5	19.3
1320.0	13.4	14.2	15.1	15.9	16.8	17.6	18.5	19.4
1330.0	13.4	14.2	15.1	15.9	16.8	17.6	18.5	19.4
1340.0	13.4	14.2	15.1	15.9	16.8	17.7	18.5	19.4
1350.0	13.4	14.2	15.2	15.9	16.8	17.7	18.6	19.4
1360.0	13.4	14.2	15.2	16.0	16.8	17.7	18.6	19.4
1370.0	13.4	14.2	15.2	16.0	16.8	17.7	18.6	19.4
1380.0	13.4	14.2	15.2	16.0	16.9	17.7	18.6	19.4
1390.0	13.4	14.2	15.2	16.0	16.9	17.7	18.6	19.5
1400.0	13.4	14.2	15.2	16.0	16.9	17.7	18.6	19.5
1410.0	13.4	14.2	15.2	16.0	16.9	17.7	18.6	19.5
1420.0	13.5	14.2	15.2	16.0	16.9	17.8	18.6	19.5
1430.0	13.4	14.2	15.2	16.0	16.9	17.8	18.7	19.5
1440.0	13.4	14.2	15.2	16.0	16.9	17.8	18.7	19.5
1450.0	13.4	14.2	15.2	16.0	16.9	17.8	18.7	19.5
1460.0	13.5	14.3	15.2	16.0	16.9	17.8	18.7	19.6
1470.0	13.5	14.3	15.2	16.0	16.9	17.8	18.7	19.6
1480.0	13.5	14.3	15.2	16.1	17.0	17.8	18.7	19.6
1490.0	13.5	14.3	15.2	16.1	17.0	17.8	18.7	19.6
1500.0	13.5	14.3	15.3	16.1	17.0	17.8	18.7	19.6
1510.0	13.5	14.3	15.3	16.1	17.0	17.8	18.7	19.6
1520.0	13.5	14.3	15.3	16.1	17.0	17.8	18.7	19.6
1530.0	13.5	14.3	15.3	16.1	17.0	17.8	18.7	19.6
1540.0	13.5	14.3	15.3	16.1	17.0	17.8	18.8	19.6
1550.0	13.5	14.3	15.3	16.1	17.0	17.9	18.8	19.6
1560.0	13.5	14.3	15.3	16.1	17.0	17.9	18.8	19.7
1570.0	13.5	14.3	15.3	16.1	17.0	17.9	18.8	19.7
1580.0	13.5	14.3	15.3	16.1	17.0	17.9	18.8	19.7
1590.0	13.5	14.3	15.3	16.1	17.0	17.9	18.8	19.7
1600.0	13.5	14.3	15.3	16.1	17.0	17.9	18.8	19.7
1610.0	13.5	14.3	15.3	16.1	17.0	17.9	18.8	19.7
1620.0	13.5	14.3	15.3	16.1	17.1	17.9	18.8	19.7
1630.0	13.5	14.3	15.3	16.1	17.1	17.9	18.8	19.7
1640.0	13.5	14.3	15.3	16.2	17.1	17.9	18.9	19.7
1650.0	13.5	14.3	15.3	16.1	17.1	17.9	18.9	19.7
1660.0	13.5	14.3	15.3	16.1	17.1	18.0	18.9	19.7
1670.0	13.5	14.3	15.3	16.2	17.1	17.9	18.9	19.8
1680.0	13.5	14.4	15.4	16.2	17.1	18.0	18.9	19.8
1690.0	13.5	14.3	15.4	16.2	17.1	18.0	18.9	19.8
1700.0	13.5	14.4	15.3	16.2	17.1	18.0	18.9	19.8
1710.0	13.5	14.3	15.4	16.2	17.1	18.0	18.9	19.8
1720.0	13.5	14.4	15.4	16.2	17.1	18.0	18.9	19.8
1730.0	13.6	14.4	15.4	16.2	17.1	18.0	18.9	19.8
1740.0	13.6	14.4	15.4	16.2	17.1	18.0	18.9	19.8
1750.0	13.5	14.4	15.4	16.2	17.1	18.0	18.9	19.8
1760.0	13.5	14.4	15.4	16.2	17.1	18.0	18.9	19.8
1770.0	13.6	14.4	15.4	16.2	17.1	18.0	18.9	19.8
1780.0	13.5	14.4	15.4	16.2	17.1	18.0	18.9	19.8
1790.0	13.5	14.4	15.4	16.2	17.1	18.0	18.9	19.8
1800.0	13.5	14.4	15.4	16.2	17.1	18.0	19.0	19.8
1810.0	13.6	14.4	15.4	16.2	17.2	18.0	19.0	19.9
1820.0	13.6	14.4	15.4	16.2	17.2	18.0	19.0	19.9
1830.0	13.6	14.4	15.4	16.2	17.2	18.0	19.0	19.9
1840.0	13.6	14.4	15.4	16.2	17.2	18.1	19.0	19.9
1850.0	13.6	14.4	15.4	16.2	17.2	18.0	19.0	19.9
1860.0	13.6	14.4	15.4	16.3	17.2	18.1	19.0	19.9
1870.0	13.6	14.4	15.4	16.2	17.2	18.1	19.0	19.9
1880.0	13.6	14.4	15.4	16.2	17.2	18.1	19.0	19.9
1890.0	13.6	14.4	15.4	16.3	17.2	18.1	19.0	19.9
1900.0	13.6	14.4	15.4	16.3	17.2	18.1	19.0	19.9
1910.0	13.6	14.4	15.4	16.3	17.2	18.1	19.0	19.9
1920.0	13.6	14.4	15.4	16.3	17.2	18.1	19.0	19.9
1930.0	13.6	14.4	15.4	16.3	17.2	18.1	19.0	19.9
1940.0	13.6	14.4	15.5	16.3	17.2	18.1	19.1	19.9
1950.0	13.6	14.4	15.4	16.3	17.2	18.1	19.0	19.9
1960.0	13.6	14.4	15.5	16.3	17.2	18.1	19.0	19.9
1970.0	13.6	14.4	15.5	16.3	17.2	18.1	19.1	20.0
1980.0	13.6	14.4	15.5	16.3	17.2	18.1	19.1	20.0
1990.0	13.6	14.4	15.5	16.3	17.2	18.1	19.1	20.0
2000.0	13.6	14.4	15.5	16.3	17.3	18.1	19.1	20.0
2010.0	13.6	14.4	15.5	16.3	17.2	18.1	19.1	20.0
2020.0	13.6	14.4	15.5	16.3	17.3	18.1	19.1	20.0
2030.0	13.6	14.4	15.5	16.3	17.3	18.1	19.1	20.0
2040.0	13.6	14.5	15.5	16.3	17.3	18.2	19.1	20.0
2050.0	13.6	14.4	15.5	16.3	17.3	18.2	19.1	20.0
2060.0	13.6	14.4	15.5	16.3	17.3	18.2	19.1	20.0
2070.0	13.6	14.4	15.5	16.3	17.3	18.2	19.1	20.0
2080.0	13.6	14.5	15.5	16.3	17.3	18.2	19.1	20.0
2090.0	13.6	14.5	15.5	16.3	17.3	18.2	19.1	20.0
2100.0	13.6	14.5	15.5	16.3	17.3	18.2	19.1	20.0
2110.0	13.6	14.5	15.5	16.3	17.3	18.2	19.1	20.0
2120.0	13.6	14.5	15.5	16.3	17.3	18.2	19.1	20.0
2130.0	13.6	14.5	15.5	16.3	17.3	18.2	19.1	20.0
2140.0	13.6	14.5	15.5	16.3	17.3	18.2	19.1	20.0
2150.0	13.6	14.5	15.5	16.3	17.3	18.2	19.1	20.0
2160.0	13.6	14.5	15.5	16.4	17.3	18.2	19.1	20.0
2170.0	13.6	14.5	15.5	16.4	17.3	18.2	19.1	20.0
2180.0	13.6	14.5	15.5	16.3	17.3	18.2	19.1	20.0
2190.0	13.6	14.5	15.5	16.4	17.3	18.2	19.1	20.0
2200.0	13.6	14.5	15.5	16.4	17.3	18.2	19.1	20.1
2210.0	13.6	14.5	15.5	16.4	17.3	18.2	19.2	20.1
2220.0	13.6	14.5	15.5	16.4	17.3	18.2	19.1	20.1
2230.0	13.6	14.5	15.5	16.3	17.3	18.2	19.1	20.0
2240.0	13.6	14.5	15.5	16.4	17.3	18.2	19.1	20.1
2250.0	13.6	14.5	15.5	16.4	17.3	18.2	19.2	20.1
2260.0	13.6	14.5	15.5	16.4	17.3	18.2	19.2	20.1
2270.0	13.6	14.5	15.5	16.4	17.3	18.2	19.2	20.1
2280.0	13.7	14.5	15.5	16.4	17.3	18.2	19.2	20.1
2290.0	13.6	14.5	15.5	16.4	17.3	18.2	19.2	20.1
2300.0	13.6	14.5	15.5	16.4	17.3	18.2	19.2	20.1
2310.0	13.6	14.5	15.5	16.4	17.3	18.2	19.2	20.1
2320.0	13.6	14.5	15.5	16.4	17.3	18.2	19.2	20.1
2330.0	13.6	14.5	15.5	16.4	17.3	18.2	19.2	20.1
2340.0	13.6	14.5	15.5	16.4	17.3	18.2	19.2	20.1
2350.0	13.6	14.5	15.5	16.4	17.3	18.2	19.2	20.1
2360.0	13.6	14.5	15.5	16.4	17.3	18.2	19.2	20.1
2370.0	13.6	14.5	15.5	16.4	17.3	18.2	19.2	20.1
2380.0	13.6	14.5	15.5	16.4	17.3	18.2	19.2	20.1
2390.0	13.6	14.5	15.5	16.4	17.3	18.2	19.2	20.1
2400.0	13.6	14.5	15.5	16.4	17.3	18.2	19.2	20.1
2410.0	13.7	14.5	15.5	16.4	17.3	18.3	19.2	20.1
2420.0	13.6	14.5	15.5	16.4	17.3	18.3	19.2	20.1
2430.0	13.7	14.5	15.5	16.4	17.4	18.3	19.2	20.1
2440.0	13.7	14.5	15.6	16.4	17.3	18.3	19.2	20.1
2450.0	13.7	14.5	15.5	16.4	17.4	18.3	19.2	20.1
2460.0	13.7	14.5	15.6	16.4	17.4	18.3	19.2	20.1
2470.0	13.7	14.5	15.6	16.4	17.4	18.3	19.2	20.1
2480.0	13.7	14.5	15.6	16.4	17.4	18.3	19.2	20.1
2490.0	13.7	14.5	15.6	16.4	17.4	18.3	19.2	20.1
2500.0	13.7	14.5	15.6	16.4	17.4	18.3	19.2	20.1
2510.0	13.7	14.5	15.6	16.4	17.4	18.3	19.2	20.1
2520.0	13.7	14.5	15.6	16.4	17.4	18.3	19.2	20.1
2530.0	13.7	14.5	15.6	16.4	17.4	18.3	19.2	20.1
2540.0	13.7	14.5	15.6	16.4	17.4	18.3	19.2	20.1
2550.0	13.7	14.5	15.6	16.4	17.4	18.3	19.2	20.1
2560.0	13.7	14.5	15.6	16.4	17.4	18.3	19.2	20.2
2570.0	13.7	14.5	15.6	16.4	17.4	18.3	19.2	20.1
2580.0	13.7	14.5	15.6	16.4	17.4	18.3	19.2	20.1
2590.0	13.7	14.5	15.6	16.4	17.4	18.3	19.2	20.2
2600.0	13.7	14.5	15.6	16.4	17.4	18.3	19.2	20.2
2610.0	13.7	14.5	15.6	16.4	17.4	18.3	19.2	20.1
2620.0	13.7	14.5	15.6	16.4	17.4	18.3	19.2	20.2
2630.0	13.7	14.5	15.6	16.4	17.4	18.3	19.2	20.2
2640.0	13.7	14.5	15.6	16.4	17.4	18.3	19.2	20.2
2650.0	13.7	14.5	15.6	16.4	17.4	18.3	19.2	20.2
2660.0	13.7	14.5	15.6	16.4	17.4	18.3	19.2	20.2
2670.0	13.7	14.5	15.6	16.4	17.4	18.3	19.3	20.2
2680.0	13.7	14.5	15.6	16.4	17.4	18.3	19.3	20.2
2690.0	13.7	14.5	15.6	16.4	17.4	18.3	19.3	20.2
2700.0	13.7	14.5	15.6	16.4	17.4	18.3	19.3	20.2
2710.0	13.7	14.5	15.6	16.4	17.4	18.3	19.2	20.2
2720.0	13.7	14.5	15.6	16.4	17.4	18.3	19.3	20.2
2730.0	13.7	14.5	15.6	16.4	17.4	18.3	19.3	20.2
2740.0	13.7	14.5	15.6	16.4	17.4	18.3	19.2	20.2
2750.0	13.7	14.5	15.6	16.4	17.4	18.3	19.2	20.2
2760.0	13.7	14.5	15.6	16.4	17.4	18.3	19.3	20.2
2770.0	13.7	14.5	15.6	16.5	17.4	18.3	19.3	20.2
2780.0	13.7	14.5	15.6	16.4	17.4	18.3	19.3	20.2
2790.0	13.7	14.5	15.6	16.4	17.4	18.3	19.3	20.2
2800.0	13.7	14.5	15.6	16.4	17.4	18.3	19.3	20.2
2810.0	13.7	14.5	15.6	16.4	17.4	18.3	19.3	20.2
2820.0	13.7	14.5	15.6	16.4	17.4	18.3	19.3	20.2
2830.0	13.7	14.5	15.6	16.5	17.4	18.3	19.3	20.2
2840.0	13.7	14.5	15.6	16.4	17.4	18.3	19.3	20.2
2850.0	13.7	14.5	15.6	16.5	17.4	18.3	19.3	20.2
2860.0	13.7	14.5	15.6	16.4	17.4	18.3	19.3	20.2
2870.0	13.7	14.5	15.6	16.4	17.4	18.3	19.3	20.2
2880.0	13.7	14.5	15.6	16.4	17.4	18.3	19.3	20.2
2890.0	13.7	14.5	15.6	16.4	17.4	18.3	19.3	20.2
2900.0	13.7	14.5	15.6	16.5	17.4	18.3	19.3	20.2
2910.0	13.7	14.5	15.6	16.5	17.4	18.3	19.3	20.2
2920.0	13.7	14.6	15.6	16.5	17.4	18.3	19.3	20.2
2930.0	13.7	14.5	15.6	16.5	17.4	18.3	19.3	20.2
2940.0	13.7	14.5	15.6	16.5	17.4	18.3	19.3	20.2
2950.0	13.7	14.5	15.6	16.5	17.4	18.3	19.3	20.2
2960.0	13.7	14.5	15.6	16.4	17.4	18.3	19.3	20.2
2970.0	13.7	14.5	15.6	16.5	17.4	18.3	19.3	20.2
2980.0	13.7	14.5	15.6	16.5	17.4	18.3	19.3	20.2
2990.0	13.7	14.5	15.6	16.5	17.4	18.3	19.3	20.2
3000.0	13.7	14.5	15.6	16.5	17.4	18.3	19.3	20.2
3010.0	13.7	14.5	15.6	16.5	17.4	18.3	19.3	20.2
3020.0	13.7	14.6	15.6	16.5	17.4	18.3	19.3	20.2
3030.0	13.7	14.5	15.6	16.5	17.4	18.3	19.3	20.2
3040.0	13.7	14.6	15.6	16.5	17.4	18.3	19.3	20.2
3050.0	13.7	14.6	15.6	16.5	17.4	18.3	19.3	20.2
3060.0	13.7	14.6	15.6	16.5	17.4	18.4	19.3	20.2
3070.0	13.7	14.6	15.6	16.5	17.4	18.3	19.3	20.2
3080.0	13.7	14.6	15.6	16.5	17.4	18.3	19.3	20.2
3090.0	13.7	14.6	15.6	16.5	17.4	18.3	19.3	20.2
3100.0	13.7	14.6	15.6	16.5	17.4	18.4	19.3	20.2
3110.0	13.7	14.6	15.6	16.5	17.4	18.3	19.3	20.2
3120.0	13.7	14.6	15.6	16.5	17.4	18.4	19.3	20.2
3130.0	13.7	14.6	15.6	16.5	17.4	18.4	19.3	20.2
3140.0	13.7	14.6	15.6	16.5	17.4	18.4	19.3	20.2
3150.0	13.7	14.5	15.6	16.5	17.4	18.3	19.3	20.2
3160.0	13.7	14.5	15.6	16.5	17.4	18.4	19.3	20.2
3170.0	13.7	14.6	15.6	16.5	17.4	18.4	19.3	20.2
3180.0	13.7	14.6	15.6	16.5	17.4	18.4	19.3	20.2
3190.0	13.7	14.5	15.6	16.5	17.4	18.4	19.3	20.2
3200.0	13.7	14.5	15.6	16.5	17.4	18.3	19.3	20.2
3210.0	13.7	14.6	15.6	16.5	17.4	18.4	19.3	20.2
3220.0	13.7	14.6	15.6	16.5	17.4	18.3	19.3	20.2
3230.0	13.7	14.6	15.6	16.5	17.4	18.3	19.3	20.2
3240.0	13.7	14.6	15.6	16.5	17.4	18.3	19.3	20.2
3250.0	13.7	14.6	15.6	16.5	17.4	18.4	19.3	20.2
3260.0	13.7	14.6	15.6	16.5	17.4	18.4	19.3	20.2
3270.0	13.7	14.6	15.6	16.5	17.4	18.4	19.3	20.2
3280.0	13.7	14.6	15.6	16.5	17.4	18.4	19.3	20.2
3290.0	13.7	14.6	15.6	16.5	17.5	18.4	19.3	20.2
3300.0	13.7	14.6	15.6	16.5	17.4	18.4	19.3	20.2
3310.0	13.7	14.6	15.6	16.5	17.4	18.3	19.3	20.2
3320.0	13.7	14.6	15.6	16.5	17.4	18.3	19.3	20.2
3330.0	13.7	14.6	15.6	16.5	17.4	18.3	19.3	20.2
3340.0	13.7	14.6	15.6	16.5	17.4	18.4	19.3	20.2
3350.0	13.7	14.6	15.6	16.5	17.4	18.3	19.3	20.2
3360.0	13.7	14.6	15.6	16.5	17.4	18.4	19.3	20.2
3370.0	13.7	14.6	15.6	16.5	17.4	18.4	19.3	20.2
3380.0	13.7	14.6	15.6	16.5	17.5	18.4	19.3	20.2
3390.0	13.7	14.6	15.6	16.5	17.5	18.4	19.3	20.2
3400.0	13.7	14.5	15.6	16.5	17.4	18.4	19.3	20.2
3410.0	13.7	14.6	15.6	16.5	17.5	18.4	19.3	20.2
3420.0	13.7	14.6	15.6	16.5	17.4	18.4	19.3	20.2
3430.0	13.7	14.6	15.6	16.5	17.4	18.4	19.3	20.2
3440.0	13.7	14.6	15.6	16.5	17.4	18.4	19.3	20.2
