%Time (sec)	TC 1 - Near Chiller	TC 2	TC 3	TC 4	TC 5	TC 6	TC 7	TC 8 - Near Heater							11/2/2012	9:29 AM
0.0	15.9	16.8	17.8	18.8	19.6	20.6	21.2	21.7
10.0	15.9	16.8	17.8	18.8	19.6	20.6	21.2	21.7
20.0	16.0	16.8	17.9	18.8	19.6	20.6	21.2	21.7
30.0	15.9	16.8	17.8	18.8	19.6	20.6	21.2	21.7
40.0	15.9	16.8	17.8	18.8	19.6	20.6	21.2	21.7
50.0	15.9	16.8	17.8	18.8	19.6	20.6	21.2	21.7
60.0	15.9	16.8	17.8	18.8	19.6	20.6	21.2	21.7
70.0	15.9	16.8	17.8	18.8	19.6	20.6	21.2	21.7
80.0	15.9	16.8	17.8	18.8	19.6	20.6	21.2	21.7
90.0	15.9	16.8	17.8	18.8	19.6	20.6	21.2	21.7
100.0	15.9	16.8	17.8	18.8	19.6	20.6	21.2	21.8
110.0	15.9	16.8	17.8	18.8	19.6	20.6	21.2	21.9
120.0	15.9	16.8	17.8	18.8	19.6	20.6	21.2	21.9
130.0	15.9	16.8	17.8	18.8	19.6	20.6	21.3	22.0
140.0	15.9	16.8	17.8	18.8	19.6	20.6	21.3	22.2
150.0	15.9	16.8	17.8	18.8	19.6	20.6	21.3	22.3
160.0	15.9	16.8	17.8	18.8	19.6	20.6	21.4	22.4
170.0	15.9	16.8	17.8	18.8	19.6	20.7	21.5	22.6
180.0	15.9	16.8	17.8	18.8	19.6	20.7	21.5	22.7
190.0	15.9	16.8	17.8	18.8	19.7	20.7	21.6	22.9
200.0	15.9	16.8	17.8	18.8	19.7	20.8	21.7	23.1
210.0	15.9	16.8	17.8	18.8	19.7	20.8	21.8	23.3
220.0	15.9	16.8	17.8	18.8	19.7	20.9	21.9	23.5
230.0	15.9	16.8	17.8	18.8	19.8	20.9	22.0	23.7
240.0	15.9	16.8	17.8	18.8	19.8	21.0	22.1	23.9
250.0	15.9	16.8	17.8	18.9	19.8	21.1	22.2	24.1
260.0	15.9	16.8	17.8	18.9	19.9	21.1	22.4	24.3
270.0	15.9	16.8	17.9	18.9	19.9	21.2	22.5	24.6
280.0	15.9	16.8	17.9	18.9	20.0	21.3	22.6	24.8
290.0	15.9	16.8	17.9	18.9	20.0	21.4	22.8	25.0
300.0	15.9	16.8	17.9	19.0	20.1	21.5	22.9	25.2
310.0	15.9	16.8	17.9	19.0	20.1	21.5	23.1	25.4
320.0	15.9	16.9	17.9	19.0	20.2	21.6	23.2	25.7
330.0	15.9	16.8	17.9	19.1	20.2	21.7	23.4	25.9
340.0	15.9	16.9	18.0	19.1	20.3	21.8	23.5	26.1
350.0	15.9	16.8	18.0	19.1	20.4	21.9	23.7	26.4
360.0	15.9	16.9	18.0	19.2	20.5	22.1	23.9	26.6
370.0	16.0	16.9	18.0	19.2	20.5	22.2	24.0	26.9
380.0	16.0	16.9	18.1	19.3	20.6	22.3	24.2	27.1
390.0	16.0	16.9	18.1	19.3	20.7	22.4	24.4	27.3
400.0	16.0	16.9	18.1	19.4	20.8	22.5	24.5	27.6
410.0	16.0	16.9	18.2	19.4	20.9	22.6	24.7	27.8
420.0	16.0	17.0	18.2	19.5	20.9	22.8	24.9	28.1
430.0	16.0	17.0	18.2	19.6	21.1	22.9	25.1	28.3
440.0	16.0	17.0	18.3	19.6	21.1	23.0	25.2	28.5
450.0	16.0	17.0	18.3	19.7	21.2	23.2	25.4	28.8
460.0	16.0	17.1	18.4	19.7	21.3	23.3	25.6	29.0
470.0	16.1	17.1	18.4	19.8	21.4	23.4	25.8	29.2
480.0	16.1	17.1	18.4	19.9	21.5	23.6	26.0	29.5
490.0	16.1	17.2	18.5	20.0	21.7	23.7	26.1	29.7
500.0	16.1	17.2	18.6	20.0	21.8	23.8	26.3	30.0
510.0	16.1	17.2	18.6	20.1	21.9	24.0	26.5	30.2
520.0	16.2	17.2	18.6	20.2	22.0	24.1	26.7	30.4
530.0	16.2	17.3	18.7	20.3	22.1	24.3	26.9	30.7
540.0	16.2	17.3	18.8	20.3	22.2	24.4	27.1	30.9
550.0	16.2	17.3	18.8	20.4	22.3	24.5	27.2	31.1
560.0	16.2	17.4	18.9	20.5	22.4	24.7	27.4	31.4
570.0	16.3	17.4	18.9	20.6	22.5	24.8	27.6	31.6
580.0	16.3	17.5	19.0	20.7	22.6	25.0	27.8	31.8
590.0	16.3	17.5	19.1	20.8	22.8	25.1	28.0	32.1
600.0	16.3	17.5	19.1	20.9	22.9	25.3	28.2	32.3
610.0	16.4	17.6	19.2	20.9	23.0	25.4	28.3	32.5
620.0	16.4	17.6	19.2	21.0	23.1	25.6	28.5	32.8
630.0	16.4	17.7	19.3	21.1	23.2	25.7	28.7	33.0
640.0	16.4	17.7	19.4	21.2	23.4	25.9	28.9	33.2
650.0	16.5	17.8	19.4	21.3	23.5	26.0	29.1	33.4
660.0	16.5	17.8	19.5	21.4	23.6	26.2	29.3	33.7
670.0	16.6	17.9	19.6	21.5	23.7	26.3	29.5	33.9
680.0	16.6	17.9	19.7	21.6	23.9	26.5	29.6	34.1
690.0	16.6	18.0	19.7	21.7	24.0	26.6	29.8	34.3
700.0	16.7	18.0	19.8	21.8	24.1	26.8	30.0	34.5
710.0	16.7	18.1	19.9	21.9	24.2	26.9	30.2	34.8
720.0	16.7	18.1	20.0	22.0	24.4	27.1	30.4	35.0
730.0	16.7	18.2	20.0	22.1	24.5	27.2	30.6	35.2
740.0	16.8	18.2	20.1	22.2	24.6	27.4	30.7	35.4
750.0	16.8	18.3	20.2	22.3	24.7	27.5	30.9	35.6
760.0	16.9	18.3	20.3	22.4	24.9	27.7	31.1	35.9
770.0	16.9	18.4	20.3	22.5	25.0	27.8	31.3	36.1
780.0	16.9	18.4	20.4	22.6	25.1	28.0	31.5	36.3
790.0	17.0	18.5	20.5	22.7	25.3	28.2	31.6	36.5
800.0	17.0	18.6	20.6	22.8	25.4	28.3	31.8	36.7
810.0	17.1	18.6	20.7	22.9	25.5	28.4	32.0	36.9
820.0	17.1	18.7	20.7	23.0	25.6	28.6	32.2	37.1
830.0	17.1	18.7	20.8	23.1	25.8	28.8	32.3	37.3
840.0	17.2	18.8	20.9	23.2	25.9	28.9	32.5	37.5
850.0	17.2	18.9	21.0	23.3	26.0	29.1	32.7	37.7
860.0	17.3	18.9	21.1	23.4	26.2	29.2	32.9	37.9
870.0	17.3	19.0	21.1	23.5	26.3	29.4	33.1	38.1
880.0	17.4	19.0	21.2	23.6	26.4	29.5	33.2	38.3
890.0	17.4	19.1	21.3	23.7	26.6	29.7	33.4	38.6
900.0	17.4	19.2	21.4	23.8	26.7	29.8	33.6	38.7
910.0	17.5	19.2	21.5	23.9	26.8	30.0	33.8	38.9
920.0	17.5	19.3	21.6	24.0	27.0	30.1	33.9	39.2
930.0	17.6	19.3	21.7	24.1	27.1	30.2	34.1	39.3
940.0	17.6	19.4	21.7	24.3	27.2	30.4	34.3	39.5
950.0	17.7	19.5	21.8	24.4	27.3	30.6	34.4	39.7
960.0	17.7	19.5	21.9	24.5	27.4	30.7	34.6	39.9
970.0	17.8	19.6	22.0	24.6	27.6	30.9	34.8	40.1
980.0	17.8	19.7	22.1	24.7	27.7	31.0	35.0	40.3
990.0	17.9	19.7	22.2	24.8	27.9	31.2	35.1	40.5
1000.0	17.9	19.8	22.3	24.9	28.0	31.3	35.3	40.7
1010.0	18.0	19.9	22.3	25.0	28.1	31.4	35.4	40.9
1020.0	18.0	19.9	22.4	25.1	28.2	31.6	35.6	41.1
1030.0	18.1	20.0	22.5	25.2	28.4	31.7	35.8	41.3
1040.0	18.1	20.1	22.6	25.3	28.5	31.9	36.0	41.5
1050.0	18.1	20.1	22.7	25.4	28.6	32.0	36.1	41.6
1060.0	18.2	20.2	22.8	25.5	28.8	32.2	36.3	41.8
1070.0	18.3	20.3	22.9	25.7	28.9	32.3	36.5	42.0
1080.0	18.3	20.3	23.0	25.8	29.0	32.5	36.6	42.2
1090.0	18.4	20.4	23.0	25.9	29.1	32.6	36.8	42.4
1100.0	18.4	20.5	23.1	26.0	29.3	32.8	36.9	42.6
1110.0	18.5	20.5	23.2	26.1	29.4	32.9	37.1	42.7
1120.0	18.5	20.6	23.3	26.2	29.5	33.0	37.3	42.9
1130.0	18.6	20.7	23.4	26.3	29.6	33.2	37.4	43.1
1140.0	18.6	20.7	23.5	26.4	29.8	33.3	37.6	43.3
1150.0	18.6	20.8	23.6	26.5	29.9	33.5	37.7	43.5
1160.0	18.7	20.9	23.6	26.6	30.0	33.6	37.9	43.6
1170.0	18.7	20.9	23.7	26.7	30.1	33.8	38.0	43.8
1180.0	18.8	21.0	23.8	26.8	30.3	33.9	38.2	44.0
1190.0	18.8	21.1	23.9	26.9	30.4	34.0	38.4	44.2
1200.0	18.9	21.1	24.0	27.0	30.5	34.2	38.5	44.3
1210.0	18.9	21.2	24.1	27.1	30.6	34.3	38.7	44.5
1220.0	19.0	21.3	24.1	27.2	30.8	34.4	38.8	44.7
1230.0	19.0	21.3	24.3	27.3	30.9	34.6	39.0	44.8
1240.0	19.1	21.4	24.3	27.4	31.0	34.7	39.1	45.0
1250.0	19.1	21.5	24.4	27.6	31.1	34.8	39.3	45.2
1260.0	19.2	21.5	24.5	27.6	31.2	35.0	39.4	45.3
1270.0	19.2	21.6	24.6	27.8	31.4	35.1	39.6	45.5
1280.0	19.3	21.7	24.7	27.9	31.5	35.2	39.7	45.7
1290.0	19.3	21.7	24.8	28.0	31.6	35.4	39.9	45.8
1300.0	19.4	21.8	24.8	28.1	31.7	35.5	40.0	46.0
1310.0	19.4	21.9	24.9	28.2	31.8	35.6	40.2	46.2
1320.0	19.5	21.9	25.0	28.3	32.0	35.8	40.3	46.3
1330.0	19.5	22.0	25.1	28.4	32.1	35.9	40.4	46.5
1340.0	19.6	22.1	25.2	28.5	32.2	36.0	40.6	46.6
1350.0	19.6	22.1	25.3	28.6	32.3	36.2	40.8	46.8
1360.0	19.7	22.2	25.4	28.7	32.4	36.3	40.9	47.0
1370.0	19.7	22.3	25.4	28.8	32.5	36.4	41.0	47.1
1380.0	19.8	22.3	25.5	28.9	32.7	36.6	41.2	47.3
1390.0	19.8	22.4	25.6	29.0	32.8	36.7	41.3	47.4
1400.0	19.9	22.5	25.7	29.1	32.9	36.8	41.5	47.6
1410.0	19.9	22.5	25.8	29.2	33.0	36.9	41.6	47.8
1420.0	20.0	22.6	25.9	29.3	33.1	37.1	41.8	47.9
1430.0	20.0	22.7	25.9	29.4	33.2	37.2	41.9	48.1
1440.0	20.1	22.7	26.0	29.5	33.4	37.3	42.0	48.2
1450.0	20.1	22.8	26.1	29.6	33.5	37.5	42.2	48.4
1460.0	20.2	22.8	26.2	29.7	33.6	37.6	42.3	48.5
1470.0	20.2	22.9	26.3	29.8	33.7	37.7	42.4	48.7
1480.0	20.3	23.0	26.4	29.9	33.8	37.8	42.6	48.8
1490.0	20.3	23.0	26.4	30.0	33.9	38.0	42.7	49.0
1500.0	20.3	23.1	26.5	30.1	34.0	38.1	42.8	49.1
1510.0	20.4	23.2	26.6	30.1	34.1	38.2	43.0	49.3
1520.0	20.4	23.2	26.7	30.3	34.3	38.3	43.1	49.4
1530.0	20.5	23.3	26.8	30.3	34.4	38.4	43.2	49.6
1540.0	20.5	23.3	26.8	30.4	34.5	38.5	43.4	49.7
1550.0	20.6	23.4	26.9	30.5	34.6	38.7	43.5	49.8
1560.0	20.6	23.5	27.0	30.6	34.7	38.8	43.7	50.0
1570.0	20.7	23.5	27.1	30.7	34.8	38.9	43.8	50.1
1580.0	20.7	23.6	27.1	30.8	34.9	39.0	43.9	50.3
1590.0	20.8	23.7	27.2	30.9	35.0	39.2	44.0	50.4
1600.0	20.8	23.7	27.3	31.0	35.1	39.3	44.2	50.5
1610.0	20.9	23.8	27.4	31.1	35.2	39.4	44.3	50.7
1620.0	20.9	23.8	27.5	31.2	35.3	39.5	44.4	50.8
1630.0	21.0	23.9	27.5	31.3	35.4	39.6	44.5	51.0
1640.0	21.0	24.0	27.6	31.4	35.5	39.7	44.7	51.1
1650.0	21.0	24.0	27.7	31.5	35.6	39.8	44.8	51.2
1660.0	21.1	24.1	27.8	31.6	35.8	40.0	44.9	51.4
1670.0	21.1	24.1	27.8	31.6	35.8	40.1	45.0	51.5
1680.0	21.2	24.2	27.9	31.7	36.0	40.2	45.2	51.7
1690.0	21.2	24.3	28.0	31.8	36.1	40.3	45.3	51.8
1700.0	21.3	24.3	28.1	31.9	36.2	40.4	45.4	51.9
1710.0	21.3	24.4	28.1	32.0	36.3	40.5	45.5	52.1
1720.0	21.4	24.4	28.2	32.1	36.4	40.6	45.7	52.2
1730.0	21.4	24.5	28.3	32.2	36.5	40.8	45.8	52.3
1740.0	21.4	24.6	28.4	32.3	36.6	40.9	45.9	52.5
1750.0	21.5	24.6	28.4	32.3	36.7	41.0	46.0	52.6
1760.0	21.5	24.7	28.5	32.4	36.8	41.1	46.1	52.7
1770.0	21.6	24.7	28.6	32.5	36.9	41.2	46.3	52.9
1780.0	21.6	24.8	28.7	32.6	37.0	41.3	46.4	53.0
1790.0	21.7	24.9	28.7	32.7	37.1	41.4	46.5	53.1
1800.0	21.7	24.9	28.8	32.8	37.2	41.5	46.6	53.3
1810.0	21.8	25.0	28.9	32.9	37.3	41.6	46.7	53.4
1820.0	21.8	25.0	28.9	32.9	37.4	41.7	46.8	53.5
1830.0	21.8	25.1	29.0	33.0	37.5	41.8	46.9	53.6
1840.0	21.9	25.1	29.1	33.1	37.6	41.9	47.1	53.7
1850.0	21.9	25.2	29.2	33.2	37.6	42.0	47.2	53.9
1860.0	22.0	25.3	29.2	33.3	37.7	42.1	47.3	54.0
1870.0	22.0	25.3	29.3	33.4	37.8	42.3	47.4	54.1
1880.0	22.1	25.4	29.4	33.5	37.9	42.4	47.5	54.2
1890.0	22.1	25.4	29.4	33.5	38.0	42.5	47.6	54.4
1900.0	22.1	25.5	29.5	33.6	38.1	42.6	47.7	54.5
1910.0	22.2	25.5	29.6	33.7	38.2	42.7	47.9	54.6
1920.0	22.2	25.6	29.7	33.8	38.3	42.8	48.0	54.7
1930.0	22.3	25.6	29.7	33.9	38.4	42.9	48.1	54.9
1940.0	22.3	25.7	29.8	33.9	38.5	43.0	48.2	55.0
1950.0	22.3	25.7	29.9	34.0	38.6	43.1	48.3	55.1
1960.0	22.4	25.8	29.9	34.1	38.7	43.2	48.4	55.2
1970.0	22.4	25.8	30.0	34.2	38.8	43.3	48.5	55.3
1980.0	22.5	25.9	30.1	34.3	38.9	43.4	48.6	55.4
1990.0	22.5	26.0	30.1	34.3	38.9	43.5	48.7	55.6
2000.0	22.5	26.0	30.2	34.4	39.0	43.6	48.8	55.7
2010.0	22.6	26.1	30.3	34.5	39.1	43.7	48.9	55.8
2020.0	22.6	26.1	30.3	34.6	39.2	43.8	49.1	55.9
2030.0	22.7	26.2	30.4	34.7	39.3	43.9	49.1	56.0
2040.0	22.7	26.2	30.4	34.7	39.4	43.9	49.3	56.1
2050.0	22.7	26.3	30.5	34.8	39.5	44.0	49.4	56.2
2060.0	22.8	26.3	30.6	34.9	39.6	44.1	49.5	56.4
2070.0	22.8	26.4	30.6	34.9	39.6	44.2	49.6	56.5
2080.0	22.9	26.4	30.7	35.0	39.7	44.3	49.7	56.6
2090.0	22.9	26.5	30.8	35.1	39.8	44.4	49.8	56.7
2100.0	22.9	26.5	30.8	35.2	39.9	44.5	49.9	56.8
2110.0	23.0	26.6	30.9	35.3	40.0	44.6	50.0	56.9
2120.0	23.0	26.6	31.0	35.3	40.1	44.7	50.1	57.0
2130.0	23.1	26.7	31.0	35.4	40.2	44.8	50.2	57.1
2140.0	23.1	26.7	31.1	35.5	40.3	44.9	50.3	57.2
2150.0	23.1	26.8	31.1	35.5	40.3	45.0	50.4	57.3
2160.0	23.2	26.8	31.2	35.6	40.4	45.1	50.5	57.4
2170.0	23.2	26.9	31.3	35.7	40.5	45.2	50.6	57.5
2180.0	23.2	26.9	31.3	35.8	40.6	45.3	50.7	57.6
2190.0	23.3	27.0	31.4	35.8	40.7	45.3	50.8	57.8
2200.0	23.3	27.0	31.5	35.9	40.8	45.4	50.9	57.9
2210.0	23.3	27.1	31.5	36.0	40.8	45.5	51.0	58.0
2220.0	23.4	27.1	31.6	36.0	40.9	45.6	51.0	58.1
2230.0	23.4	27.2	31.6	36.1	41.0	45.7	51.1	58.2
2240.0	23.5	27.2	31.7	36.2	41.1	45.8	51.2	58.3
2250.0	23.5	27.2	31.7	36.3	41.1	45.9	51.3	58.4
2260.0	23.5	27.3	31.8	36.3	41.2	45.9	51.4	58.5
2270.0	23.6	27.3	31.9	36.4	41.3	46.0	51.5	58.6
2280.0	23.6	27.4	31.9	36.5	41.4	46.1	51.6	58.7
2290.0	23.6	27.4	32.0	36.5	41.4	46.2	51.7	58.8
2300.0	23.7	27.5	32.0	36.6	41.5	46.3	51.8	58.9
2310.0	23.7	27.5	32.1	36.7	41.6	46.4	51.9	59.0
2320.0	23.8	27.6	32.2	36.7	41.7	46.5	52.0	59.1
2330.0	23.8	27.6	32.2	36.8	41.8	46.5	52.1	59.2
2340.0	23.8	27.7	32.3	36.9	41.8	46.6	52.1	59.3
2350.0	23.8	27.7	32.3	36.9	41.9	46.7	52.2	59.4
2360.0	23.9	27.8	32.4	37.0	42.0	46.8	52.3	59.4
2370.0	23.9	27.8	32.4	37.1	42.1	46.9	52.4	59.5
2380.0	23.9	27.8	32.5	37.1	42.1	46.9	52.5	59.6
2390.0	24.0	27.9	32.6	37.2	42.2	47.0	52.6	59.7
2400.0	24.0	27.9	32.6	37.3	42.3	47.1	52.7	59.8
2410.0	24.1	28.0	32.7	37.3	42.4	47.2	52.8	59.9
2420.0	24.1	28.0	32.7	37.4	42.4	47.3	52.8	60.0
2430.0	24.1	28.1	32.8	37.5	42.5	47.4	52.9	60.1
2440.0	24.1	28.1	32.8	37.5	42.6	47.4	53.0	60.2
2450.0	24.2	28.1	32.9	37.6	42.6	47.5	53.1	60.3
2460.0	24.2	28.2	32.9	37.6	42.7	47.6	53.2	60.4
2470.0	24.2	28.2	33.0	37.7	42.8	47.7	53.3	60.5
2480.0	24.3	28.3	33.0	37.8	42.8	47.7	53.4	60.6
2490.0	24.3	28.3	33.1	37.8	42.9	47.8	53.4	60.7
2500.0	24.3	28.4	33.1	37.9	43.0	47.9	53.5	60.7
2510.0	24.4	28.4	33.2	38.0	43.1	48.0	53.6	60.8
2520.0	24.4	28.4	33.2	38.0	43.1	48.0	53.7	60.9
2530.0	24.4	28.5	33.3	38.0	43.2	48.1	53.8	61.0
2540.0	24.5	28.5	33.3	38.1	43.3	48.2	53.8	61.1
2550.0	24.5	28.6	33.4	38.2	43.3	48.3	53.9	61.2
2560.0	24.5	28.6	33.4	38.2	43.4	48.3	54.0	61.3
2570.0	24.6	28.7	33.5	38.3	43.5	48.4	54.1	61.4
2580.0	24.6	28.7	33.6	38.4	43.5	48.5	54.2	61.5
2590.0	24.6	28.7	33.6	38.4	43.6	48.6	54.3	61.5
2600.0	24.6	28.8	33.6	38.5	43.7	48.6	54.3	61.6
2610.0	24.7	28.8	33.7	38.5	43.7	48.7	54.4	61.7
2620.0	24.7	28.8	33.7	38.6	43.8	48.8	54.5	61.8
2630.0	24.7	28.9	33.8	38.6	43.9	48.8	54.6	61.9
2640.0	24.8	28.9	33.8	38.7	43.9	48.9	54.6	62.0
2650.0	24.8	29.0	33.9	38.8	44.0	49.0	54.7	62.0
2660.0	24.8	29.0	33.9	38.8	44.1	49.1	54.8	62.1
2670.0	24.8	29.0	34.0	38.9	44.1	49.1	54.9	62.2
2680.0	24.9	29.1	34.0	38.9	44.2	49.2	54.9	62.3
2690.0	24.9	29.1	34.1	39.0	44.3	49.3	55.0	62.4
2700.0	25.0	29.2	34.1	39.1	44.3	49.3	55.1	62.5
2710.0	25.0	29.2	34.2	39.1	44.4	49.4	55.2	62.5
2720.0	25.0	29.2	34.2	39.2	44.4	49.5	55.2	62.6
2730.0	25.0	29.3	34.3	39.2	44.5	49.5	55.3	62.7
2740.0	25.1	29.3	34.3	39.3	44.6	49.6	55.4	62.8
2750.0	25.1	29.3	34.4	39.3	44.6	49.7	55.4	62.9
2760.0	25.1	29.4	34.4	39.4	44.7	49.7	55.5	62.9
2770.0	25.2	29.4	34.5	39.4	44.7	49.8	55.6	63.0
2780.0	25.2	29.4	34.5	39.5	44.8	49.9	55.7	63.1
2790.0	25.2	29.5	34.5	39.5	44.9	49.9	55.7	63.2
2800.0	25.2	29.5	34.6	39.6	44.9	50.0	55.8	63.2
2810.0	25.3	29.6	34.6	39.6	45.0	50.1	55.9	63.3
2820.0	25.3	29.6	34.7	39.7	45.1	50.1	56.0	63.4
2830.0	25.3	29.6	34.7	39.7	45.1	50.2	56.0	63.5
2840.0	25.3	29.7	34.8	39.8	45.2	50.2	56.1	63.5
2850.0	25.4	29.7	34.8	39.8	45.2	50.3	56.2	63.6
2860.0	25.4	29.7	34.9	39.9	45.3	50.4	56.2	63.7
2870.0	25.4	29.8	34.9	39.9	45.3	50.4	56.3	63.8
2880.0	25.4	29.8	34.9	40.0	45.4	50.5	56.4	63.8
2890.0	25.5	29.8	35.0	40.0	45.5	50.6	56.4	63.9
2900.0	25.5	29.9	35.0	40.1	45.5	50.6	56.5	64.0
2910.0	25.5	29.9	35.1	40.1	45.6	50.7	56.6	64.1
2920.0	25.5	29.9	35.1	40.2	45.6	50.8	56.6	64.1
2930.0	25.6	30.0	35.1	40.2	45.7	50.8	56.7	64.2
2940.0	25.6	30.0	35.2	40.3	45.7	50.9	56.8	64.3
2950.0	25.6	30.0	35.2	40.3	45.8	50.9	56.8	64.3
2960.0	25.6	30.1	35.3	40.4	45.9	51.0	56.9	64.4
2970.0	25.7	30.1	35.3	40.4	45.9	51.1	57.0	64.5
2980.0	25.7	30.1	35.4	40.5	46.0	51.1	57.0	64.6
2990.0	25.7	30.2	35.4	40.5	46.0	51.2	57.1	64.6
3000.0	25.7	30.2	35.4	40.6	46.1	51.3	57.2	64.7
3010.0	25.8	30.2	35.5	40.6	46.1	51.3	57.2	64.8
3020.0	25.8	30.3	35.5	40.7	46.2	51.4	57.3	64.8
3030.0	25.8	30.3	35.6	40.7	46.2	51.4	57.4	64.9
3040.0	25.8	30.3	35.6	40.8	46.3	51.5	57.4	65.0
3050.0	25.9	30.4	35.6	40.8	46.3	51.5	57.5	65.0
3060.0	25.9	30.4	35.7	40.9	46.4	51.6	57.5	65.1
3070.0	25.9	30.4	35.7	40.9	46.4	51.6	57.6	65.2
3080.0	25.9	30.5	35.8	41.0	46.5	51.7	57.7	65.2
3090.0	26.0	30.5	35.8	41.0	46.5	51.8	57.7	65.3
3100.0	26.0	30.5	35.8	41.0	46.6	51.8	57.8	65.4
3110.0	26.0	30.5	35.9	41.1	46.6	51.9	57.8	65.4
3120.0	26.0	30.6	35.9	41.1	46.7	51.9	57.9	65.5
3130.0	26.0	30.6	36.0	41.2	46.8	52.0	58.0	65.6
3140.0	26.1	30.6	36.0	41.2	46.8	52.0	58.0	65.6
3150.0	26.1	30.7	36.0	41.3	46.9	52.1	58.1	65.7
3160.0	26.1	30.7	36.1	41.3	46.9	52.1	58.1	65.8
3170.0	26.1	30.7	36.1	41.4	46.9	52.2	58.2	65.8
3180.0	26.2	30.8	36.1	41.4	47.0	52.3	58.3	65.9
3190.0	26.2	30.8	36.2	41.4	47.0	52.3	58.3	66.0
3200.0	26.2	30.8	36.2	41.5	47.1	52.4	58.4	66.0
3210.0	26.2	30.9	36.3	41.5	47.2	52.4	58.4	66.1
3220.0	26.3	30.9	36.3	41.6	47.2	52.5	58.5	66.2
3230.0	26.3	30.9	36.3	41.6	47.3	52.5	58.6	66.2
3240.0	26.3	30.9	36.4	41.7	47.3	52.6	58.6	66.3
3250.0	26.3	31.0	36.4	41.7	47.3	52.6	58.7	66.3
3260.0	26.3	31.0	36.4	41.7	47.4	52.7	58.7	66.4
3270.0	26.4	31.0	36.5	41.8	47.4	52.7	58.8	66.5
3280.0	26.4	31.1	36.5	41.8	47.5	52.8	58.8	66.5
3290.0	26.4	31.1	36.6	41.9	47.5	52.8	58.9	66.6
3300.0	26.4	31.1	36.6	41.9	47.6	52.9	58.9	66.6
3310.0	26.5	31.1	36.6	41.9	47.6	52.9	59.0	66.7
3320.0	26.5	31.2	36.6	42.0	47.7	53.0	59.0	66.7
3330.0	26.5	31.2	36.7	42.0	47.7	53.0	59.1	66.8
3340.0	26.5	31.2	36.7	42.1	47.8	53.1	59.1	66.9
3350.0	26.5	31.2	36.7	42.1	47.8	53.1	59.2	66.9
3360.0	26.6	31.3	36.8	42.2	47.9	53.2	59.3	67.0
3370.0	26.6	31.3	36.8	42.2	47.9	53.2	59.3	67.0
3380.0	26.6	31.3	36.9	42.2	47.9	53.3	59.4	67.1
3390.0	26.6	31.4	36.9	42.3	48.0	53.3	59.4	67.2
3400.0	26.6	31.4	36.9	42.3	48.0	53.4	59.5	67.2
3410.0	26.7	31.4	37.0	42.4	48.1	53.4	59.5	67.3
3420.0	26.7	31.4	37.0	42.4	48.1	53.5	59.6	67.3
3430.0	26.7	31.5	37.0	42.4	48.2	53.5	59.6	67.4
3440.0	26.7	31.5	37.1	42.5	48.2	53.6	59.7	67.4
3450.0	26.8	31.5	37.1	42.5	48.3	53.6	59.7	67.5
3460.0	26.8	31.5	37.1	42.6	48.3	53.7	59.8	67.5
3470.0	26.8	31.6	37.1	42.6	48.3	53.7	59.8	67.6
3480.0	26.8	31.6	37.2	42.6	48.4	53.8	59.9	67.7
3490.0	26.8	31.6	37.2	42.7	48.4	53.8	59.9	67.7
3500.0	26.9	31.7	37.3	42.7	48.5	53.9	60.0	67.8
3510.0	26.9	31.7	37.3	42.7	48.5	53.9	60.0	67.8
3520.0	26.9	31.7	37.3	42.8	48.6	54.0	60.1	67.9
3530.0	26.9	31.7	37.3	42.8	48.6	54.0	60.1	67.9
3540.0	26.9	31.8	37.4	42.9	48.7	54.0	60.2	68.0
3550.0	26.9	31.8	37.4	42.9	48.7	54.1	60.2	68.0
3560.0	27.0	31.8	37.4	42.9	48.7	54.1	60.3	68.1
3570.0	27.0	31.8	37.5	43.0	48.8	54.2	60.3	68.1
3580.0	27.0	31.8	37.5	43.0	48.8	54.2	60.4	68.2
3590.0	27.0	31.9	37.5	43.0	48.8	54.3	60.4	68.2
3600.0	27.0	31.9	37.6	43.1	48.9	54.3	60.5	68.3
3610.0	27.1	31.9	37.6	43.1	48.9	54.3	60.5	68.3
3620.0	27.1	31.9	37.6	43.1	49.0	54.4	60.6	68.4
3630.0	27.1	32.0	37.7	43.2	49.0	54.4	60.6	68.4
3640.0	27.1	32.0	37.7	43.2	49.1	54.5	60.7	68.5
3650.0	27.1	32.0	37.7	43.2	49.1	54.5	60.7	68.5
3660.0	27.1	32.0	37.7	43.3	49.1	54.6	60.7	68.6
3670.0	27.2	32.1	37.8	43.3	49.1	54.6	60.8	68.6
3680.0	27.2	32.1	37.8	43.3	49.2	54.6	60.8	68.7
3690.0	27.2	32.1	37.8	43.4	49.2	54.7	60.9	68.7
3700.0	27.2	32.1	37.9	43.4	49.3	54.7	60.9	68.8
3710.0	27.2	32.2	37.9	43.4	49.3	54.8	61.0	68.8
3720.0	27.3	32.2	37.9	43.5	49.4	54.8	61.0	68.9
3730.0	27.3	32.2	37.9	43.5	49.4	54.9	61.1	68.9
3740.0	27.3	32.2	38.0	43.6	49.4	54.9	61.1	69.0
3750.0	27.3	32.3	38.0	43.6	49.5	54.9	61.2	69.0
3760.0	27.3	32.3	38.0	43.6	49.5	55.0	61.2	69.1
3770.0	27.4	32.3	38.1	43.7	49.6	55.0	61.3	69.1
3780.0	27.4	32.3	38.1	43.7	49.6	55.1	61.3	69.2
3790.0	27.4	32.3	38.1	43.7	49.6	55.1	61.3	69.2
3800.0	27.4	32.4	38.2	43.8	49.7	55.2	61.4	69.3
3810.0	27.4	32.4	38.2	43.8	49.7	55.2	61.4	69.3
3820.0	27.4	32.4	38.2	43.8	49.7	55.2	61.5	69.4
3830.0	27.5	32.4	38.2	43.8	49.8	55.3	61.5	69.4
3840.0	27.5	32.5	38.3	43.9	49.8	55.3	61.6	69.5
3850.0	27.5	32.5	38.3	43.9	49.8	55.3	61.6	69.5
3860.0	27.5	32.5	38.3	43.9	49.9	55.4	61.6	69.5
3870.0	27.5	32.5	38.3	44.0	49.9	55.4	61.7	69.6
3880.0	27.5	32.6	38.4	44.0	50.0	55.5	61.7	69.6
3890.0	27.6	32.6	38.4	44.0	50.0	55.5	61.8	69.7
3900.0	27.6	32.6	38.4	44.1	50.0	55.6	61.8	69.7
3910.0	27.6	32.6	38.5	44.1	50.1	55.6	61.9	69.8
3920.0	27.6	32.6	38.5	44.1	50.1	55.6	61.9	69.8
3930.0	27.6	32.7	38.5	44.2	50.1	55.7	61.9	69.9
3940.0	27.6	32.7	38.5	44.2	50.2	55.7	62.0	69.9
3950.0	27.7	32.7	38.5	44.2	50.2	55.7	62.0	69.9
3960.0	27.7	32.7	38.6	44.3	50.2	55.8	62.1	70.0
3970.0	27.7	32.7	38.6	44.3	50.2	55.8	62.1	70.0
3980.0	27.7	32.7	38.6	44.3	50.3	55.8	62.1	70.1
3990.0	27.7	32.8	38.6	44.3	50.3	55.9	62.2	70.1
4000.0	27.7	32.8	38.7	44.4	50.4	55.9	62.2	70.2
4010.0	27.8	32.8	38.7	44.4	50.4	56.0	62.3	70.2
4020.0	27.8	32.8	38.7	44.4	50.4	56.0	62.3	70.2
4030.0	27.8	32.9	38.8	44.5	50.5	56.0	62.3	70.3
4040.0	27.8	32.9	38.8	44.5	50.5	56.1	62.4	70.3
4050.0	27.8	32.9	38.8	44.5	50.5	56.1	62.4	70.4
4060.0	27.8	32.9	38.8	44.5	50.6	56.1	62.4	70.4
4070.0	27.9	32.9	38.9	44.6	50.6	56.2	62.5	70.5
4080.0	27.9	33.0	38.9	44.6	50.6	56.2	62.5	70.5
4090.0	27.9	33.0	38.9	44.6	50.7	56.2	62.6	70.5
4100.0	27.9	33.0	38.9	44.7	50.7	56.3	62.6	70.6
4110.0	27.9	33.0	39.0	44.7	50.7	56.3	62.6	70.6
4120.0	27.9	33.0	39.0	44.7	50.8	56.4	62.7	70.7
4130.0	27.9	33.0	39.0	44.7	50.8	56.4	62.7	70.7
4140.0	28.0	33.1	39.0	44.8	50.8	56.4	62.7	70.7
4150.0	28.0	33.1	39.0	44.8	50.8	56.4	62.8	70.8
4160.0	28.0	33.1	39.1	44.8	50.9	56.5	62.8	70.8
4170.0	28.0	33.1	39.1	44.8	50.9	56.5	62.8	70.8
4180.0	28.0	33.1	39.1	44.9	50.9	56.5	62.9	70.9
4190.0	28.0	33.2	39.1	44.9	51.0	56.6	62.9	70.9
4200.0	28.0	33.2	39.2	44.9	51.0	56.6	63.0	71.0
4210.0	28.1	33.2	39.2	45.0	51.0	56.6	63.0	71.0
4220.0	28.1	33.2	39.2	45.0	51.0	56.7	63.0	71.0
4230.0	28.1	33.2	39.2	45.0	51.1	56.7	63.1	71.1
4240.0	28.1	33.3	39.2	45.0	51.1	56.7	63.1	71.1
4250.0	28.1	33.3	39.3	45.1	51.1	56.8	63.1	71.2
4260.0	28.1	33.3	39.3	45.1	51.2	56.8	63.2	71.2
4270.0	28.1	33.3	39.3	45.1	51.2	56.8	63.2	71.2
4280.0	28.1	33.3	39.3	45.1	51.2	56.9	63.2	71.3
4290.0	28.1	33.3	39.3	45.2	51.3	56.9	63.3	71.3
4300.0	28.1	33.3	39.4	45.2	51.3	56.9	63.3	71.3
4310.0	28.2	33.4	39.4	45.2	51.3	57.0	63.3	71.4
4320.0	28.2	33.4	39.4	45.2	51.3	57.0	63.4	71.4
4330.0	28.2	33.4	39.4	45.3	51.4	57.0	63.4	71.5
4340.0	28.2	33.4	39.4	45.3	51.4	57.0	63.4	71.5
4350.0	28.2	33.4	39.5	45.3	51.4	57.1	63.5	71.5
4360.0	28.2	33.4	39.5	45.3	51.4	57.1	63.5	71.5
4370.0	28.3	33.5	39.5	45.3	51.5	57.1	63.5	71.6
4380.0	28.3	33.5	39.5	45.4	51.5	57.2	63.6	71.6
4390.0	28.3	33.5	39.6	45.4	51.5	57.2	63.6	71.7
4400.0	28.3	33.5	39.6	45.4	51.6	57.2	63.6	71.7
4410.0	28.3	33.5	39.6	45.4	51.6	57.2	63.7	71.7
4420.0	28.3	33.5	39.6	45.5	51.6	57.3	63.7	71.7
4430.0	28.3	33.5	39.6	45.5	51.6	57.3	63.7	71.8
4440.0	28.3	33.6	39.7	45.5	51.7	57.3	63.8	71.8
4450.0	28.3	33.6	39.7	45.5	51.7	57.3	63.8	71.9
4460.0	28.4	33.6	39.7	45.5	51.7	57.4	63.8	71.9
4470.0	28.4	33.6	39.7	45.6	51.7	57.4	63.8	71.9
4480.0	28.4	33.6	39.7	45.6	51.8	57.4	63.9	72.0
4490.0	28.4	33.6	39.7	45.6	51.8	57.5	63.9	72.0
4500.0	28.4	33.7	39.8	45.6	51.8	57.5	63.9	72.0
4510.0	28.4	33.7	39.8	45.7	51.8	57.5	63.9	72.0
4520.0	28.4	33.7	39.8	45.7	51.9	57.5	64.0	72.1
4530.0	28.4	33.7	39.8	45.7	51.9	57.6	64.0	72.1
4540.0	28.4	33.7	39.8	45.7	51.9	57.6	64.0	72.1
4550.0	28.4	33.7	39.8	45.7	51.9	57.6	64.1	72.2
4560.0	28.5	33.7	39.9	45.8	51.9	57.6	64.1	72.2
4570.0	28.5	33.8	39.9	45.8	52.0	57.7	64.1	72.2
4580.0	28.5	33.8	39.9	45.8	52.0	57.7	64.1	72.3
4590.0	28.5	33.8	39.9	45.8	52.0	57.7	64.2	72.3
4600.0	28.5	33.8	39.9	45.8	52.0	57.7	64.2	72.3
4610.0	28.5	33.8	39.9	45.8	52.1	57.8	64.2	72.3
4620.0	28.5	33.8	40.0	45.9	52.1	57.8	64.2	72.4
4630.0	28.5	33.8	40.0	45.9	52.1	57.8	64.3	72.4
4640.0	28.5	33.8	40.0	45.9	52.1	57.8	64.3	72.4
4650.0	28.5	33.8	40.0	45.9	52.1	57.9	64.3	72.5
4660.0	28.5	33.9	40.0	45.9	52.2	57.9	64.3	72.5
4670.0	28.6	33.9	40.0	46.0	52.2	57.9	64.4	72.5
4680.0	28.6	33.9	40.1	46.0	52.2	57.9	64.4	72.6
4690.0	28.6	33.9	40.1	46.0	52.2	58.0	64.4	72.6
4700.0	28.6	33.9	40.1	46.0	52.3	58.0	64.5	72.6
4710.0	28.6	33.9	40.1	46.0	52.3	58.0	64.5	72.6
4720.0	28.6	33.9	40.1	46.1	52.3	58.0	64.5	72.7
4730.0	28.6	33.9	40.1	46.1	52.3	58.1	64.5	72.7
4740.0	28.6	33.9	40.1	46.1	52.3	58.1	64.6	72.7
4750.0	28.6	34.0	40.2	46.1	52.4	58.1	64.6	72.8
4760.0	28.7	34.0	40.2	46.1	52.4	58.1	64.6	72.8
4770.0	28.7	34.0	40.2	46.1	52.4	58.1	64.6	72.8
4780.0	28.7	34.0	40.2	46.2	52.4	58.2	64.7	72.8
4790.0	28.7	34.0	40.2	46.2	52.4	58.2	64.7	72.9
4800.0	28.7	34.0	40.2	46.2	52.5	58.2	64.7	72.9
4810.0	28.7	34.0	40.3	46.2	52.5	58.2	64.7	72.9
4820.0	28.7	34.1	40.3	46.2	52.5	58.2	64.8	72.9
4830.0	28.7	34.1	40.3	46.3	52.5	58.3	64.8	73.0
4840.0	28.7	34.1	40.3	46.3	52.5	58.3	64.8	73.0
4850.0	28.7	34.1	40.3	46.3	52.6	58.3	64.8	73.0
4860.0	28.7	34.1	40.3	46.3	52.6	58.3	64.9	73.1
4870.0	28.7	34.1	40.3	46.3	52.6	58.4	64.9	73.1
4880.0	28.7	34.1	40.3	46.3	52.6	58.4	64.9	73.1
4890.0	28.8	34.1	40.4	46.4	52.6	58.4	64.9	73.1
4900.0	28.7	34.1	40.4	46.4	52.6	58.4	64.9	73.1
4910.0	28.8	34.2	40.4	46.4	52.7	58.4	65.0	73.2
4920.0	28.8	34.2	40.4	46.4	52.7	58.5	65.0	73.2
4930.0	28.8	34.2	40.4	46.4	52.7	58.5	65.0	73.2
4940.0	28.8	34.2	40.4	46.4	52.7	58.5	65.0	73.2
4950.0	28.8	34.2	40.4	46.5	52.7	58.5	65.0	73.3
4960.0	28.8	34.2	40.5	46.5	52.8	58.5	65.1	73.3
4970.0	28.8	34.2	40.5	46.5	52.8	58.6	65.1	73.3
4980.0	28.8	34.2	40.5	46.5	52.8	58.6	65.1	73.3
4990.0	28.8	34.2	40.5	46.5	52.8	58.6	65.1	73.4
5000.0	28.8	34.2	40.5	46.5	52.8	58.6	65.2	73.4
5010.0	28.8	34.3	40.5	46.5	52.9	58.7	65.2	73.4
5020.0	28.8	34.3	40.5	46.6	52.9	58.7	65.2	73.4
5030.0	28.9	34.3	40.6	46.6	52.9	58.7	65.2	73.5
5040.0	28.9	34.3	40.6	46.6	52.9	58.7	65.2	73.5
5050.0	28.9	34.3	40.6	46.6	52.9	58.7	65.3	73.5
5060.0	28.9	34.3	40.6	46.6	53.0	58.7	65.3	73.5
5070.0	28.9	34.3	40.6	46.7	53.0	58.8	65.3	73.6
5080.0	28.9	34.3	40.6	46.7	53.0	58.8	65.4	73.6
5090.0	28.9	34.3	40.6	46.7	53.0	58.8	65.4	73.6
5100.0	28.9	34.3	40.6	46.7	53.0	58.8	65.4	73.6
5110.0	28.9	34.4	40.7	46.7	53.0	58.8	65.4	73.6
5120.0	28.9	34.4	40.7	46.7	53.1	58.9	65.4	73.7
5130.0	28.9	34.4	40.7	46.7	53.1	58.9	65.4	73.7
5140.0	28.9	34.4	40.7	46.8	53.1	58.9	65.5	73.7
5150.0	29.0	34.4	40.7	46.8	53.1	58.9	65.5	73.7
5160.0	29.0	34.4	40.7	46.8	53.1	58.9	65.5	73.8
5170.0	29.0	34.4	40.7	46.8	53.1	59.0	65.5	73.8
5180.0	29.0	34.4	40.8	46.8	53.2	59.0	65.5	73.8
5190.0	29.0	34.4	40.8	46.8	53.2	59.0	65.6	73.8
5200.0	29.0	34.5	40.8	46.8	53.2	59.0	65.6	73.9
5210.0	29.0	34.5	40.8	46.8	53.2	59.0	65.6	73.9
5220.0	29.0	34.5	40.8	46.9	53.2	59.0	65.6	73.9
5230.0	29.0	34.5	40.8	46.9	53.2	59.1	65.6	73.9
5240.0	29.0	34.5	40.8	46.9	53.3	59.1	65.7	73.9
5250.0	29.0	34.5	40.8	46.9	53.3	59.1	65.7	74.0
5260.0	29.0	34.5	40.8	46.9	53.3	59.1	65.7	74.0
5270.0	29.0	34.5	40.9	46.9	53.3	59.1	65.7	74.0
5280.0	29.0	34.5	40.9	47.0	53.3	59.1	65.7	74.0
5290.0	29.1	34.5	40.9	47.0	53.3	59.2	65.8	74.0
5300.0	29.1	34.5	40.9	47.0	53.4	59.2	65.8	74.1
5310.0	29.1	34.6	40.9	47.0	53.4	59.2	65.8	74.1
5320.0	29.1	34.6	40.9	47.0	53.4	59.2	65.8	74.1
5330.0	29.1	34.6	40.9	47.0	53.4	59.2	65.8	74.1
5340.0	29.1	34.6	40.9	47.0	53.4	59.2	65.9	74.1
5350.0	29.1	34.6	41.0	47.1	53.4	59.3	65.9	74.2
5360.0	29.1	34.6	41.0	47.1	53.4	59.3	65.9	74.2
5370.0	29.1	34.6	41.0	47.1	53.5	59.3	65.9	74.2
5380.0	29.1	34.6	41.0	47.1	53.5	59.3	65.9	74.2
5390.0	29.1	34.7	41.0	47.1	53.5	59.4	66.0	74.3
5400.0	29.1	34.6	41.0	47.1	53.5	59.4	66.0	74.3
5410.0	29.1	34.6	41.0	47.1	53.5	59.4	66.0	74.3
5420.0	29.1	34.7	41.0	47.2	53.5	59.4	66.0	74.3
5430.0	29.2	34.7	41.1	47.2	53.6	59.4	66.0	74.3
5440.0	29.2	34.7	41.1	47.2	53.6	59.4	66.0	74.3
5450.0	29.2	34.7	41.1	47.2	53.6	59.4	66.1	74.4
5460.0	29.2	34.7	41.1	47.2	53.6	59.5	66.1	74.4
5470.0	29.2	34.7	41.1	47.2	53.6	59.5	66.1	74.4
5480.0	29.2	34.7	41.1	47.2	53.6	59.5	66.1	74.4
5490.0	29.2	34.7	41.1	47.2	53.6	59.5	66.1	74.4
5500.0	29.2	34.7	41.1	47.3	53.7	59.5	66.2	74.5
5510.0	29.2	34.7	41.1	47.3	53.7	59.5	66.2	74.5
5520.0	29.2	34.7	41.1	47.3	53.7	59.5	66.2	74.5
5530.0	29.2	34.8	41.2	47.3	53.7	59.6	66.2	74.5
5540.0	29.2	34.8	41.2	47.3	53.7	59.6	66.2	74.5
5550.0	29.2	34.8	41.2	47.3	53.7	59.6	66.2	74.5
5560.0	29.2	34.8	41.2	47.3	53.7	59.6	66.2	74.6
5570.0	29.2	34.8	41.2	47.3	53.8	59.6	66.3	74.6
5580.0	29.2	34.8	41.2	47.3	53.8	59.6	66.3	74.6
5590.0	29.2	34.8	41.2	47.4	53.8	59.7	66.3	74.6
5600.0	29.3	34.8	41.2	47.4	53.8	59.7	66.3	74.6
5610.0	29.3	34.8	41.2	47.4	53.8	59.7	66.3	74.7
5620.0	29.3	34.8	41.2	47.4	53.8	59.7	66.3	74.7
5630.0	29.3	34.8	41.3	47.4	53.8	59.7	66.4	74.7
5640.0	29.3	34.8	41.3	47.4	53.9	59.7	66.4	74.7
5650.0	29.3	34.8	41.3	47.4	53.9	59.7	66.4	74.7
5660.0	29.3	34.9	41.3	47.4	53.9	59.8	66.4	74.8
5670.0	29.3	34.9	41.3	47.5	53.9	59.8	66.4	74.8
5680.0	29.3	34.9	41.3	47.5	53.9	59.8	66.4	74.8
5690.0	29.3	34.9	41.3	47.5	53.9	59.8	66.4	74.8
5700.0	29.3	34.9	41.3	47.5	53.9	59.8	66.5	74.8
5710.0	29.3	34.9	41.3	47.5	54.0	59.8	66.5	74.8
5720.0	29.3	34.9	41.3	47.5	54.0	59.8	66.5	74.8
5730.0	29.3	34.9	41.4	47.5	54.0	59.9	66.5	74.9
5740.0	29.3	34.9	41.4	47.5	54.0	59.9	66.5	74.9
5750.0	29.3	34.9	41.4	47.5	54.0	59.9	66.6	74.9
5760.0	29.3	34.9	41.4	47.6	54.0	59.9	66.6	74.9
5770.0	29.4	34.9	41.4	47.6	54.0	59.9	66.6	74.9
5780.0	29.4	34.9	41.4	47.6	54.0	59.9	66.6	74.9
5790.0	29.4	35.0	41.4	47.6	54.1	59.9	66.6	75.0
5800.0	29.4	35.0	41.4	47.6	54.1	60.0	66.6	75.0
5810.0	29.4	35.0	41.4	47.6	54.1	60.0	66.6	75.0
5820.0	29.4	35.0	41.4	47.6	54.1	60.0	66.7	75.0
5830.0	29.4	35.0	41.5	47.6	54.1	60.0	66.7	75.0
5840.0	29.4	35.0	41.5	47.7	54.1	60.0	66.7	75.0
5850.0	29.4	35.0	41.5	47.7	54.1	60.0	66.7	75.1
5860.0	29.4	35.0	41.5	47.7	54.2	60.1	66.7	75.1
5870.0	29.4	35.0	41.5	47.7	54.2	60.1	66.7	75.1
5880.0	29.4	35.0	41.5	47.7	54.2	60.1	66.7	75.1
5890.0	29.4	35.1	41.5	47.7	54.2	60.1	66.8	75.1
5900.0	29.4	35.0	41.5	47.7	54.2	60.1	66.8	75.1
5910.0	29.4	35.1	41.5	47.7	54.2	60.1	66.8	75.1
5920.0	29.4	35.1	41.6	47.8	54.2	60.1	66.8	75.2
5930.0	29.4	35.1	41.6	47.8	54.2	60.2	66.8	75.2
5940.0	29.5	35.1	41.6	47.8	54.2	60.2	66.8	75.2
5950.0	29.5	35.1	41.6	47.8	54.3	60.2	66.8	75.2
5960.0	29.5	35.1	41.6	47.8	54.3	60.2	66.9	75.2
5970.0	29.5	35.1	41.6	47.8	54.3	60.2	66.9	75.3
5980.0	29.5	35.1	41.6	47.8	54.3	60.2	66.9	75.3
5990.0	29.5	35.1	41.6	47.8	54.3	60.2	66.9	75.3
6000.0	29.5	35.1	41.6	47.8	54.3	60.3	66.9	75.3
6010.0	29.5	35.1	41.6	47.9	54.3	60.3	66.9	75.3
6020.0	29.5	35.1	41.6	47.9	54.4	60.3	67.0	75.3
6030.0	29.5	35.2	41.7	47.9	54.4	60.3	67.0	75.3
6040.0	29.5	35.2	41.7	47.9	54.4	60.3	67.0	75.4
6050.0	29.5	35.2	41.7	47.9	54.4	60.3	67.0	75.4
6060.0	29.5	35.2	41.7	47.9	54.4	60.3	67.0	75.4
6070.0	29.5	35.2	41.7	47.9	54.4	60.4	67.0	75.4
6080.0	29.6	35.2	41.7	48.0	54.4	60.4	67.1	75.4
6090.0	29.6	35.2	41.7	47.9	54.4	60.4	67.1	75.4
6100.0	29.6	35.2	41.7	48.0	54.5	60.4	67.1	75.5
6110.0	29.6	35.2	41.7	48.0	54.5	60.4	67.1	75.5
6120.0	29.6	35.2	41.7	48.0	54.5	60.4	67.1	75.5
6130.0	29.6	35.2	41.8	48.0	54.5	60.4	67.1	75.5
6140.0	29.6	35.3	41.8	48.0	54.5	60.5	67.1	75.5
6150.0	29.6	35.3	41.8	48.0	54.5	60.5	67.1	75.5
6160.0	29.6	35.3	41.8	48.0	54.5	60.5	67.2	75.5
6170.0	29.6	35.3	41.8	48.0	54.5	60.5	67.2	75.6
6180.0	29.6	35.3	41.8	48.0	54.6	60.5	67.2	75.6
6190.0	29.6	35.3	41.8	48.0	54.6	60.5	67.2	75.6
6200.0	29.6	35.3	41.8	48.1	54.6	60.5	67.2	75.6
6210.0	29.6	35.3	41.8	48.1	54.6	60.5	67.2	75.6
6220.0	29.6	35.3	41.8	48.1	54.6	60.5	67.2	75.6
6230.0	29.6	35.3	41.8	48.1	54.6	60.6	67.3	75.6
6240.0	29.6	35.3	41.9	48.1	54.6	60.6	67.3	75.7
6250.0	29.7	35.3	41.9	48.1	54.6	60.6	67.3	75.7
6260.0	29.7	35.3	41.9	48.1	54.6	60.6	67.3	75.7
6270.0	29.7	35.3	41.9	48.1	54.7	60.6	67.3	75.7
6280.0	29.7	35.3	41.9	48.1	54.7	60.6	67.3	75.7
6290.0	29.7	35.4	41.9	48.2	54.7	60.6	67.3	75.7
6300.0	29.7	35.4	41.9	48.2	54.7	60.6	67.4	75.7
6310.0	29.7	35.4	41.9	48.2	54.7	60.7	67.4	75.8
6320.0	29.7	35.4	41.9	48.2	54.7	60.7	67.4	75.8
6330.0	29.7	35.4	41.9	48.2	54.7	60.7	67.4	75.8
6340.0	29.7	35.4	42.0	48.2	54.7	60.7	67.4	75.8
6350.0	29.7	35.4	42.0	48.2	54.7	60.7	67.4	75.8
6360.0	29.7	35.4	42.0	48.2	54.7	60.7	67.4	75.8
6370.0	29.7	35.4	42.0	48.2	54.8	60.7	67.4	75.8
6380.0	29.7	35.4	42.0	48.2	54.8	60.7	67.5	75.8
6390.0	29.7	35.4	42.0	48.3	54.8	60.8	67.5	75.9
6400.0	29.7	35.4	42.0	48.3	54.8	60.8	67.5	75.9
6410.0	29.7	35.4	42.0	48.3	54.8	60.8	67.5	75.9
6420.0	29.8	35.5	42.0	48.3	54.8	60.8	67.5	75.9
6430.0	29.8	35.5	42.0	48.3	54.8	60.8	67.5	75.9
6440.0	29.8	35.4	42.0	48.3	54.8	60.8	67.5	75.9
6450.0	29.8	35.5	42.0	48.3	54.8	60.8	67.5	75.9
6460.0	29.8	35.5	42.0	48.3	54.9	60.8	67.5	76.0
6470.0	29.8	35.5	42.0	48.3	54.9	60.8	67.6	76.0
6480.0	29.8	35.5	42.1	48.3	54.9	60.9	67.6	76.0
6490.0	29.8	35.5	42.1	48.3	54.9	60.9	67.6	76.0
6500.0	29.8	35.5	42.1	48.4	54.9	60.9	67.6	76.0
6510.0	29.8	35.5	42.1	48.4	54.9	60.9	67.6	76.0
6520.0	29.8	35.5	42.1	48.4	54.9	60.9	67.6	76.0
6530.0	29.8	35.5	42.1	48.4	54.9	60.9	67.6	76.0
6540.0	29.8	35.5	42.1	48.4	54.9	60.9	67.6	76.0
6550.0	29.8	35.5	42.1	48.4	54.9	60.9	67.6	76.1
6560.0	29.8	35.5	42.1	48.4	55.0	60.9	67.7	76.1
6570.0	29.8	35.6	42.1	48.4	55.0	60.9	67.7	76.1
6580.0	29.8	35.6	42.1	48.4	55.0	61.0	67.7	76.1
6590.0	29.8	35.6	42.2	48.4	55.0	61.0	67.7	76.1
6600.0	29.9	35.6	42.2	48.5	55.0	61.0	67.7	76.1
6610.0	29.8	35.6	42.2	48.5	55.0	61.0	67.7	76.1
6620.0	29.9	35.6	42.2	48.5	55.0	61.0	67.7	76.2
6630.0	29.9	35.6	42.2	48.5	55.0	61.0	67.7	76.2
6640.0	29.9	35.6	42.2	48.5	55.0	61.0	67.8	76.2
6650.0	29.9	35.6	42.2	48.5	55.1	61.0	67.8	76.2
6660.0	29.9	35.6	42.2	48.5	55.1	61.0	67.8	76.2
6670.0	29.9	35.6	42.2	48.5	55.1	61.0	67.8	76.2
6680.0	29.9	35.6	42.2	48.5	55.1	61.1	67.8	76.2
6690.0	29.9	35.6	42.2	48.5	55.1	61.1	67.8	76.2
6700.0	29.9	35.6	42.2	48.5	55.1	61.1	67.8	76.2
6710.0	29.9	35.6	42.2	48.5	55.1	61.1	67.8	76.2
6720.0	29.9	35.6	42.2	48.6	55.1	61.1	67.8	76.3
6730.0	29.9	35.7	42.3	48.6	55.1	61.1	67.9	76.3
6740.0	29.9	35.6	42.3	48.6	55.1	61.1	67.9	76.3
6750.0	29.9	35.7	42.3	48.6	55.1	61.1	67.9	76.3
6760.0	29.9	35.7	42.3	48.6	55.1	61.1	67.9	76.3
6770.0	29.9	35.7	42.3	48.6	55.2	61.1	67.9	76.3
6780.0	29.9	35.7	42.3	48.6	55.2	61.2	67.9	76.3
6790.0	29.9	35.7	42.3	48.6	55.2	61.2	67.9	76.3
6800.0	29.9	35.7	42.3	48.6	55.2	61.2	67.9	76.3
6810.0	29.9	35.7	42.3	48.6	55.2	61.2	67.9	76.4
6820.0	30.0	35.7	42.3	48.6	55.2	61.2	67.9	76.4
6830.0	30.0	35.7	42.3	48.6	55.2	61.2	68.0	76.4
6840.0	30.0	35.7	42.3	48.6	55.2	61.2	68.0	76.4
6850.0	30.0	35.7	42.3	48.7	55.2	61.2	68.0	76.4
6860.0	30.0	35.7	42.3	48.7	55.2	61.2	68.0	76.4
6870.0	30.0	35.7	42.3	48.7	55.2	61.2	68.0	76.4
6880.0	30.0	35.7	42.3	48.7	55.3	61.3	68.0	76.4
6890.0	30.0	35.7	42.4	48.7	55.3	61.3	68.0	76.4
6900.0	30.0	35.7	42.4	48.7	55.3	61.3	68.0	76.5
6910.0	30.0	35.8	42.4	48.7	55.3	61.3	68.0	76.5
6920.0	30.0	35.8	42.4	48.7	55.3	61.3	68.0	76.5
6930.0	30.0	35.8	42.4	48.7	55.3	61.3	68.0	76.5
6940.0	30.0	35.8	42.4	48.7	55.3	61.3	68.1	76.5
6950.0	30.0	35.8	42.4	48.7	55.3	61.3	68.1	76.5
6960.0	30.0	35.8	42.4	48.7	55.3	61.3	68.1	76.5
6970.0	30.0	35.8	42.4	48.7	55.3	61.4	68.1	76.5
6980.0	30.0	35.8	42.4	48.7	55.3	61.4	68.1	76.5
6990.0	30.0	35.8	42.4	48.8	55.4	61.4	68.1	76.6
7000.0	30.0	35.8	42.4	48.8	55.4	61.4	68.1	76.6
7010.0	30.0	35.8	42.4	48.8	55.4	61.4	68.1	76.6
7020.0	30.0	35.8	42.5	48.8	55.4	61.4	68.2	76.6
7030.0	30.0	35.8	42.5	48.8	55.4	61.4	68.1	76.6
7040.0	30.0	35.8	42.4	48.8	55.4	61.4	68.2	76.6
7050.0	30.1	35.8	42.5	48.8	55.4	61.4	68.2	76.6
7060.0	30.0	35.8	42.5	48.8	55.4	61.4	68.2	76.6
7070.0	30.1	35.8	42.5	48.8	55.4	61.4	68.2	76.6
7080.0	30.1	35.8	42.5	48.8	55.4	61.4	68.2	76.6
7090.0	30.1	35.8	42.5	48.8	55.4	61.4	68.2	76.6
7100.0	30.1	35.8	42.5	48.8	55.4	61.4	68.2	76.7
7110.0	30.1	35.8	42.5	48.8	55.5	61.5	68.2	76.7
7120.0	30.1	35.9	42.5	48.8	55.5	61.5	68.2	76.7
7130.0	30.1	35.9	42.5	48.9	55.5	61.5	68.2	76.7
7140.0	30.1	35.9	42.5	48.9	55.5	61.5	68.3	76.7
7150.0	30.1	35.9	42.5	48.9	55.5	61.5	68.3	76.7
7160.0	30.1	35.9	42.5	48.9	55.5	61.5	68.3	76.7
7170.0	30.1	35.9	42.5	48.9	55.5	61.5	68.3	76.7
7180.0	30.1	35.9	42.5	48.9	55.5	61.5	68.3	76.7
7190.0	30.1	35.9	42.6	48.9	55.5	61.5	68.3	76.7
7200.0	30.1	35.9	42.6	48.9	55.5	61.5	68.3	76.8
7210.0	30.1	35.9	42.6	48.9	55.5	61.6	68.3	76.8
7220.0	30.1	35.9	42.6	48.9	55.5	61.6	68.3	76.8
7230.0	30.1	35.9	42.6	48.9	55.5	61.6	68.3	76.8
7240.0	30.1	35.9	42.6	48.9	55.5	61.6	68.3	76.8
7250.0	30.1	35.9	42.6	48.9	55.6	61.6	68.3	76.8
7260.0	30.1	35.9	42.6	49.0	55.6	61.6	68.4	76.8
7270.0	30.1	35.9	42.6	49.0	55.6	61.6	68.4	76.8
7280.0	30.1	35.9	42.6	49.0	55.6	61.6	68.4	76.8
7290.0	30.1	35.9	42.6	49.0	55.6	61.6	68.4	76.8
7300.0	30.2	36.0	42.6	49.0	55.6	61.6	68.4	76.9
7310.0	30.2	36.0	42.6	49.0	55.6	61.6	68.4	76.9
7320.0	30.2	36.0	42.6	49.0	55.6	61.6	68.4	76.9
7330.0	30.2	36.0	42.6	49.0	55.6	61.6	68.4	76.9
7340.0	30.2	36.0	42.6	49.0	55.6	61.7	68.4	76.9
7350.0	30.2	36.0	42.7	49.0	55.6	61.7	68.4	76.9
7360.0	30.2	36.0	42.7	49.0	55.6	61.7	68.5	76.9
7370.0	30.2	36.0	42.6	49.0	55.6	61.7	68.5	76.9
7380.0	30.2	36.0	42.7	49.0	55.7	61.7	68.5	76.9
7390.0	30.2	36.0	42.7	49.0	55.7	61.7	68.5	76.9
7400.0	30.2	36.0	42.7	49.1	55.7	61.7	68.5	77.0
7410.0	30.2	36.0	42.7	49.1	55.7	61.7	68.5	76.9
7420.0	30.2	36.0	42.7	49.1	55.7	61.7	68.5	77.0
7430.0	30.2	36.0	42.7	49.1	55.7	61.7	68.5	77.0
7440.0	30.2	36.0	42.7	49.1	55.7	61.7	68.5	77.0
7450.0	30.2	36.0	42.7	49.1	55.7	61.7	68.5	77.0
7460.0	30.2	36.0	42.7	49.1	55.7	61.8	68.5	77.0
7470.0	30.2	36.0	42.7	49.1	55.7	61.8	68.5	77.0
7480.0	30.2	36.0	42.7	49.1	55.7	61.8	68.6	77.0
7490.0	30.2	36.0	42.7	49.1	55.7	61.8	68.6	77.0
7500.0	30.2	36.0	42.7	49.1	55.7	61.8	68.6	77.0
7510.0	30.2	36.0	42.7	49.1	55.7	61.8	68.6	77.0
7520.0	30.2	36.0	42.7	49.1	55.7	61.8	68.6	77.1
7530.0	30.2	36.1	42.7	49.1	55.8	61.8	68.6	77.1
7540.0	30.2	36.1	42.8	49.1	55.8	61.8	68.6	77.1
7550.0	30.3	36.1	42.8	49.1	55.8	61.8	68.6	77.1
7560.0	30.3	36.1	42.8	49.2	55.8	61.8	68.6	77.1
7570.0	30.2	36.1	42.8	49.1	55.8	61.8	68.6	77.1
7580.0	30.3	36.1	42.8	49.2	55.8	61.8	68.6	77.1
7590.0	30.3	36.1	42.8	49.2	55.8	61.9	68.6	77.1
7600.0	30.3	36.1	42.8	49.2	55.8	61.9	68.6	77.1
7610.0	30.3	36.1	42.8	49.2	55.8	61.9	68.7	77.1
7620.0	30.3	36.1	42.8	49.2	55.8	61.9	68.7	77.1
7630.0	30.3	36.1	42.8	49.2	55.8	61.9	68.7	77.1
7640.0	30.3	36.1	42.8	49.2	55.8	61.9	68.7	77.2
7650.0	30.3	36.1	42.8	49.2	55.8	61.9	68.7	77.2
7660.0	30.3	36.1	42.8	49.2	55.9	61.9	68.7	77.2
7670.0	30.3	36.1	42.8	49.2	55.8	61.9	68.7	77.2
7680.0	30.3	36.1	42.8	49.2	55.9	61.9	68.7	77.2
7690.0	30.3	36.1	42.8	49.2	55.9	61.9	68.7	77.2
7700.0	30.3	36.1	42.8	49.2	55.9	61.9	68.7	77.2
7710.0	30.3	36.1	42.8	49.2	55.9	61.9	68.7	77.2
7720.0	30.3	36.1	42.8	49.2	55.9	61.9	68.7	77.2
7730.0	30.3	36.1	42.8	49.2	55.9	62.0	68.7	77.2
7740.0	30.3	36.1	42.9	49.2	55.9	62.0	68.7	77.2
7750.0	30.3	36.1	42.9	49.3	55.9	62.0	68.8	77.2
7760.0	30.3	36.1	42.8	49.3	55.9	61.9	68.7	77.2
7770.0	30.3	36.1	42.9	49.3	55.9	62.0	68.8	77.2
7780.0	30.3	36.2	42.8	49.3	55.9	62.0	68.8	77.2
7790.0	30.3	36.2	42.9	49.3	55.9	62.0	68.8	77.3
7800.0	30.3	36.1	42.9	49.3	55.9	62.0	68.8	77.3
7810.0	30.3	36.2	42.9	49.3	55.9	62.0	68.8	77.3
7820.0	30.3	36.2	42.9	49.3	55.9	62.0	68.8	77.3
7830.0	30.3	36.2	42.9	49.3	56.0	62.0	68.8	77.3
7840.0	30.3	36.2	42.9	49.3	56.0	62.0	68.8	77.3
7850.0	30.3	36.2	42.9	49.3	56.0	62.0	68.8	77.3
7860.0	30.3	36.2	42.9	49.3	56.0	62.0	68.8	77.3
7870.0	30.3	36.2	42.9	49.3	56.0	62.0	68.8	77.3
7880.0	30.3	36.2	42.9	49.3	56.0	62.0	68.8	77.3
7890.0	30.3	36.2	42.9	49.3	56.0	62.0	68.8	77.3
7900.0	30.3	36.2	42.9	49.3	56.0	62.0	68.8	77.3
7910.0	30.4	36.2	42.9	49.3	56.0	62.1	68.9	77.3
7920.0	30.4	36.2	42.9	49.3	56.0	62.1	68.9	77.3
7930.0	30.4	36.2	42.9	49.3	56.0	62.1	68.9	77.4
7940.0	30.3	36.2	42.9	49.3	56.0	62.1	68.9	77.4
7950.0	30.4	36.2	42.9	49.3	56.0	62.1	68.9	77.4
7960.0	30.4	36.2	42.9	49.3	56.0	62.1	68.9	77.4
7970.0	30.4	36.2	42.9	49.3	56.0	62.1	68.9	77.4
7980.0	30.4	36.2	42.9	49.3	56.0	62.1	68.9	77.4
7990.0	30.4	36.2	42.9	49.4	56.0	62.1	68.9	77.4
8000.0	30.4	36.2	43.0	49.4	56.0	62.1	68.9	77.4
8010.0	30.4	36.2	42.9	49.4	56.0	62.1	68.9	77.4
8020.0	30.4	36.2	42.9	49.4	56.0	62.1	68.9	77.4
8030.0	30.4	36.2	43.0	49.4	56.1	62.1	68.9	77.4
8040.0	30.4	36.2	43.0	49.4	56.0	62.1	68.9	77.4
8050.0	30.4	36.2	43.0	49.4	56.0	62.1	68.9	77.4
8060.0	30.4	36.2	43.0	49.4	56.1	62.1	68.9	77.4
8070.0	30.4	36.2	43.0	49.4	56.1	62.1	68.9	77.4
8080.0	30.4	36.2	43.0	49.4	56.1	62.1	68.9	77.5
8090.0	30.4	36.2	43.0	49.4	56.1	62.1	69.0	77.5
8100.0	30.4	36.2	43.0	49.4	56.1	62.1	69.0	77.5
8110.0	30.4	36.2	43.0	49.4	56.1	62.1	69.0	77.5
8120.0	30.4	36.3	43.0	49.4	56.1	62.2	69.0	77.5
8130.0	30.4	36.3	43.0	49.4	56.1	62.2	69.0	77.5
8140.0	30.4	36.3	43.0	49.4	56.1	62.2	69.0	77.5
8150.0	30.4	36.3	43.0	49.4	56.1	62.2	69.0	77.5
8160.0	30.4	36.3	43.0	49.4	56.1	62.2	69.0	77.5
8170.0	30.4	36.3	43.0	49.4	56.1	62.2	69.0	77.5
8180.0	30.4	36.3	43.0	49.4	56.1	62.2	69.0	77.5
8190.0	30.4	36.3	43.0	49.4	56.1	62.2	69.0	77.5
8200.0	30.4	36.3	43.0	49.4	56.1	62.2	69.0	77.5
8210.0	30.4	36.3	43.0	49.4	56.1	62.2	69.0	77.5
8220.0	30.4	36.3	43.0	49.4	56.1	62.2	69.0	77.5
8230.0	30.4	36.3	43.0	49.4	56.1	62.2	69.0	77.5
8240.0	30.4	36.3	43.0	49.5	56.1	62.2	69.0	77.6
8250.0	30.4	36.3	43.0	49.5	56.1	62.2	69.0	77.5
8260.0	30.4	36.3	43.0	49.5	56.1	62.2	69.0	77.6
8270.0	30.4	36.3	43.0	49.5	56.2	62.2	69.0	77.6
8280.0	30.4	36.3	43.0	49.5	56.2	62.2	69.1	77.6
8290.0	30.4	36.3	43.0	49.5	56.2	62.2	69.1	77.6
8300.0	30.4	36.3	43.0	49.5	56.2	62.3	69.1	77.6
8310.0	30.4	36.3	43.1	49.5	56.2	62.2	69.1	77.6
8320.0	30.4	36.3	43.1	49.5	56.2	62.3	69.1	77.6
8330.0	30.4	36.3	43.1	49.5	56.2	62.3	69.1	77.6
8340.0	30.4	36.3	43.1	49.5	56.2	62.3	69.1	77.6
8350.0	30.4	36.3	43.1	49.5	56.2	62.3	69.1	77.6
8360.0	30.4	36.3	43.1	49.5	56.2	62.3	69.1	77.6
8370.0	30.4	36.3	43.1	49.5	56.2	62.3	69.1	77.6
8380.0	30.4	36.3	43.1	49.5	56.2	62.3	69.1	77.6
8390.0	30.4	36.3	43.1	49.5	56.2	62.3	69.1	77.6
8400.0	30.5	36.3	43.1	49.5	56.2	62.3	69.1	77.6
8410.0	30.4	36.3	43.1	49.5	56.2	62.3	69.1	77.6
8420.0	30.4	36.3	43.1	49.5	56.2	62.3	69.1	77.6
8430.0	30.5	36.3	43.1	49.5	56.2	62.3	69.1	77.6
8440.0	30.5	36.3	43.1	49.5	56.2	62.3	69.1	77.6
8450.0	30.4	36.3	43.1	49.5	56.2	62.3	69.1	77.7
8460.0	30.5	36.3	43.1	49.5	56.2	62.3	69.1	77.7
8470.0	30.4	36.3	43.1	49.5	56.2	62.3	69.1	77.7
8480.0	30.5	36.3	43.1	49.5	56.2	62.3	69.1	77.7
8490.0	30.5	36.3	43.1	49.5	56.2	62.3	69.1	77.7
8500.0	30.5	36.3	43.1	49.5	56.2	62.3	69.1	77.7
8510.0	30.5	36.4	43.1	49.5	56.3	62.3	69.2	77.7
8520.0	30.5	36.3	43.1	49.6	56.3	62.3	69.2	77.7
8530.0	30.5	36.4	43.1	49.6	56.2	62.3	69.2	77.7
8540.0	30.5	36.4	43.1	49.5	56.3	62.3	69.2	77.7
8550.0	30.5	36.4	43.1	49.6	56.3	62.3	69.2	77.7
8560.0	30.5	36.4	43.1	49.6	56.3	62.4	69.2	77.7
8570.0	30.5	36.4	43.1	49.6	56.3	62.4	69.2	77.7
8580.0	30.5	36.4	43.1	49.6	56.3	62.4	69.2	77.7
8590.0	30.5	36.4	43.1	49.6	56.3	62.4	69.2	77.7
8600.0	30.5	36.4	43.1	49.6	56.3	62.4	69.2	77.7
8610.0	30.5	36.4	43.1	49.6	56.3	62.4	69.2	77.7
8620.0	30.5	36.4	43.1	49.6	56.3	62.4	69.2	77.7
8630.0	30.5	36.4	43.1	49.6	56.3	62.4	69.2	77.7
8640.0	30.5	36.4	43.2	49.6	56.3	62.4	69.2	77.7
8650.0	30.5	36.4	43.1	49.6	56.3	62.4	69.2	77.7
8660.0	30.5	36.4	43.2	49.6	56.3	62.4	69.2	77.8
8670.0	30.5	36.4	43.2	49.6	56.3	62.4	69.2	77.8
8680.0	30.5	36.4	43.2	49.6	56.3	62.4	69.2	77.8
8690.0	30.5	36.4	43.2	49.6	56.3	62.4	69.2	77.8
8700.0	30.5	36.4	43.2	49.6	56.3	62.4	69.2	77.8
8710.0	30.5	36.4	43.2	49.6	56.3	62.4	69.2	77.8
8720.0	30.5	36.4	43.2	49.6	56.3	62.4	69.3	77.8
8730.0	30.5	36.4	43.2	49.6	56.3	62.4	69.2	77.8
8740.0	30.5	36.4	43.2	49.6	56.3	62.4	69.3	77.8
8750.0	30.5	36.4	43.2	49.6	56.3	62.4	69.3	77.8
8760.0	30.5	36.4	43.2	49.6	56.3	62.4	69.3	77.8
8770.0	30.5	36.4	43.2	49.6	56.4	62.4	69.3	77.8
8780.0	30.5	36.4	43.2	49.6	56.4	62.5	69.3	77.8
8790.0	30.5	36.4	43.2	49.7	56.4	62.5	69.3	77.8
8800.0	30.5	36.4	43.2	49.7	56.4	62.4	69.3	77.8
8810.0	30.5	36.4	43.2	49.7	56.4	62.5	69.3	77.8
8820.0	30.5	36.4	43.2	49.7	56.4	62.4	69.3	77.8
8830.0	30.5	36.4	43.2	49.7	56.4	62.5	69.3	77.8
8840.0	30.5	36.4	43.2	49.7	56.4	62.5	69.3	77.8
8850.0	30.5	36.4	43.2	49.7	56.4	62.5	69.3	77.8
8860.0	30.5	36.4	43.2	49.7	56.4	62.5	69.3	77.8
8870.0	30.5	36.4	43.2	49.7	56.4	62.5	69.3	77.9
8880.0	30.5	36.4	43.2	49.7	56.4	62.5	69.3	77.8
8890.0	30.5	36.4	43.2	49.7	56.4	62.5	69.3	77.9
8900.0	30.5	36.4	43.2	49.7	56.4	62.5	69.3	77.9
8910.0	30.5	36.4	43.2	49.7	56.4	62.5	69.3	77.9
8920.0	30.5	36.4	43.2	49.7	56.4	62.5	69.3	77.9
8930.0	30.6	36.4	43.2	49.7	56.4	62.5	69.3	77.9
8940.0	30.5	36.4	43.2	49.7	56.4	62.5	69.3	77.9
8950.0	30.5	36.4	43.2	49.7	56.4	62.5	69.3	77.9
8960.0	30.5	36.5	43.2	49.7	56.4	62.5	69.4	77.9
8970.0	30.5	36.4	43.2	49.7	56.4	62.5	69.4	77.9
8980.0	30.6	36.5	43.2	49.7	56.4	62.5	69.4	77.9
8990.0	30.6	36.5	43.2	49.7	56.4	62.5	69.4	77.9
9000.0	30.5	36.5	43.2	49.7	56.4	62.5	69.4	77.9
9010.0	30.6	36.5	43.3	49.7	56.4	62.5	69.4	77.9
9020.0	30.6	36.4	43.2	49.7	56.4	62.5	69.4	77.9
9030.0	30.6	36.5	43.2	49.7	56.4	62.5	69.4	77.9
9040.0	30.6	36.5	43.2	49.7	56.4	62.5	69.4	77.9
9050.0	30.6	36.5	43.2	49.7	56.4	62.5	69.4	77.9
9060.0	30.6	36.5	43.2	49.7	56.4	62.5	69.4	77.9
9070.0	30.6	36.5	43.3	49.7	56.4	62.5	69.4	77.9
9080.0	30.6	36.5	43.3	49.7	56.4	62.5	69.4	77.9
9090.0	30.6	36.5	43.3	49.7	56.4	62.5	69.4	77.9
9100.0	30.6	36.5	43.3	49.7	56.4	62.6	69.4	77.9
9110.0	30.6	36.5	43.3	49.7	56.5	62.6	69.4	77.9
9120.0	30.6	36.5	43.3	49.7	56.5	62.6	69.4	77.9
9130.0	30.6	36.5	43.3	49.7	56.5	62.6	69.4	77.9
9140.0	30.6	36.5	43.3	49.7	56.5	62.6	69.4	77.9
9150.0	30.6	36.5	43.3	49.7	56.5	62.6	69.4	78.0
9160.0	30.6	36.5	43.3	49.7	56.5	62.6	69.4	78.0
9170.0	30.6	36.5	43.3	49.7	56.5	62.6	69.4	78.0
9180.0	30.6	36.5	43.3	49.7	56.5	62.6	69.4	78.0
9190.0	30.6	36.5	43.3	49.7	56.5	62.6	69.4	78.0
9200.0	30.6	36.5	43.3	49.8	56.5	62.6	69.4	78.0
9210.0	30.6	36.5	43.3	49.7	56.5	62.6	69.4	78.0
9220.0	30.6	36.5	43.3	49.8	56.5	62.6	69.4	78.0
9230.0	30.6	36.5	43.3	49.8	56.5	62.6	69.4	78.0
9240.0	30.6	36.5	43.3	49.8	56.5	62.6	69.4	78.0
9250.0	30.6	36.5	43.3	49.8	56.5	62.6	69.4	78.0
9260.0	30.6	36.5	43.3	49.8	56.5	62.6	69.4	78.0
9270.0	30.6	36.5	43.3	49.8	56.5	62.6	69.4	78.0
9280.0	30.6	36.5	43.3	49.8	56.5	62.6	69.4	78.0
9290.0	30.6	36.5	43.3	49.8	56.5	62.6	69.5	78.0
9300.0	30.6	36.5	43.3	49.8	56.5	62.6	69.5	78.0
9310.0	30.6	36.5	43.3	49.8	56.5	62.6	69.5	78.0
9320.0	30.6	36.5	43.3	49.8	56.5	62.6	69.5	78.0
9330.0	30.6	36.5	43.3	49.8	56.5	62.6	69.5	78.0
9340.0	30.6	36.5	43.3	49.8	56.5	62.6	69.5	78.0
9350.0	30.6	36.5	43.3	49.8	56.5	62.6	69.5	78.0
9360.0	30.6	36.5	43.3	49.8	56.5	62.6	69.5	78.0
9370.0	30.6	36.5	43.3	49.8	56.5	62.6	69.5	78.0
9380.0	30.6	36.5	43.3	49.8	56.5	62.6	69.5	78.0
9390.0	30.6	36.5	43.3	49.8	56.5	62.6	69.5	78.0
9400.0	30.6	36.5	43.3	49.8	56.5	62.6	69.5	78.0
9410.0	30.6	36.5	43.3	49.8	56.5	62.6	69.5	78.0
9420.0	30.6	36.5	43.3	49.8	56.5	62.6	69.5	78.0
9430.0	30.6	36.5	43.3	49.8	56.5	62.6	69.5	78.0
9440.0	30.6	36.5	43.3	49.8	56.5	62.6	69.5	78.0
9450.0	30.6	36.5	43.3	49.8	56.5	62.6	69.5	78.0
9460.0	30.6	36.5	43.3	49.8	56.5	62.6	69.5	78.0
9470.0	30.6	36.5	43.3	49.8	56.5	62.6	69.5	78.0
9480.0	30.6	36.5	43.3	49.8	56.5	62.6	69.5	78.0
9490.0	30.6	36.5	43.3	49.8	56.5	62.7	69.5	78.1
9500.0	30.6	36.5	43.3	49.8	56.5	62.7	69.5	78.1
9510.0	30.6	36.5	43.3	49.8	56.5	62.7	69.5	78.1
9520.0	30.6	36.5	43.4	49.8	56.6	62.7	69.5	78.1
9530.0	30.6	36.5	43.4	49.8	56.6	62.7	69.5	78.1
9540.0	30.6	36.5	43.3	49.8	56.6	62.7	69.5	78.1
9550.0	30.6	36.5	43.3	49.8	56.6	62.7	69.5	78.1
9560.0	30.6	36.5	43.4	49.8	56.6	62.7	69.5	78.1
9570.0	30.6	36.5	43.3	49.8	56.6	62.7	69.5	78.1
9580.0	30.6	36.6	43.4	49.8	56.6	62.7	69.5	78.1
9590.0	30.6	36.5	43.4	49.8	56.6	62.7	69.5	78.1
9600.0	30.6	36.6	43.4	49.9	56.6	62.7	69.5	78.1
9610.0	30.6	36.6	43.4	49.9	56.6	62.7	69.6	78.1
9620.0	30.6	36.5	43.4	49.8	56.6	62.7	69.5	78.1
9630.0	30.6	36.5	43.3	49.9	56.6	62.7	69.5	78.1
9640.0	30.6	36.5	43.4	49.8	56.6	62.7	69.6	78.1
9650.0	30.6	36.6	43.4	49.9	56.6	62.7	69.6	78.1
9660.0	30.6	36.6	43.4	49.9	56.6	62.7	69.6	78.1
9670.0	30.6	36.6	43.4	49.9	56.6	62.7	69.6	78.1
9680.0	30.6	36.6	43.4	49.9	56.6	62.7	69.6	78.1
9690.0	30.6	36.6	43.4	49.9	56.6	62.7	69.6	78.1
9700.0	30.6	36.6	43.4	49.9	56.6	62.7	69.6	78.1
9710.0	30.6	36.6	43.4	49.9	56.6	62.7	69.6	78.1
9720.0	30.7	36.6	43.4	49.9	56.6	62.7	69.6	78.1
9730.0	30.6	36.6	43.4	49.9	56.6	62.7	69.6	78.1
9740.0	30.6	36.6	43.4	49.9	56.6	62.7	69.6	78.1
9750.0	30.6	36.6	43.4	49.9	56.6	62.7	69.6	78.1
9760.0	30.7	36.6	43.4	49.9	56.6	62.8	69.6	78.2
9770.0	30.7	36.6	43.4	49.9	56.6	62.8	69.6	78.2
9780.0	30.7	36.6	43.4	49.9	56.6	62.7	69.6	78.2
9790.0	30.7	36.6	43.4	49.9	56.6	62.8	69.6	78.2
9800.0	30.7	36.6	43.4	49.9	56.6	62.7	69.6	78.2
9810.0	30.7	36.6	43.4	49.9	56.6	62.8	69.6	78.2
9820.0	30.7	36.6	43.4	49.9	56.6	62.8	69.6	78.2
9830.0	30.7	36.6	43.4	49.9	56.6	62.8	69.6	78.2
9840.0	30.6	36.6	43.4	49.9	56.6	62.8	69.6	78.2
9850.0	30.6	36.6	43.4	49.9	56.6	62.8	69.6	78.2
9860.0	30.7	36.6	43.4	49.9	56.6	62.8	69.6	78.2
9870.0	30.7	36.6	43.4	49.9	56.6	62.8	69.6	78.2
9880.0	30.7	36.6	43.4	49.9	56.6	62.8	69.6	78.2
9890.0	30.7	36.6	43.4	49.9	56.7	62.8	69.6	78.2
9900.0	30.7	36.6	43.4	49.9	56.6	62.8	69.6	78.2
9910.0	30.7	36.6	43.4	49.9	56.7	62.8	69.6	78.2
9920.0	30.7	36.6	43.4	49.9	56.7	62.8	69.6	78.2
9930.0	30.7	36.6	43.4	49.9	56.7	62.8	69.6	78.2
9940.0	30.7	36.6	43.4	49.9	56.7	62.8	69.6	78.2
9950.0	30.7	36.6	43.4	49.9	56.7	62.8	69.6	78.2
9960.0	30.7	36.6	43.4	49.9	56.7	62.8	69.6	78.2
9970.0	30.7	36.6	43.4	49.9	56.7	62.8	69.6	78.2
9980.0	30.7	36.6	43.4	49.9	56.7	62.8	69.7	78.2
9990.0	30.7	36.6	43.4	49.9	56.7	62.8	69.7	78.2
10000.0	30.7	36.6	43.4	49.9	56.7	62.8	69.6	78.2
10010.0	30.7	36.6	43.4	49.9	56.7	62.8	69.7	78.2
10020.0	30.7	36.6	43.4	49.9	56.7	62.8	69.7	78.2
10030.0	30.7	36.6	43.4	49.9	56.7	62.8	69.7	78.2
10040.0	30.7	36.6	43.4	49.9	56.7	62.8	69.7	78.2
10050.0	30.7	36.6	43.5	49.9	56.7	62.8	69.7	78.2
10060.0	30.7	36.6	43.4	49.9	56.7	62.8	69.7	78.2
10070.0	30.7	36.6	43.5	49.9	56.7	62.8	69.7	78.2
10080.0	30.7	36.6	43.4	49.9	56.7	62.8	69.7	78.2
10090.0	30.7	36.6	43.5	49.9	56.7	62.8	69.7	78.3
10100.0	30.7	36.6	43.4	50.0	56.7	62.8	69.7	78.2
10110.0	30.7	36.6	43.5	49.9	56.7	62.8	69.7	78.2
10120.0	30.7	36.6	43.5	49.9	56.7	62.8	69.7	78.3
10130.0	30.7	36.6	43.5	50.0	56.7	62.8	69.7	78.3
10140.0	30.7	36.6	43.5	49.9	56.7	62.8	69.7	78.3
10150.0	30.7	36.6	43.5	49.9	56.7	62.8	69.7	78.3
10160.0	30.7	36.6	43.5	50.0	56.7	62.8	69.7	78.3
10170.0	30.7	36.6	43.5	50.0	56.7	62.8	69.7	78.3
10180.0	30.7	36.6	43.5	50.0	56.7	62.8	69.7	78.3
10190.0	30.7	36.6	43.5	49.9	56.7	62.8	69.7	78.3
10200.0	30.7	36.6	43.5	50.0	56.7	62.8	69.7	78.3
10210.0	30.7	36.6	43.5	50.0	56.7	62.8	69.7	78.3
10220.0	30.7	36.6	43.5	50.0	56.7	62.8	69.7	78.3
10230.0	30.7	36.6	43.5	49.9	56.7	62.8	69.7	78.3
10240.0	30.7	36.6	43.5	50.0	56.7	62.8	69.7	78.3
10250.0	30.7	36.6	43.5	50.0	56.7	62.8	69.7	78.3
10260.0	30.7	36.6	43.5	50.0	56.7	62.8	69.7	78.3
10270.0	30.7	36.6	43.5	50.0	56.7	62.8	69.7	78.3
10280.0	30.7	36.6	43.5	50.0	56.7	62.8	69.7	78.3
10290.0	30.7	36.6	43.5	50.0	56.7	62.8	69.7	78.3
10300.0	30.7	36.6	43.5	50.0	56.7	62.9	69.7	78.3
10310.0	30.7	36.6	43.5	50.0	56.7	62.9	69.7	78.3
10320.0	30.7	36.6	43.5	50.0	56.7	62.9	69.7	78.3
10330.0	30.7	36.6	43.5	50.0	56.7	62.9	69.7	78.3
10340.0	30.7	36.6	43.5	50.0	56.7	62.9	69.7	78.3
10350.0	30.7	36.6	43.5	50.0	56.7	62.9	69.7	78.3
10360.0	30.7	36.6	43.5	50.0	56.7	62.9	69.7	78.3
10370.0	30.7	36.7	43.5	50.0	56.7	62.9	69.7	78.3
10380.0	30.7	36.7	43.5	50.0	56.7	62.9	69.7	78.3
10390.0	30.7	36.7	43.5	50.0	56.7	62.9	69.7	78.3
10400.0	30.7	36.6	43.5	50.0	56.7	62.9	69.7	78.3
10410.0	30.7	36.6	43.5	50.0	56.7	62.9	69.7	78.3
10420.0	30.7	36.7	43.5	50.0	56.8	62.9	69.8	78.3
10430.0	30.7	36.7	43.5	50.0	56.7	62.9	69.7	78.3
10440.0	30.7	36.7	43.5	50.0	56.7	62.9	69.8	78.3
10450.0	30.7	36.6	43.5	50.0	56.7	62.9	69.7	78.3
10460.0	30.7	36.7	43.5	50.0	56.7	62.9	69.8	78.3
10470.0	30.7	36.7	43.5	50.0	56.8	62.9	69.8	78.3
10480.0	30.7	36.6	43.5	50.0	56.7	62.9	69.8	78.3
10490.0	30.7	36.6	43.5	50.0	56.7	62.9	69.8	78.3
10500.0	30.7	36.7	43.5	50.0	56.8	62.9	69.8	78.3
10510.0	30.7	36.6	43.5	50.0	56.8	62.9	69.8	78.3
10520.0	30.7	36.7	43.5	50.0	56.7	62.9	69.8	78.3
10530.0	30.7	36.7	43.5	50.0	56.8	62.9	69.8	78.3
10540.0	30.7	36.7	43.5	50.0	56.8	62.9	69.8	78.3
10550.0	30.7	36.7	43.5	50.0	56.8	62.9	69.8	78.3
10560.0	30.7	36.7	43.5	50.0	56.8	62.9	69.8	78.3
10570.0	30.7	36.7	43.5	50.0	56.8	62.9	69.8	78.3
10580.0	30.7	36.7	43.5	50.0	56.8	62.9	69.8	78.3
10590.0	30.7	36.7	43.5	50.0	56.8	62.9	69.8	78.3
10600.0	30.7	36.7	43.5	50.0	56.8	62.9	69.8	78.3
10610.0	30.7	36.7	43.5	50.0	56.8	62.9	69.8	78.3
10620.0	30.7	36.7	43.5	50.0	56.8	62.9	69.8	78.3
10630.0	30.7	36.7	43.5	50.0	56.8	62.9	69.8	78.4
10640.0	30.7	36.7	43.5	50.0	56.8	62.9	69.8	78.4
10650.0	30.7	36.7	43.5	50.0	56.8	62.9	69.8	78.4
10660.0	30.7	36.7	43.5	50.0	56.8	62.9	69.8	78.4
10670.0	30.7	36.7	43.5	50.0	56.8	62.9	69.8	78.4
10680.0	30.7	36.7	43.5	50.0	56.8	62.9	69.8	78.4
10690.0	30.7	36.7	43.5	50.0	56.8	62.9	69.8	78.4
10700.0	30.7	36.7	43.5	50.0	56.8	62.9	69.8	78.4
10710.0	30.7	36.7	43.5	50.0	56.8	62.9	69.8	78.4
10720.0	30.7	36.7	43.5	50.0	56.8	62.9	69.8	78.4
10730.0	30.7	36.7	43.5	50.0	56.8	62.9	69.8	78.4
10740.0	30.7	36.7	43.5	50.0	56.8	62.9	69.8	78.4
10750.0	30.7	36.7	43.5	50.0	56.8	62.9	69.8	78.4
10760.0	30.7	36.7	43.5	50.0	56.8	62.9	69.8	78.4
10770.0	30.7	36.7	43.5	50.0	56.8	62.9	69.8	78.4
10780.0	30.7	36.7	43.5	50.0	56.8	62.9	69.8	78.4
10790.0	30.7	36.7	43.5	50.0	56.8	62.9	69.8	78.4
10800.0	30.7	36.7	43.5	50.0	56.8	62.9	69.8	78.4
10810.0	30.7	36.7	43.5	50.0	56.8	62.9	69.8	78.4
10820.0	30.7	36.7	43.5	50.0	56.8	62.9	69.8	78.4
10830.0	30.7	36.7	43.5	50.0	56.8	62.9	69.8	78.4
10840.0	30.7	36.7	43.5	50.0	56.8	62.9	69.8	78.4
10850.0	30.7	36.7	43.5	50.1	56.8	62.9	69.8	78.4
10860.0	30.7	36.7	43.5	50.0	56.8	62.9	69.8	78.4
10870.0	30.7	36.7	43.5	50.0	56.8	62.9	69.8	78.4
10880.0	30.7	36.7	43.5	50.1	56.8	63.0	69.8	78.4
10890.0	30.7	36.7	43.5	50.1	56.8	62.9	69.8	78.4
10900.0	30.7	36.7	43.5	50.1	56.8	62.9	69.8	78.4
10910.0	30.7	36.7	43.5	50.1	56.8	63.0	69.8	78.4
10920.0	30.7	36.7	43.6	50.1	56.8	63.0	69.8	78.4
10930.0	30.7	36.7	43.5	50.1	56.8	62.9	69.8	78.4
10940.0	30.7	36.7	43.5	50.1	56.8	62.9	69.8	78.4
10950.0	30.8	36.7	43.6	50.1	56.8	63.0	69.8	78.4
10960.0	30.8	36.7	43.6	50.1	56.8	63.0	69.8	78.4
10970.0	30.8	36.7	43.5	50.1	56.8	63.0	69.8	78.4
10980.0	30.8	36.7	43.6	50.1	56.8	63.0	69.8	78.4
10990.0	30.7	36.7	43.5	50.1	56.8	63.0	69.8	78.4
11000.0	30.7	36.7	43.5	50.1	56.8	63.0	69.8	78.4
11010.0	30.7	36.7	43.6	50.1	56.8	63.0	69.8	78.4
11020.0	30.8	36.7	43.6	50.1	56.8	63.0	69.8	78.4
11030.0	30.8	36.7	43.6	50.1	56.8	63.0	69.8	78.4
11040.0	30.8	36.7	43.6	50.1	56.8	63.0	69.8	78.4
11050.0	30.8	36.7	43.6	50.1	56.8	63.0	69.9	78.4
11060.0	30.7	36.7	43.6	50.1	56.8	63.0	69.8	78.4
11070.0	30.8	36.7	43.6	50.1	56.8	63.0	69.8	78.4
11080.0	30.7	36.7	43.6	50.1	56.8	63.0	69.8	78.4
11090.0	30.8	36.7	43.6	50.1	56.8	63.0	69.9	78.4
11100.0	30.7	36.7	43.6	50.1	56.8	63.0	69.8	78.4
11110.0	30.8	36.7	43.6	50.1	56.8	63.0	69.9	78.4
11120.0	30.8	36.7	43.6	50.1	56.8	63.0	69.9	78.4
11130.0	30.8	36.7	43.6	50.1	56.9	63.0	69.9	78.4
11140.0	30.8	36.7	43.6	50.1	56.9	63.0	69.9	78.4
11150.0	30.8	36.7	43.6	50.1	56.8	63.0	69.9	78.4
11160.0	30.8	36.7	43.6	50.1	56.9	63.0	69.9	78.4
11170.0	30.8	36.7	43.6	50.1	56.9	63.0	69.9	78.4
11180.0	30.8	36.7	43.6	50.1	56.9	63.0	69.9	78.4
11190.0	30.8	36.7	43.6	50.1	56.9	63.0	69.9	78.5
11200.0	30.8	36.7	43.6	50.1	56.9	63.0	69.9	78.4
11210.0	30.8	36.7	43.6	50.1	56.9	63.0	69.9	78.4
11220.0	30.8	36.7	43.6	50.1	56.9	63.0	69.9	78.4
11230.0	30.8	36.7	43.6	50.1	56.9	63.0	69.9	78.4
11240.0	30.8	36.7	43.6	50.1	56.9	63.0	69.9	78.4
11250.0	30.8	36.7	43.6	50.1	56.9	63.0	69.9	78.5
11260.0	30.8	36.7	43.6	50.1	56.9	63.0	69.9	78.4
11270.0	30.8	36.7	43.6	50.1	56.9	63.0	69.9	78.5
11280.0	30.8	36.7	43.6	50.1	56.9	63.0	69.9	78.5
11290.0	30.8	36.7	43.6	50.1	56.9	63.0	69.9	78.5
11300.0	30.8	36.7	43.6	50.1	56.9	63.0	69.9	78.5
11310.0	30.8	36.7	43.6	50.1	56.9	63.0	69.9	78.5
11320.0	30.8	36.7	43.6	50.1	56.9	63.0	69.9	78.5
11330.0	30.8	36.7	43.6	50.1	56.9	63.0	69.9	78.5
11340.0	30.8	36.7	43.6	50.1	56.9	63.0	69.9	78.5
11350.0	30.8	36.7	43.6	50.1	56.9	63.0	69.9	78.5
11360.0	30.8	36.7	43.6	50.1	56.9	63.0	69.9	78.5
11370.0	30.8	36.7	43.6	50.1	56.9	63.0	69.9	78.5
11380.0	30.8	36.7	43.6	50.1	56.9	63.0	69.9	78.5
11390.0	30.8	36.7	43.6	50.1	56.9	63.0	69.9	78.5
11400.0	30.8	36.7	43.6	50.1	56.9	63.0	69.9	78.5
11410.0	30.8	36.7	43.6	50.1	56.9	63.0	69.9	78.5
11420.0	30.8	36.7	43.6	50.1	56.9	63.0	69.9	78.5
11430.0	30.8	36.7	43.6	50.1	56.9	63.0	69.9	78.5
11440.0	30.8	36.7	43.6	50.1	56.9	63.0	69.9	78.5
11450.0	30.8	36.7	43.6	50.1	56.9	63.0	69.9	78.5
11460.0	30.8	36.7	43.6	50.1	56.9	63.0	69.9	78.5
11470.0	30.8	36.7	43.6	50.1	56.9	63.0	69.9	78.5
11480.0	30.8	36.7	43.6	50.1	56.9	63.0	69.9	78.5
11490.0	30.8	36.7	43.6	50.1	56.9	63.0	69.9	78.5
11500.0	30.8	36.7	43.6	50.1	56.9	63.0	69.9	78.5
11510.0	30.8	36.8	43.6	50.1	56.9	63.0	69.9	78.5
11520.0	30.8	36.7	43.6	50.1	56.9	63.0	69.9	78.5
11530.0	30.8	36.8	43.6	50.1	56.9	63.0	69.9	78.5
11540.0	30.8	36.7	43.6	50.1	56.9	63.0	69.9	78.5
11550.0	30.8	36.7	43.6	50.1	56.9	63.0	69.9	78.5
11560.0	30.8	36.7	43.6	50.1	56.9	63.0	69.9	78.5
11570.0	30.8	36.7	43.6	50.1	56.9	63.0	69.9	78.5
11580.0	30.8	36.7	43.6	50.1	56.9	63.0	69.9	78.5
11590.0	30.8	36.7	43.6	50.1	56.9	63.0	69.9	78.5
11600.0	30.8	36.7	43.6	50.1	56.9	63.0	69.9	78.5
11610.0	30.8	36.8	43.6	50.1	56.9	63.0	69.9	78.5
11620.0	30.8	36.8	43.6	50.1	56.9	63.0	69.9	78.5
11630.0	30.8	36.7	43.6	50.1	56.9	63.0	69.9	78.5
11640.0	30.8	36.7	43.6	50.1	56.9	63.0	69.9	78.5
11650.0	30.8	36.7	43.6	50.1	56.9	63.0	69.9	78.5
11660.0	30.8	36.7	43.6	50.1	56.9	63.0	69.9	78.5
11670.0	30.8	36.8	43.6	50.1	56.9	63.0	69.9	78.5
11680.0	30.8	36.8	43.6	50.1	56.9	63.0	69.9	78.5
11690.0	30.8	36.8	43.6	50.1	56.9	63.1	69.9	78.5
11700.0	30.8	36.8	43.6	50.1	56.9	63.1	69.9	78.5
11710.0	30.8	36.8	43.6	50.1	56.9	63.1	69.9	78.5
11720.0	30.8	36.8	43.6	50.1	56.9	63.1	69.9	78.5
11730.0	30.8	36.8	43.6	50.1	56.9	63.1	69.9	78.5
11740.0	30.8	36.8	43.6	50.1	56.9	63.1	69.9	78.5
11750.0	30.8	36.8	43.6	50.1	56.9	63.1	69.9	78.5
11760.0	30.8	36.8	43.6	50.1	56.9	63.1	70.0	78.5
11770.0	30.8	36.8	43.6	50.1	56.9	63.1	69.9	78.5
11780.0	30.8	36.8	43.6	50.1	56.9	63.1	69.9	78.5
11790.0	30.8	36.8	43.6	50.1	56.9	63.1	69.9	78.5
11800.0	30.8	36.8	43.6	50.1	56.9	63.1	69.9	78.5
11810.0	30.8	36.8	43.6	50.1	56.9	63.1	70.0	78.5
11820.0	30.8	36.7	43.6	50.1	56.9	63.1	69.9	78.5
11830.0	30.8	36.8	43.6	50.1	56.9	63.1	69.9	78.5
11840.0	30.8	36.7	43.6	50.1	56.9	63.1	69.9	78.5
11850.0	30.8	36.8	43.6	50.1	56.9	63.1	70.0	78.5
11860.0	30.8	36.8	43.6	50.1	56.9	63.1	69.9	78.5
11870.0	30.8	36.8	43.6	50.1	56.9	63.1	70.0	78.5
11880.0	30.8	36.8	43.6	50.2	56.9	63.1	70.0	78.5
11890.0	30.8	36.8	43.6	50.1	56.9	63.1	70.0	78.5
11900.0	30.8	36.8	43.6	50.1	56.9	63.1	70.0	78.5
11910.0	30.8	36.7	43.6	50.1	56.9	63.1	70.0	78.5
11920.0	30.8	36.8	43.6	50.1	56.9	63.1	69.9	78.5
11930.0	30.8	36.8	43.6	50.1	56.9	63.1	70.0	78.5
11940.0	30.8	36.8	43.6	50.1	56.9	63.1	70.0	78.5
11950.0	30.8	36.8	43.6	50.1	56.9	63.1	70.0	78.5
11960.0	30.8	36.8	43.6	50.2	56.9	63.1	70.0	78.6
11970.0	30.8	36.8	43.6	50.2	56.9	63.1	70.0	78.5
11980.0	30.8	36.8	43.6	50.1	56.9	63.1	70.0	78.5
11990.0	30.8	36.8	43.6	50.1	56.9	63.1	70.0	78.5
12000.0	30.8	36.8	43.6	50.1	56.9	63.1	70.0	78.5
12010.0	30.8	36.8	43.6	50.1	56.9	63.1	70.0	78.5
12020.0	30.8	36.8	43.6	50.2	56.9	63.1	70.0	78.5
12030.0	30.8	36.8	43.6	50.1	56.9	63.1	70.0	78.5
12040.0	30.8	36.8	43.6	50.1	56.9	63.1	70.0	78.5
12050.0	30.8	36.8	43.6	50.1	56.9	63.1	70.0	78.5
12060.0	30.8	36.8	43.6	50.2	56.9	63.1	70.0	78.6
12070.0	30.8	36.8	43.6	50.2	56.9	63.1	70.0	78.5
12080.0	30.8	36.8	43.6	50.2	56.9	63.1	70.0	78.6
12090.0	30.8	36.8	43.6	50.2	56.9	63.1	70.0	78.6
12100.0	30.8	36.8	43.6	50.1	56.9	63.1	70.0	78.6
12110.0	30.8	36.8	43.6	50.2	56.9	63.1	70.0	78.6
12120.0	30.8	36.8	43.6	50.2	57.0	63.1	70.0	78.6
12130.0	30.8	36.8	43.6	50.2	56.9	63.1	70.0	78.6
12140.0	30.8	36.8	43.6	50.2	56.9	63.1	70.0	78.6
12150.0	30.8	36.8	43.6	50.2	57.0	63.1	70.0	78.6
12160.0	30.8	36.8	43.6	50.2	56.9	63.1	70.0	78.5
12170.0	30.8	36.8	43.6	50.2	56.9	63.1	70.0	78.6
12180.0	30.8	36.8	43.6	50.2	56.9	63.1	70.0	78.6
12190.0	30.8	36.8	43.6	50.2	56.9	63.1	70.0	78.6
12200.0	30.8	36.8	43.6	50.2	56.9	63.1	70.0	78.6
12210.0	30.8	36.8	43.6	50.2	56.9	63.1	70.0	78.6
12220.0	30.8	36.8	43.6	50.2	56.9	63.1	70.0	78.6
12230.0	30.8	36.8	43.6	50.2	57.0	63.1	70.0	78.6
12240.0	30.8	36.8	43.6	50.2	57.0	63.1	70.0	78.6
12250.0	30.8	36.8	43.6	50.2	56.9	63.1	70.0	78.6
12260.0	30.8	36.8	43.6	50.2	56.9	63.1	70.0	78.6
12270.0	30.8	36.8	43.6	50.2	56.9	63.1	70.0	78.6
12280.0	30.8	36.8	43.6	50.2	57.0	63.1	70.0	78.6
12290.0	30.8	36.8	43.6	50.2	57.0	63.1	70.0	78.6
12300.0	30.8	36.8	43.6	50.2	56.9	63.1	70.0	78.6
12310.0	30.8	36.8	43.6	50.2	56.9	63.1	70.0	78.6
12320.0	30.8	36.8	43.6	50.2	57.0	63.1	70.0	78.6
12330.0	30.8	36.8	43.6	50.2	57.0	63.1	70.0	78.6
12340.0	30.8	36.8	43.6	50.2	57.0	63.1	70.0	78.6
12350.0	30.8	36.8	43.6	50.2	56.9	63.1	70.0	78.6
12360.0	30.8	36.8	43.6	50.2	57.0	63.1	70.0	78.6
12370.0	30.8	36.8	43.7	50.2	57.0	63.1	70.0	78.6
12380.0	30.8	36.8	43.6	50.2	57.0	63.1	70.0	78.6
12390.0	30.8	36.8	43.6	50.2	57.0	63.1	70.0	78.6
12400.0	30.8	36.8	43.6	50.2	57.0	63.1	70.0	78.6
12410.0	30.8	36.8	43.7	50.2	57.0	63.1	70.0	78.6
12420.0	30.8	36.8	43.7	50.2	57.0	63.1	70.0	78.6
12430.0	30.8	36.8	43.6	50.2	56.9	63.1	70.0	78.6
12440.0	30.8	36.8	43.7	50.2	57.0	63.1	70.0	78.6
12450.0	30.8	36.8	43.6	50.2	57.0	63.1	70.0	78.6
12460.0	30.8	36.8	43.6	50.2	56.9	63.1	70.0	78.6
12470.0	30.8	36.8	43.6	50.2	57.0	63.1	70.0	78.6
12480.0	30.8	36.8	43.6	50.2	57.0	63.1	70.0	78.6
12490.0	30.8	36.8	43.6	50.2	57.0	63.1	70.0	78.6
12500.0	30.8	36.8	43.6	50.2	57.0	63.1	70.0	78.6
12510.0	30.8	36.8	43.6	50.2	57.0	63.1	70.0	78.6
12520.0	30.8	36.8	43.6	50.2	56.9	63.1	70.0	78.6
12530.0	30.8	36.8	43.6	50.2	57.0	63.1	70.0	78.6
12540.0	30.8	36.8	43.7	50.2	57.0	63.1	70.0	78.6
12550.0	30.8	36.8	43.6	50.2	57.0	63.1	70.0	78.6
12560.0	30.8	36.8	43.6	50.2	57.0	63.1	70.0	78.6
12570.0	30.8	36.8	43.6	50.2	57.0	63.1	70.0	78.6
12580.0	30.8	36.8	43.7	50.2	57.0	63.1	70.0	78.6
12590.0	30.8	36.8	43.6	50.2	57.0	63.1	70.0	78.6
12600.0	30.8	36.8	43.7	50.2	57.0	63.1	70.0	78.6
12610.0	30.8	36.8	43.7	50.2	57.0	63.1	70.0	78.6
12620.0	30.8	36.8	43.7	50.2	57.0	63.1	70.0	78.6
12630.0	30.8	36.8	43.7	50.2	57.0	63.1	70.0	78.6
12640.0	30.8	36.8	43.7	50.2	57.0	63.1	70.0	78.6
