15 15
0.043539 0.564919 0.863111 0.151827 0.041984 0.964535 0.437111 0.773503 0.141329 0.945903 0.055738 0.878442 0.496178 0.074583 0.453131 
0.652347 0.608016 0.932086 0.131741 0.830930 0.744918 0.259055 0.254068 0.084624 0.100730 0.643126 0.168682 0.898437 0.713723 0.343692 
0.156969 0.812312 0.368835 0.824027 0.059803 0.471376 0.270226 0.113159 0.433036 0.902940 0.868849 0.844178 0.852488 0.518284 0.468424 
0.467952 0.151981 0.533565 0.063004 0.679640 0.043738 0.738951 0.122993 0.680100 0.230867 0.034972 0.073056 0.393406 0.002953 0.390064 
0.066397 0.177188 0.707510 0.935696 0.872963 0.355319 0.330745 0.941028 0.287796 0.599152 0.944636 0.710062 0.489346 0.221214 0.729790 
0.059234 0.235306 0.565070 0.598854 0.577720 0.279283 0.756369 0.349070 0.545568 0.780326 0.705591 0.439799 0.598346 0.246480 0.580458 
0.409108 0.350411 0.505385 0.215303 0.711783 0.307152 0.400047 0.158110 0.342755 0.256662 0.799830 0.500212 0.799150 0.246509 0.287934 
0.614744 0.222896 0.011699 0.929358 0.873671 0.183767 0.406794 0.270107 0.083484 0.585115 0.465901 0.037151 0.510495 0.420859 0.882120 
0.997887 0.653478 0.612993 0.780517 0.102969 0.270686 0.517897 0.005608 0.418546 0.069525 0.851278 0.103769 0.174198 0.501760 0.765637 
0.872328 0.921811 0.056963 0.962015 0.957505 0.571444 0.370080 0.188954 0.105456 0.447277 0.602067 0.109764 0.133677 0.543625 0.605890 
0.218855 0.376643 0.586866 0.720069 0.128251 0.750430 0.872572 0.468983 0.419708 0.455152 0.222989 0.662591 0.455895 0.670149 0.017129 
0.053665 0.944085 0.273117 0.255269 0.334869 0.503450 0.737748 0.542185 0.346002 0.850546 0.759020 0.344894 0.748810 0.149474 0.290354 
0.189886 0.655724 0.835872 0.091119 0.513592 0.437734 0.935018 0.133646 0.666959 0.376761 0.879082 0.591988 0.815191 0.967322 0.291172 
0.166429 0.577936 0.899266 0.120937 0.682751 0.274423 0.789482 0.480081 0.453894 0.472222 0.588526 0.840203 0.273520 0.173812 0.139139 
0.150697 0.598203 0.201526 0.325882 0.984797 0.532165 0.676563 0.421664 0.318161 0.548699 0.849639 0.714718 0.437697 0.269074 0.290097 
