15 10
0.814841 0.722944 0.774267 0.134615 0.415774 0.004278 0.170331 0.808013 0.416579 0.565410 
0.024057 0.083932 0.068442 0.712896 0.233892 0.602170 0.776211 0.922812 0.261815 0.035510 
0.454367 0.256923 0.249241 0.708403 0.717819 0.446402 0.396009 0.140353 0.692809 0.881808 
0.212230 0.346607 0.716125 0.304192 0.807242 0.183657 0.097498 0.658578 0.335554 0.858982 
0.782154 0.275886 0.423382 0.211489 0.888334 0.865502 0.753579 0.347563 0.088885 0.712019 
0.395164 0.857578 0.258358 0.878565 0.277991 0.458972 0.248522 0.834845 0.824352 0.340012 
0.757431 0.434569 0.845622 0.770019 0.650290 0.401152 0.098417 0.827050 0.112350 0.147368 
0.518181 0.324626 0.889415 0.682146 0.439877 0.392245 0.777654 0.308405 0.573630 0.373505 
0.049740 0.829039 0.367817 0.885058 0.337181 0.117032 0.299298 0.449414 0.103135 0.929525 
0.617501 0.006482 0.347878 0.425563 0.605658 0.883174 0.905539 0.106260 0.287040 0.942803 
0.417495 0.471068 0.977628 0.775115 0.579793 0.283063 0.384108 0.095273 0.626737 0.182021 
0.738836 0.989171 0.525932 0.785867 0.476762 0.614350 0.084386 0.316190 0.308817 0.538179 
0.400031 0.816859 0.785667 0.513520 0.024280 0.070623 0.277711 0.561152 0.903611 0.050770 
0.219706 0.346545 0.278606 0.041720 0.504693 0.468205 0.946942 0.781889 0.580485 0.943294 
0.733459 0.352923 0.156809 0.553053 0.686146 0.592607 0.921144 0.466037 0.337505 0.658980 
