10 15
0.892453 0.581464 0.135608 0.183015 0.293802 0.588375 0.177873 0.843229 0.777910 0.772442 0.223011 0.901106 0.337222 0.813250 0.382162 
0.552353 0.769322 0.972487 0.086275 0.215247 0.874711 0.669185 0.804960 0.412332 0.319968 0.467464 0.900567 0.239464 0.582383 0.023731 
0.693067 0.051352 0.768189 0.882380 0.061895 0.055122 0.580007 0.593398 0.081416 0.063383 0.861513 0.750193 0.972740 0.047072 0.058893 
0.996567 0.857070 0.763845 0.588823 0.902871 0.251428 0.627472 0.602740 0.573322 0.083539 0.222981 0.670326 0.568881 0.474050 0.725843 
0.908111 0.665584 0.860719 0.126589 0.673997 0.861580 0.086833 0.922872 0.956841 0.711834 0.809504 0.728491 0.847302 0.564172 0.301234 
0.912707 0.198369 0.200226 0.908346 0.168312 0.364712 0.840568 0.460269 0.442182 0.341543 0.122831 0.173112 0.524951 0.829352 0.381025 
0.212339 0.671087 0.230869 0.312314 0.352719 0.597055 0.998315 0.753424 0.255646 0.862858 0.704113 0.674628 0.457316 0.475477 0.211005 
0.779333 0.324911 0.198980 0.920856 0.537401 0.223628 0.351701 0.102212 0.795272 0.804624 0.817365 0.266870 0.429825 0.003206 0.167251 
0.897962 0.042068 0.780707 0.240475 0.276270 0.540206 0.255746 0.041555 0.313582 0.939570 0.295806 0.237128 0.175420 0.406205 0.609848 
0.001262 0.564253 0.954831 0.280836 0.362585 0.077761 0.157644 0.462160 0.582983 0.758357 0.850342 0.592799 0.150671 0.158195 0.356775 
