0.000000 0.000000 0.000000 
0.000000 0.020000 23.057953 
0.000000 0.040000 0.000000 
0.000000 0.060000 0.000000 
0.000000 0.080000 0.000000 
0.000000 0.100000 0.000000 
0.000000 0.120000 0.000000 
0.000000 0.140000 0.000000 
0.000000 0.160000 0.000000 
0.000000 0.180000 0.000000 
0.000000 0.200000 0.000000 
0.000000 0.220000 0.000000 
0.000000 0.240000 0.000000 
0.000000 0.260000 0.000000 
0.000000 0.280000 0.000000 
0.000000 0.300000 0.000000 
0.000000 0.320000 0.000000 
0.000000 0.340000 0.000000 
0.000000 0.360000 0.000000 
0.000000 0.380000 0.000000 
0.000000 0.400000 0.000000 
0.000000 0.420000 0.000000 
0.000000 0.440000 0.000000 
0.000000 0.460000 0.000000 
0.000000 0.480000 0.000000 
0.000000 0.500000 0.000000 
0.000000 0.520000 0.000000 
0.000000 0.540000 0.000000 
0.000000 0.560000 0.000000 
0.000000 0.580000 0.000000 
0.000000 0.600000 0.000000 
0.000000 0.620000 0.000000 
0.000000 0.640000 0.000000 
0.000000 0.660000 0.000000 
0.000000 0.680000 0.000000 
0.000000 0.700000 0.000000 
0.000000 0.720000 0.000000 
0.000000 0.740000 0.000000 
0.000000 0.760000 0.000000 
0.000000 0.780000 0.000000 
0.000000 0.800000 0.000000 
0.000000 0.820000 0.000000 
0.000000 0.840000 0.000000 
0.000000 0.860000 0.000000 
0.000000 0.880000 0.000000 
0.000000 0.900000 0.000000 
0.000000 0.920000 0.000000 
0.000000 0.940000 0.000000 
0.000000 0.960000 0.000000 
0.000000 0.980000 0.000000 
0.000000 1.000000 0.000000 
0.020000 0.000000 10.136841 
0.020000 0.020000 0.004055 
0.020000 0.040000 0.001105 
0.020000 0.060000 0.000320 
0.020000 0.080000 0.000115 
0.020000 0.100000 0.000065 
0.020000 0.120000 0.000055 
0.020000 0.140000 0.000057 
0.020000 0.160000 0.000062 
0.020000 0.180000 0.000067 
0.020000 0.200000 0.000072 
0.020000 0.220000 0.000076 
0.020000 0.240000 0.000081 
0.020000 0.260000 0.000085 
0.020000 0.280000 0.000088 
0.020000 0.300000 0.000092 
0.020000 0.320000 0.000095 
0.020000 0.340000 0.000097 
0.020000 0.360000 0.000100 
0.020000 0.380000 0.000102 
0.020000 0.400000 0.000104 
0.020000 0.420000 0.000105 
0.020000 0.440000 0.000106 
0.020000 0.460000 0.000107 
0.020000 0.480000 0.000108 
0.020000 0.500000 0.000108 
0.020000 0.520000 0.000108 
0.020000 0.540000 0.000107 
0.020000 0.560000 0.000106 
0.020000 0.580000 0.000105 
0.020000 0.600000 0.000104 
0.020000 0.620000 0.000102 
0.020000 0.640000 0.000100 
0.020000 0.660000 0.000097 
0.020000 0.680000 0.000095 
0.020000 0.700000 0.000092 
0.020000 0.720000 0.000088 
0.020000 0.740000 0.000085 
0.020000 0.760000 0.000081 
0.020000 0.780000 0.000076 
0.020000 0.800000 0.000072 
0.020000 0.820000 0.000067 
0.020000 0.840000 0.000061 
0.020000 0.860000 0.000056 
0.020000 0.880000 0.000050 
0.020000 0.900000 0.000044 
0.020000 0.920000 0.000037 
0.020000 0.940000 0.000030 
0.020000 0.960000 0.000022 
0.020000 0.980000 0.000013 
0.020000 1.000000 0.033655 
0.040000 0.000000 15.779727 
0.040000 0.020000 0.006312 
0.040000 0.040000 0.002037 
0.040000 0.060000 0.000671 
0.040000 0.080000 0.000251 
0.040000 0.100000 0.000129 
0.040000 0.120000 0.000099 
0.040000 0.140000 0.000096 
0.040000 0.160000 0.000101 
0.040000 0.180000 0.000108 
0.040000 0.200000 0.000115 
0.040000 0.220000 0.000122 
0.040000 0.240000 0.000128 
0.040000 0.260000 0.000134 
0.040000 0.280000 0.000140 
0.040000 0.300000 0.000145 
0.040000 0.320000 0.000150 
0.040000 0.340000 0.000154 
0.040000 0.360000 0.000157 
0.040000 0.380000 0.000160 
0.040000 0.400000 0.000163 
0.040000 0.420000 0.000165 
0.040000 0.440000 0.000167 
0.040000 0.460000 0.000168 
0.040000 0.480000 0.000169 
0.040000 0.500000 0.000169 
0.040000 0.520000 0.000169 
0.040000 0.540000 0.000168 
0.040000 0.560000 0.000167 
0.040000 0.580000 0.000165 
0.040000 0.600000 0.000163 
0.040000 0.620000 0.000160 
0.040000 0.640000 0.000157 
0.040000 0.660000 0.000154 
0.040000 0.680000 0.000150 
0.040000 0.700000 0.000145 
0.040000 0.720000 0.000140 
0.040000 0.740000 0.000134 
0.040000 0.760000 0.000128 
0.040000 0.780000 0.000122 
0.040000 0.800000 0.000115 
0.040000 0.820000 0.000108 
0.040000 0.840000 0.000100 
0.040000 0.860000 0.000091 
0.040000 0.880000 0.000082 
0.040000 0.900000 0.000073 
0.040000 0.920000 0.000063 
0.040000 0.940000 0.000052 
0.040000 0.960000 0.000040 
0.040000 0.980000 0.000025 
0.040000 1.000000 0.062614 
0.060000 0.000000 19.489276 
0.060000 0.020000 0.007796 
0.060000 0.040000 0.002718 
0.060000 0.060000 0.000964 
0.060000 0.080000 0.000377 
0.060000 0.100000 0.000190 
0.060000 0.120000 0.000136 
0.060000 0.140000 0.000126 
0.060000 0.160000 0.000129 
0.060000 0.180000 0.000136 
0.060000 0.200000 0.000144 
0.060000 0.220000 0.000152 
0.060000 0.240000 0.000159 
0.060000 0.260000 0.000166 
0.060000 0.280000 0.000173 
0.060000 0.300000 0.000179 
0.060000 0.320000 0.000184 
0.060000 0.340000 0.000189 
0.060000 0.360000 0.000193 
0.060000 0.380000 0.000197 
0.060000 0.400000 0.000200 
0.060000 0.420000 0.000202 
0.060000 0.440000 0.000204 
0.060000 0.460000 0.000206 
0.060000 0.480000 0.000206 
0.060000 0.500000 0.000207 
0.060000 0.520000 0.000206 
0.060000 0.540000 0.000206 
0.060000 0.560000 0.000204 
0.060000 0.580000 0.000202 
0.060000 0.600000 0.000200 
0.060000 0.620000 0.000197 
0.060000 0.640000 0.000193 
0.060000 0.660000 0.000189 
0.060000 0.680000 0.000184 
0.060000 0.700000 0.000179 
0.060000 0.720000 0.000173 
0.060000 0.740000 0.000166 
0.060000 0.760000 0.000159 
0.060000 0.780000 0.000152 
0.060000 0.800000 0.000144 
0.060000 0.820000 0.000135 
0.060000 0.840000 0.000126 
0.060000 0.860000 0.000116 
0.060000 0.880000 0.000106 
0.060000 0.900000 0.000095 
0.060000 0.920000 0.000083 
0.060000 0.940000 0.000070 
0.060000 0.960000 0.000055 
0.060000 0.980000 0.000035 
0.060000 1.000000 0.088297 
0.080000 0.000000 22.218943 
0.080000 0.020000 0.008888 
0.080000 0.040000 0.003222 
0.080000 0.060000 0.001193 
0.080000 0.080000 0.000483 
0.080000 0.100000 0.000243 
0.080000 0.120000 0.000168 
0.080000 0.140000 0.000150 
0.080000 0.160000 0.000151 
0.080000 0.180000 0.000157 
0.080000 0.200000 0.000166 
0.080000 0.220000 0.000174 
0.080000 0.240000 0.000182 
0.080000 0.260000 0.000189 
0.080000 0.280000 0.000196 
0.080000 0.300000 0.000203 
0.080000 0.320000 0.000208 
0.080000 0.340000 0.000213 
0.080000 0.360000 0.000218 
0.080000 0.380000 0.000222 
0.080000 0.400000 0.000225 
0.080000 0.420000 0.000228 
0.080000 0.440000 0.000230 
0.080000 0.460000 0.000231 
0.080000 0.480000 0.000232 
0.080000 0.500000 0.000233 
0.080000 0.520000 0.000232 
0.080000 0.540000 0.000231 
0.080000 0.560000 0.000230 
0.080000 0.580000 0.000228 
0.080000 0.600000 0.000225 
0.080000 0.620000 0.000222 
0.080000 0.640000 0.000218 
0.080000 0.660000 0.000213 
0.080000 0.680000 0.000208 
0.080000 0.700000 0.000203 
0.080000 0.720000 0.000196 
0.080000 0.740000 0.000189 
0.080000 0.760000 0.000182 
0.080000 0.780000 0.000174 
0.080000 0.800000 0.000165 
0.080000 0.820000 0.000156 
0.080000 0.840000 0.000146 
0.080000 0.860000 0.000135 
0.080000 0.880000 0.000124 
0.080000 0.900000 0.000112 
0.080000 0.920000 0.000100 
0.080000 0.940000 0.000086 
0.080000 0.960000 0.000069 
0.080000 0.980000 0.000045 
0.080000 1.000000 0.111706 
0.100000 0.000000 24.395482 
0.100000 0.020000 0.009758 
0.100000 0.040000 0.003614 
0.100000 0.060000 0.001373 
0.100000 0.080000 0.000569 
0.100000 0.100000 0.000288 
0.100000 0.120000 0.000196 
0.100000 0.140000 0.000171 
0.100000 0.160000 0.000169 
0.100000 0.180000 0.000175 
0.100000 0.200000 0.000183 
0.100000 0.220000 0.000191 
0.100000 0.240000 0.000200 
0.100000 0.260000 0.000207 
0.100000 0.280000 0.000214 
0.100000 0.300000 0.000221 
0.100000 0.320000 0.000227 
0.100000 0.340000 0.000232 
0.100000 0.360000 0.000237 
0.100000 0.380000 0.000241 
0.100000 0.400000 0.000244 
0.100000 0.420000 0.000247 
0.100000 0.440000 0.000249 
0.100000 0.460000 0.000251 
0.100000 0.480000 0.000252 
0.100000 0.500000 0.000252 
0.100000 0.520000 0.000252 
0.100000 0.540000 0.000251 
0.100000 0.560000 0.000249 
0.100000 0.580000 0.000247 
0.100000 0.600000 0.000244 
0.100000 0.620000 0.000241 
0.100000 0.640000 0.000237 
0.100000 0.660000 0.000232 
0.100000 0.680000 0.000227 
0.100000 0.700000 0.000221 
0.100000 0.720000 0.000214 
0.100000 0.740000 0.000207 
0.100000 0.760000 0.000200 
0.100000 0.780000 0.000191 
0.100000 0.800000 0.000182 
0.100000 0.820000 0.000173 
0.100000 0.840000 0.000162 
0.100000 0.860000 0.000151 
0.100000 0.880000 0.000140 
0.100000 0.900000 0.000128 
0.100000 0.920000 0.000114 
0.100000 0.940000 0.000100 
0.100000 0.960000 0.000081 
0.100000 0.980000 0.000053 
0.100000 1.000000 0.133438 
0.120000 0.000000 26.234121 
0.120000 0.020000 0.010494 
0.120000 0.040000 0.003936 
0.120000 0.060000 0.001519 
0.120000 0.080000 0.000639 
0.120000 0.100000 0.000326 
0.120000 0.120000 0.000220 
0.120000 0.140000 0.000189 
0.120000 0.160000 0.000185 
0.120000 0.180000 0.000190 
0.120000 0.200000 0.000198 
0.120000 0.220000 0.000206 
0.120000 0.240000 0.000215 
0.120000 0.260000 0.000223 
0.120000 0.280000 0.000230 
0.120000 0.300000 0.000236 
0.120000 0.320000 0.000242 
0.120000 0.340000 0.000248 
0.120000 0.360000 0.000252 
0.120000 0.380000 0.000257 
0.120000 0.400000 0.000260 
0.120000 0.420000 0.000263 
0.120000 0.440000 0.000265 
0.120000 0.460000 0.000267 
0.120000 0.480000 0.000268 
0.120000 0.500000 0.000268 
0.120000 0.520000 0.000268 
0.120000 0.540000 0.000267 
0.120000 0.560000 0.000265 
0.120000 0.580000 0.000263 
0.120000 0.600000 0.000260 
0.120000 0.620000 0.000257 
0.120000 0.640000 0.000252 
0.120000 0.660000 0.000248 
0.120000 0.680000 0.000242 
0.120000 0.700000 0.000236 
0.120000 0.720000 0.000230 
0.120000 0.740000 0.000223 
0.120000 0.760000 0.000215 
0.120000 0.780000 0.000206 
0.120000 0.800000 0.000197 
0.120000 0.820000 0.000187 
0.120000 0.840000 0.000177 
0.120000 0.860000 0.000166 
0.120000 0.880000 0.000154 
0.120000 0.900000 0.000142 
0.120000 0.920000 0.000128 
0.120000 0.940000 0.000112 
0.120000 0.960000 0.000093 
0.120000 0.980000 0.000062 
0.120000 1.000000 0.153819 
0.140000 0.000000 27.850371 
0.140000 0.020000 0.011140 
0.140000 0.040000 0.004211 
0.140000 0.060000 0.001643 
0.140000 0.080000 0.000699 
0.140000 0.100000 0.000359 
0.140000 0.120000 0.000241 
0.140000 0.140000 0.000206 
0.140000 0.160000 0.000200 
0.140000 0.180000 0.000204 
0.140000 0.200000 0.000212 
0.140000 0.220000 0.000220 
0.140000 0.240000 0.000228 
0.140000 0.260000 0.000236 
0.140000 0.280000 0.000243 
0.140000 0.300000 0.000250 
0.140000 0.320000 0.000256 
0.140000 0.340000 0.000261 
0.140000 0.360000 0.000266 
0.140000 0.380000 0.000270 
0.140000 0.400000 0.000274 
0.140000 0.420000 0.000277 
0.140000 0.440000 0.000279 
0.140000 0.460000 0.000281 
0.140000 0.480000 0.000281 
0.140000 0.500000 0.000282 
0.140000 0.520000 0.000281 
0.140000 0.540000 0.000281 
0.140000 0.560000 0.000279 
0.140000 0.580000 0.000277 
0.140000 0.600000 0.000274 
0.140000 0.620000 0.000270 
0.140000 0.640000 0.000266 
0.140000 0.660000 0.000261 
0.140000 0.680000 0.000256 
0.140000 0.700000 0.000250 
0.140000 0.720000 0.000243 
0.140000 0.740000 0.000236 
0.140000 0.760000 0.000228 
0.140000 0.780000 0.000220 
0.140000 0.800000 0.000210 
0.140000 0.820000 0.000201 
0.140000 0.840000 0.000190 
0.140000 0.860000 0.000179 
0.140000 0.880000 0.000167 
0.140000 0.900000 0.000154 
0.140000 0.920000 0.000140 
0.140000 0.940000 0.000124 
0.140000 0.960000 0.000103 
0.140000 0.980000 0.000069 
0.140000 1.000000 0.173023 
0.160000 0.000000 29.308015 
0.160000 0.020000 0.011723 
0.160000 0.040000 0.004456 
0.160000 0.060000 0.001751 
0.160000 0.080000 0.000751 
0.160000 0.100000 0.000387 
0.160000 0.120000 0.000260 
0.160000 0.140000 0.000221 
0.160000 0.160000 0.000213 
0.160000 0.180000 0.000217 
0.160000 0.200000 0.000224 
0.160000 0.220000 0.000232 
0.160000 0.240000 0.000241 
0.160000 0.260000 0.000248 
0.160000 0.280000 0.000256 
0.160000 0.300000 0.000262 
0.160000 0.320000 0.000269 
0.160000 0.340000 0.000274 
0.160000 0.360000 0.000279 
0.160000 0.380000 0.000283 
0.160000 0.400000 0.000286 
0.160000 0.420000 0.000289 
0.160000 0.440000 0.000291 
0.160000 0.460000 0.000293 
0.160000 0.480000 0.000294 
0.160000 0.500000 0.000294 
0.160000 0.520000 0.000294 
0.160000 0.540000 0.000293 
0.160000 0.560000 0.000291 
0.160000 0.580000 0.000289 
0.160000 0.600000 0.000286 
0.160000 0.620000 0.000283 
0.160000 0.640000 0.000279 
0.160000 0.660000 0.000274 
0.160000 0.680000 0.000269 
0.160000 0.700000 0.000262 
0.160000 0.720000 0.000256 
0.160000 0.740000 0.000248 
0.160000 0.760000 0.000240 
0.160000 0.780000 0.000232 
0.160000 0.800000 0.000223 
0.160000 0.820000 0.000213 
0.160000 0.840000 0.000202 
0.160000 0.860000 0.000191 
0.160000 0.880000 0.000179 
0.160000 0.900000 0.000166 
0.160000 0.920000 0.000152 
0.160000 0.940000 0.000136 
0.160000 0.960000 0.000113 
0.160000 0.980000 0.000076 
0.160000 1.000000 0.191143 
0.180000 0.000000 30.642686 
0.180000 0.020000 0.012257 
0.180000 0.040000 0.004677 
0.180000 0.060000 0.001847 
0.180000 0.080000 0.000797 
0.180000 0.100000 0.000413 
0.180000 0.120000 0.000278 
0.180000 0.140000 0.000235 
0.180000 0.160000 0.000225 
0.180000 0.180000 0.000228 
0.180000 0.200000 0.000236 
0.180000 0.220000 0.000244 
0.180000 0.240000 0.000252 
0.180000 0.260000 0.000260 
0.180000 0.280000 0.000267 
0.180000 0.300000 0.000274 
0.180000 0.320000 0.000280 
0.180000 0.340000 0.000285 
0.180000 0.360000 0.000290 
0.180000 0.380000 0.000294 
0.180000 0.400000 0.000298 
0.180000 0.420000 0.000301 
0.180000 0.440000 0.000303 
0.180000 0.460000 0.000305 
0.180000 0.480000 0.000306 
0.180000 0.500000 0.000306 
0.180000 0.520000 0.000306 
0.180000 0.540000 0.000305 
0.180000 0.560000 0.000303 
0.180000 0.580000 0.000301 
0.180000 0.600000 0.000298 
0.180000 0.620000 0.000294 
0.180000 0.640000 0.000290 
0.180000 0.660000 0.000285 
0.180000 0.680000 0.000280 
0.180000 0.700000 0.000274 
0.180000 0.720000 0.000267 
0.180000 0.740000 0.000260 
0.180000 0.760000 0.000252 
0.180000 0.780000 0.000243 
0.180000 0.800000 0.000234 
0.180000 0.820000 0.000224 
0.180000 0.840000 0.000214 
0.180000 0.860000 0.000202 
0.180000 0.880000 0.000190 
0.180000 0.900000 0.000177 
0.180000 0.920000 0.000163 
0.180000 0.940000 0.000146 
0.180000 0.960000 0.000123 
0.180000 0.980000 0.000083 
0.180000 1.000000 0.208225 
0.200000 0.000000 31.874382 
0.200000 0.020000 0.012750 
0.200000 0.040000 0.004880 
0.200000 0.060000 0.001935 
0.200000 0.080000 0.000839 
0.200000 0.100000 0.000436 
0.200000 0.120000 0.000293 
0.200000 0.140000 0.000247 
0.200000 0.160000 0.000237 
0.200000 0.180000 0.000239 
0.200000 0.200000 0.000246 
0.200000 0.220000 0.000255 
0.200000 0.240000 0.000263 
0.200000 0.260000 0.000271 
0.200000 0.280000 0.000278 
0.200000 0.300000 0.000285 
0.200000 0.320000 0.000291 
0.200000 0.340000 0.000296 
0.200000 0.360000 0.000301 
0.200000 0.380000 0.000305 
0.200000 0.400000 0.000309 
0.200000 0.420000 0.000312 
0.200000 0.440000 0.000314 
0.200000 0.460000 0.000315 
0.200000 0.480000 0.000316 
0.200000 0.500000 0.000317 
0.200000 0.520000 0.000316 
0.200000 0.540000 0.000315 
0.200000 0.560000 0.000314 
0.200000 0.580000 0.000312 
0.200000 0.600000 0.000309 
0.200000 0.620000 0.000305 
0.200000 0.640000 0.000301 
0.200000 0.660000 0.000296 
0.200000 0.680000 0.000291 
0.200000 0.700000 0.000285 
0.200000 0.720000 0.000278 
0.200000 0.740000 0.000271 
0.200000 0.760000 0.000263 
0.200000 0.780000 0.000254 
0.200000 0.800000 0.000245 
0.200000 0.820000 0.000235 
0.200000 0.840000 0.000224 
0.200000 0.860000 0.000213 
0.200000 0.880000 0.000201 
0.200000 0.900000 0.000188 
0.200000 0.920000 0.000174 
0.200000 0.940000 0.000156 
0.200000 0.960000 0.000132 
0.200000 0.980000 0.000090 
0.200000 1.000000 0.224293 
0.220000 0.000000 33.014332 
0.220000 0.020000 0.013206 
0.220000 0.040000 0.005067 
0.220000 0.060000 0.002015 
0.220000 0.080000 0.000877 
0.220000 0.100000 0.000458 
0.220000 0.120000 0.000308 
0.220000 0.140000 0.000259 
0.220000 0.160000 0.000248 
0.220000 0.180000 0.000250 
0.220000 0.200000 0.000257 
0.220000 0.220000 0.000265 
0.220000 0.240000 0.000273 
0.220000 0.260000 0.000281 
0.220000 0.280000 0.000288 
0.220000 0.300000 0.000295 
0.220000 0.320000 0.000301 
0.220000 0.340000 0.000306 
0.220000 0.360000 0.000311 
0.220000 0.380000 0.000315 
0.220000 0.400000 0.000319 
0.220000 0.420000 0.000322 
0.220000 0.440000 0.000324 
0.220000 0.460000 0.000325 
0.220000 0.480000 0.000326 
0.220000 0.500000 0.000327 
0.220000 0.520000 0.000326 
0.220000 0.540000 0.000325 
0.220000 0.560000 0.000324 
0.220000 0.580000 0.000322 
0.220000 0.600000 0.000319 
0.220000 0.620000 0.000315 
0.220000 0.640000 0.000311 
0.220000 0.660000 0.000306 
0.220000 0.680000 0.000301 
0.220000 0.700000 0.000295 
0.220000 0.720000 0.000288 
0.220000 0.740000 0.000281 
0.220000 0.760000 0.000273 
0.220000 0.780000 0.000264 
0.220000 0.800000 0.000255 
0.220000 0.820000 0.000245 
0.220000 0.840000 0.000234 
0.220000 0.860000 0.000223 
0.220000 0.880000 0.000211 
0.220000 0.900000 0.000198 
0.220000 0.920000 0.000183 
0.220000 0.940000 0.000166 
0.220000 0.960000 0.000140 
0.220000 0.980000 0.000096 
0.220000 1.000000 0.239360 
0.240000 0.000000 34.068842 
0.240000 0.020000 0.013628 
0.240000 0.040000 0.005240 
0.240000 0.060000 0.002090 
0.240000 0.080000 0.000912 
0.240000 0.100000 0.000477 
0.240000 0.120000 0.000321 
0.240000 0.140000 0.000270 
0.240000 0.160000 0.000258 
0.240000 0.180000 0.000259 
0.240000 0.200000 0.000266 
0.240000 0.220000 0.000274 
0.240000 0.240000 0.000282 
0.240000 0.260000 0.000290 
0.240000 0.280000 0.000297 
0.240000 0.300000 0.000304 
0.240000 0.320000 0.000310 
0.240000 0.340000 0.000315 
0.240000 0.360000 0.000320 
0.240000 0.380000 0.000324 
0.240000 0.400000 0.000328 
0.240000 0.420000 0.000331 
0.240000 0.440000 0.000333 
0.240000 0.460000 0.000335 
0.240000 0.480000 0.000336 
0.240000 0.500000 0.000336 
0.240000 0.520000 0.000336 
0.240000 0.540000 0.000335 
0.240000 0.560000 0.000333 
0.240000 0.580000 0.000331 
0.240000 0.600000 0.000328 
0.240000 0.620000 0.000324 
0.240000 0.640000 0.000320 
0.240000 0.660000 0.000315 
0.240000 0.680000 0.000310 
0.240000 0.700000 0.000304 
0.240000 0.720000 0.000297 
0.240000 0.740000 0.000290 
0.240000 0.760000 0.000282 
0.240000 0.780000 0.000273 
0.240000 0.800000 0.000264 
0.240000 0.820000 0.000254 
0.240000 0.840000 0.000243 
0.240000 0.860000 0.000232 
0.240000 0.880000 0.000220 
0.240000 0.900000 0.000207 
0.240000 0.920000 0.000192 
0.240000 0.940000 0.000174 
0.240000 0.960000 0.000148 
0.240000 0.980000 0.000101 
0.240000 1.000000 0.253431 
0.260000 0.000000 35.041448 
0.260000 0.020000 0.014017 
0.260000 0.040000 0.005400 
0.260000 0.060000 0.002158 
0.260000 0.080000 0.000945 
0.260000 0.100000 0.000495 
0.260000 0.120000 0.000334 
0.260000 0.140000 0.000280 
0.260000 0.160000 0.000267 
0.260000 0.180000 0.000268 
0.260000 0.200000 0.000275 
0.260000 0.220000 0.000283 
0.260000 0.240000 0.000291 
0.260000 0.260000 0.000299 
0.260000 0.280000 0.000306 
0.260000 0.300000 0.000313 
0.260000 0.320000 0.000319 
0.260000 0.340000 0.000324 
0.260000 0.360000 0.000329 
0.260000 0.380000 0.000333 
0.260000 0.400000 0.000337 
0.260000 0.420000 0.000339 
0.260000 0.440000 0.000342 
0.260000 0.460000 0.000343 
0.260000 0.480000 0.000344 
0.260000 0.500000 0.000345 
0.260000 0.520000 0.000344 
0.260000 0.540000 0.000343 
0.260000 0.560000 0.000342 
0.260000 0.580000 0.000339 
0.260000 0.600000 0.000337 
0.260000 0.620000 0.000333 
0.260000 0.640000 0.000329 
0.260000 0.660000 0.000324 
0.260000 0.680000 0.000319 
0.260000 0.700000 0.000313 
0.260000 0.720000 0.000306 
0.260000 0.740000 0.000299 
0.260000 0.760000 0.000291 
0.260000 0.780000 0.000282 
0.260000 0.800000 0.000273 
0.260000 0.820000 0.000263 
0.260000 0.840000 0.000252 
0.260000 0.860000 0.000241 
0.260000 0.880000 0.000229 
0.260000 0.900000 0.000216 
0.260000 0.920000 0.000201 
0.260000 0.940000 0.000182 
0.260000 0.960000 0.000155 
0.260000 0.980000 0.000107 
0.260000 1.000000 0.266511 
0.280000 0.000000 35.934132 
0.280000 0.020000 0.014374 
0.280000 0.040000 0.005547 
0.280000 0.060000 0.002222 
0.280000 0.080000 0.000975 
0.280000 0.100000 0.000512 
0.280000 0.120000 0.000345 
0.280000 0.140000 0.000290 
0.280000 0.160000 0.000275 
0.280000 0.180000 0.000276 
0.280000 0.200000 0.000283 
0.280000 0.220000 0.000291 
0.280000 0.240000 0.000299 
0.280000 0.260000 0.000307 
0.280000 0.280000 0.000314 
0.280000 0.300000 0.000321 
0.280000 0.320000 0.000327 
0.280000 0.340000 0.000332 
0.280000 0.360000 0.000337 
0.280000 0.380000 0.000341 
0.280000 0.400000 0.000345 
0.280000 0.420000 0.000348 
0.280000 0.440000 0.000350 
0.280000 0.460000 0.000351 
0.280000 0.480000 0.000352 
0.280000 0.500000 0.000353 
0.280000 0.520000 0.000352 
0.280000 0.540000 0.000351 
0.280000 0.560000 0.000350 
0.280000 0.580000 0.000348 
0.280000 0.600000 0.000345 
0.280000 0.620000 0.000341 
0.280000 0.640000 0.000337 
0.280000 0.660000 0.000332 
0.280000 0.680000 0.000327 
0.280000 0.700000 0.000321 
0.280000 0.720000 0.000314 
0.280000 0.740000 0.000307 
0.280000 0.760000 0.000299 
0.280000 0.780000 0.000290 
0.280000 0.800000 0.000281 
0.280000 0.820000 0.000271 
0.280000 0.840000 0.000260 
0.280000 0.860000 0.000249 
0.280000 0.880000 0.000237 
0.280000 0.900000 0.000224 
0.280000 0.920000 0.000209 
0.280000 0.940000 0.000190 
0.280000 0.960000 0.000162 
0.280000 0.980000 0.000111 
0.280000 1.000000 0.278600 
0.300000 0.000000 36.748001 
0.300000 0.020000 0.014699 
0.300000 0.040000 0.005681 
0.300000 0.060000 0.002279 
0.300000 0.080000 0.001002 
0.300000 0.100000 0.000528 
0.300000 0.120000 0.000356 
0.300000 0.140000 0.000298 
0.300000 0.160000 0.000283 
0.300000 0.180000 0.000284 
0.300000 0.200000 0.000290 
0.300000 0.220000 0.000298 
0.300000 0.240000 0.000306 
0.300000 0.260000 0.000314 
0.300000 0.280000 0.000321 
0.300000 0.300000 0.000328 
0.300000 0.320000 0.000334 
0.300000 0.340000 0.000340 
0.300000 0.360000 0.000344 
0.300000 0.380000 0.000348 
0.300000 0.400000 0.000352 
0.300000 0.420000 0.000355 
0.300000 0.440000 0.000357 
0.300000 0.460000 0.000359 
0.300000 0.480000 0.000360 
0.300000 0.500000 0.000360 
0.300000 0.520000 0.000360 
0.300000 0.540000 0.000359 
0.300000 0.560000 0.000357 
0.300000 0.580000 0.000355 
0.300000 0.600000 0.000352 
0.300000 0.620000 0.000348 
0.300000 0.640000 0.000344 
0.300000 0.660000 0.000340 
0.300000 0.680000 0.000334 
0.300000 0.700000 0.000328 
0.300000 0.720000 0.000321 
0.300000 0.740000 0.000314 
0.300000 0.760000 0.000306 
0.300000 0.780000 0.000297 
0.300000 0.800000 0.000288 
0.300000 0.820000 0.000278 
0.300000 0.840000 0.000267 
0.300000 0.860000 0.000256 
0.300000 0.880000 0.000244 
0.300000 0.900000 0.000231 
0.300000 0.920000 0.000216 
0.300000 0.940000 0.000197 
0.300000 0.960000 0.000168 
0.300000 0.980000 0.000116 
0.300000 1.000000 0.289699 
0.320000 0.000000 37.483677 
0.320000 0.020000 0.014993 
0.320000 0.040000 0.005803 
0.320000 0.060000 0.002332 
0.320000 0.080000 0.001027 
0.320000 0.100000 0.000542 
0.320000 0.120000 0.000366 
0.320000 0.140000 0.000306 
0.320000 0.160000 0.000291 
0.320000 0.180000 0.000291 
0.320000 0.200000 0.000297 
0.320000 0.220000 0.000305 
0.320000 0.240000 0.000313 
0.320000 0.260000 0.000321 
0.320000 0.280000 0.000328 
0.320000 0.300000 0.000335 
0.320000 0.320000 0.000341 
0.320000 0.340000 0.000346 
0.320000 0.360000 0.000351 
0.320000 0.380000 0.000355 
0.320000 0.400000 0.000359 
0.320000 0.420000 0.000362 
0.320000 0.440000 0.000364 
0.320000 0.460000 0.000365 
0.320000 0.480000 0.000366 
0.320000 0.500000 0.000367 
0.320000 0.520000 0.000366 
0.320000 0.540000 0.000365 
0.320000 0.560000 0.000364 
0.320000 0.580000 0.000362 
0.320000 0.600000 0.000359 
0.320000 0.620000 0.000355 
0.320000 0.640000 0.000351 
0.320000 0.660000 0.000346 
0.320000 0.680000 0.000341 
0.320000 0.700000 0.000335 
0.320000 0.720000 0.000328 
0.320000 0.740000 0.000321 
0.320000 0.760000 0.000313 
0.320000 0.780000 0.000304 
0.320000 0.800000 0.000295 
0.320000 0.820000 0.000285 
0.320000 0.840000 0.000274 
0.320000 0.860000 0.000263 
0.320000 0.880000 0.000251 
0.320000 0.900000 0.000238 
0.320000 0.920000 0.000222 
0.320000 0.940000 0.000203 
0.320000 0.960000 0.000174 
0.320000 0.980000 0.000120 
0.320000 1.000000 0.299809 
0.340000 0.000000 38.141505 
0.340000 0.020000 0.015257 
0.340000 0.040000 0.005912 
0.340000 0.060000 0.002380 
0.340000 0.080000 0.001050 
0.340000 0.100000 0.000554 
0.340000 0.120000 0.000374 
0.340000 0.140000 0.000313 
0.340000 0.160000 0.000297 
0.340000 0.180000 0.000297 
0.340000 0.200000 0.000303 
0.340000 0.220000 0.000311 
0.340000 0.240000 0.000319 
0.340000 0.260000 0.000327 
0.340000 0.280000 0.000334 
0.340000 0.300000 0.000341 
0.340000 0.320000 0.000347 
0.340000 0.340000 0.000352 
0.340000 0.360000 0.000357 
0.340000 0.380000 0.000361 
0.340000 0.400000 0.000365 
0.340000 0.420000 0.000368 
0.340000 0.440000 0.000370 
0.340000 0.460000 0.000372 
0.340000 0.480000 0.000372 
0.340000 0.500000 0.000373 
0.340000 0.520000 0.000372 
0.340000 0.540000 0.000372 
0.340000 0.560000 0.000370 
0.340000 0.580000 0.000368 
0.340000 0.600000 0.000365 
0.340000 0.620000 0.000361 
0.340000 0.640000 0.000357 
0.340000 0.660000 0.000352 
0.340000 0.680000 0.000347 
0.340000 0.700000 0.000341 
0.340000 0.720000 0.000334 
0.340000 0.740000 0.000327 
0.340000 0.760000 0.000319 
0.340000 0.780000 0.000310 
0.340000 0.800000 0.000301 
0.340000 0.820000 0.000291 
0.340000 0.840000 0.000280 
0.340000 0.860000 0.000269 
0.340000 0.880000 0.000257 
0.340000 0.900000 0.000244 
0.340000 0.920000 0.000228 
0.340000 0.940000 0.000209 
0.340000 0.960000 0.000179 
0.340000 0.980000 0.000124 
0.340000 1.000000 0.308930 
0.360000 0.000000 38.721679 
0.360000 0.020000 0.015489 
0.360000 0.040000 0.006010 
0.360000 0.060000 0.002422 
0.360000 0.080000 0.001070 
0.360000 0.100000 0.000566 
0.360000 0.120000 0.000382 
0.360000 0.140000 0.000320 
0.360000 0.160000 0.000303 
0.360000 0.180000 0.000303 
0.360000 0.200000 0.000309 
0.360000 0.220000 0.000316 
0.360000 0.240000 0.000325 
0.360000 0.260000 0.000332 
0.360000 0.280000 0.000340 
0.360000 0.300000 0.000346 
0.360000 0.320000 0.000352 
0.360000 0.340000 0.000358 
0.360000 0.360000 0.000363 
0.360000 0.380000 0.000367 
0.360000 0.400000 0.000370 
0.360000 0.420000 0.000373 
0.360000 0.440000 0.000375 
0.360000 0.460000 0.000377 
0.360000 0.480000 0.000378 
0.360000 0.500000 0.000378 
0.360000 0.520000 0.000378 
0.360000 0.540000 0.000377 
0.360000 0.560000 0.000375 
0.360000 0.580000 0.000373 
0.360000 0.600000 0.000370 
0.360000 0.620000 0.000367 
0.360000 0.640000 0.000363 
0.360000 0.660000 0.000358 
0.360000 0.680000 0.000352 
0.360000 0.700000 0.000346 
0.360000 0.720000 0.000340 
0.360000 0.740000 0.000332 
0.360000 0.760000 0.000324 
0.360000 0.780000 0.000316 
0.360000 0.800000 0.000306 
0.360000 0.820000 0.000296 
0.360000 0.840000 0.000286 
0.360000 0.860000 0.000274 
0.360000 0.880000 0.000262 
0.360000 0.900000 0.000249 
0.360000 0.920000 0.000234 
0.360000 0.940000 0.000214 
0.360000 0.960000 0.000184 
0.360000 0.980000 0.000127 
0.360000 1.000000 0.317062 
0.380000 0.000000 39.224305 
0.380000 0.020000 0.015690 
0.380000 0.040000 0.006095 
0.380000 0.060000 0.002460 
0.380000 0.080000 0.001088 
0.380000 0.100000 0.000576 
0.380000 0.120000 0.000389 
0.380000 0.140000 0.000325 
0.380000 0.160000 0.000308 
0.380000 0.180000 0.000308 
0.380000 0.200000 0.000314 
0.380000 0.220000 0.000321 
0.380000 0.240000 0.000329 
0.380000 0.260000 0.000337 
0.380000 0.280000 0.000344 
0.380000 0.300000 0.000351 
0.380000 0.320000 0.000357 
0.380000 0.340000 0.000363 
0.380000 0.360000 0.000367 
0.380000 0.380000 0.000372 
0.380000 0.400000 0.000375 
0.380000 0.420000 0.000378 
0.380000 0.440000 0.000380 
0.380000 0.460000 0.000382 
0.380000 0.480000 0.000383 
0.380000 0.500000 0.000383 
0.380000 0.520000 0.000383 
0.380000 0.540000 0.000382 
0.380000 0.560000 0.000380 
0.380000 0.580000 0.000378 
0.380000 0.600000 0.000375 
0.380000 0.620000 0.000372 
0.380000 0.640000 0.000367 
0.380000 0.660000 0.000363 
0.380000 0.680000 0.000357 
0.380000 0.700000 0.000351 
0.380000 0.720000 0.000344 
0.380000 0.740000 0.000337 
0.380000 0.760000 0.000329 
0.380000 0.780000 0.000320 
0.380000 0.800000 0.000311 
0.380000 0.820000 0.000301 
0.380000 0.840000 0.000290 
0.380000 0.860000 0.000279 
0.380000 0.880000 0.000267 
0.380000 0.900000 0.000254 
0.380000 0.920000 0.000238 
0.380000 0.940000 0.000218 
0.380000 0.960000 0.000188 
0.380000 0.980000 0.000130 
0.380000 1.000000 0.324205 
0.400000 0.000000 39.649446 
0.400000 0.020000 0.015860 
0.400000 0.040000 0.006167 
0.400000 0.060000 0.002492 
0.400000 0.080000 0.001104 
0.400000 0.100000 0.000585 
0.400000 0.120000 0.000395 
0.400000 0.140000 0.000330 
0.400000 0.160000 0.000312 
0.400000 0.180000 0.000312 
0.400000 0.200000 0.000318 
0.400000 0.220000 0.000325 
0.400000 0.240000 0.000333 
0.400000 0.260000 0.000341 
0.400000 0.280000 0.000349 
0.400000 0.300000 0.000355 
0.400000 0.320000 0.000361 
0.400000 0.340000 0.000367 
0.400000 0.360000 0.000372 
0.400000 0.380000 0.000376 
0.400000 0.400000 0.000379 
0.400000 0.420000 0.000382 
0.400000 0.440000 0.000384 
0.400000 0.460000 0.000386 
0.400000 0.480000 0.000387 
0.400000 0.500000 0.000387 
0.400000 0.520000 0.000387 
0.400000 0.540000 0.000386 
0.400000 0.560000 0.000384 
0.400000 0.580000 0.000382 
0.400000 0.600000 0.000379 
0.400000 0.620000 0.000376 
0.400000 0.640000 0.000372 
0.400000 0.660000 0.000367 
0.400000 0.680000 0.000361 
0.400000 0.700000 0.000355 
0.400000 0.720000 0.000348 
0.400000 0.740000 0.000341 
0.400000 0.760000 0.000333 
0.400000 0.780000 0.000324 
0.400000 0.800000 0.000315 
0.400000 0.820000 0.000305 
0.400000 0.840000 0.000295 
0.400000 0.860000 0.000283 
0.400000 0.880000 0.000271 
0.400000 0.900000 0.000258 
0.400000 0.920000 0.000242 
0.400000 0.940000 0.000222 
0.400000 0.960000 0.000191 
0.400000 0.980000 0.000132 
0.400000 1.000000 0.330360 
0.420000 0.000000 39.997133 
0.420000 0.020000 0.015999 
0.420000 0.040000 0.006228 
0.420000 0.060000 0.002519 
0.420000 0.080000 0.001117 
0.420000 0.100000 0.000592 
0.420000 0.120000 0.000400 
0.420000 0.140000 0.000335 
0.420000 0.160000 0.000316 
0.420000 0.180000 0.000316 
0.420000 0.200000 0.000321 
0.420000 0.220000 0.000329 
0.420000 0.240000 0.000337 
0.420000 0.260000 0.000345 
0.420000 0.280000 0.000352 
0.420000 0.300000 0.000359 
0.420000 0.320000 0.000365 
0.420000 0.340000 0.000370 
0.420000 0.360000 0.000375 
0.420000 0.380000 0.000379 
0.420000 0.400000 0.000383 
0.420000 0.420000 0.000386 
0.420000 0.440000 0.000388 
0.420000 0.460000 0.000389 
0.420000 0.480000 0.000390 
0.420000 0.500000 0.000391 
0.420000 0.520000 0.000390 
0.420000 0.540000 0.000389 
0.420000 0.560000 0.000388 
0.420000 0.580000 0.000386 
0.420000 0.600000 0.000383 
0.420000 0.620000 0.000379 
0.420000 0.640000 0.000375 
0.420000 0.660000 0.000370 
0.420000 0.680000 0.000365 
0.420000 0.700000 0.000359 
0.420000 0.720000 0.000352 
0.420000 0.740000 0.000345 
0.420000 0.760000 0.000337 
0.420000 0.780000 0.000328 
0.420000 0.800000 0.000319 
0.420000 0.820000 0.000309 
0.420000 0.840000 0.000298 
0.420000 0.860000 0.000287 
0.420000 0.880000 0.000275 
0.420000 0.900000 0.000261 
0.420000 0.920000 0.000246 
0.420000 0.940000 0.000226 
0.420000 0.960000 0.000194 
0.420000 0.980000 0.000134 
0.420000 1.000000 0.335525 
0.440000 0.000000 40.267386 
0.440000 0.020000 0.016107 
0.440000 0.040000 0.006276 
0.440000 0.060000 0.002541 
0.440000 0.080000 0.001128 
0.440000 0.100000 0.000599 
0.440000 0.120000 0.000405 
0.440000 0.140000 0.000338 
0.440000 0.160000 0.000319 
0.440000 0.180000 0.000319 
0.440000 0.200000 0.000324 
0.440000 0.220000 0.000332 
0.440000 0.240000 0.000340 
0.440000 0.260000 0.000348 
0.440000 0.280000 0.000355 
0.440000 0.300000 0.000362 
0.440000 0.320000 0.000368 
0.440000 0.340000 0.000373 
0.440000 0.360000 0.000378 
0.440000 0.380000 0.000382 
0.440000 0.400000 0.000386 
0.440000 0.420000 0.000388 
0.440000 0.440000 0.000391 
0.440000 0.460000 0.000392 
0.440000 0.480000 0.000393 
0.440000 0.500000 0.000394 
0.440000 0.520000 0.000393 
0.440000 0.540000 0.000392 
0.440000 0.560000 0.000391 
0.440000 0.580000 0.000388 
0.440000 0.600000 0.000386 
0.440000 0.620000 0.000382 
0.440000 0.640000 0.000378 
0.440000 0.660000 0.000373 
0.440000 0.680000 0.000368 
0.440000 0.700000 0.000362 
0.440000 0.720000 0.000355 
0.440000 0.740000 0.000348 
0.440000 0.760000 0.000340 
0.440000 0.780000 0.000331 
0.440000 0.800000 0.000322 
0.440000 0.820000 0.000312 
0.440000 0.840000 0.000301 
0.440000 0.860000 0.000290 
0.440000 0.880000 0.000278 
0.440000 0.900000 0.000264 
0.440000 0.920000 0.000248 
0.440000 0.940000 0.000228 
0.440000 0.960000 0.000197 
0.440000 0.980000 0.000136 
0.440000 1.000000 0.339701 
0.460000 0.000000 40.460214 
0.460000 0.020000 0.016184 
0.460000 0.040000 0.006312 
0.460000 0.060000 0.002559 
0.460000 0.080000 0.001137 
0.460000 0.100000 0.000604 
0.460000 0.120000 0.000408 
0.460000 0.140000 0.000341 
0.460000 0.160000 0.000322 
0.460000 0.180000 0.000321 
0.460000 0.200000 0.000327 
0.460000 0.220000 0.000334 
0.460000 0.240000 0.000342 
0.460000 0.260000 0.000350 
0.460000 0.280000 0.000357 
0.460000 0.300000 0.000364 
0.460000 0.320000 0.000370 
0.460000 0.340000 0.000375 
0.460000 0.360000 0.000380 
0.460000 0.380000 0.000384 
0.460000 0.400000 0.000388 
0.460000 0.420000 0.000391 
0.460000 0.440000 0.000393 
0.460000 0.460000 0.000395 
0.460000 0.480000 0.000396 
0.460000 0.500000 0.000396 
0.460000 0.520000 0.000396 
0.460000 0.540000 0.000395 
0.460000 0.560000 0.000393 
0.460000 0.580000 0.000391 
0.460000 0.600000 0.000388 
0.460000 0.620000 0.000384 
0.460000 0.640000 0.000380 
0.460000 0.660000 0.000375 
0.460000 0.680000 0.000370 
0.460000 0.700000 0.000364 
0.460000 0.720000 0.000357 
0.460000 0.740000 0.000350 
0.460000 0.760000 0.000342 
0.460000 0.780000 0.000333 
0.460000 0.800000 0.000324 
0.460000 0.820000 0.000314 
0.460000 0.840000 0.000303 
0.460000 0.860000 0.000292 
0.460000 0.880000 0.000280 
0.460000 0.900000 0.000266 
0.460000 0.920000 0.000251 
0.460000 0.940000 0.000230 
0.460000 0.960000 0.000198 
0.460000 0.980000 0.000137 
0.460000 1.000000 0.342889 
0.480000 0.000000 40.575625 
0.480000 0.020000 0.016230 
0.480000 0.040000 0.006336 
0.480000 0.060000 0.002571 
0.480000 0.080000 0.001143 
0.480000 0.100000 0.000607 
0.480000 0.120000 0.000411 
0.480000 0.140000 0.000343 
0.480000 0.160000 0.000324 
0.480000 0.180000 0.000323 
0.480000 0.200000 0.000328 
0.480000 0.220000 0.000336 
0.480000 0.240000 0.000344 
0.480000 0.260000 0.000352 
0.480000 0.280000 0.000359 
0.480000 0.300000 0.000365 
0.480000 0.320000 0.000372 
0.480000 0.340000 0.000377 
0.480000 0.360000 0.000382 
0.480000 0.380000 0.000386 
0.480000 0.400000 0.000389 
0.480000 0.420000 0.000392 
0.480000 0.440000 0.000395 
0.480000 0.460000 0.000396 
0.480000 0.480000 0.000397 
0.480000 0.500000 0.000397 
0.480000 0.520000 0.000397 
0.480000 0.540000 0.000396 
0.480000 0.560000 0.000395 
0.480000 0.580000 0.000392 
0.480000 0.600000 0.000389 
0.480000 0.620000 0.000386 
0.480000 0.640000 0.000382 
0.480000 0.660000 0.000377 
0.480000 0.680000 0.000372 
0.480000 0.700000 0.000365 
0.480000 0.720000 0.000359 
0.480000 0.740000 0.000351 
0.480000 0.760000 0.000343 
0.480000 0.780000 0.000335 
0.480000 0.800000 0.000325 
0.480000 0.820000 0.000315 
0.480000 0.840000 0.000305 
0.480000 0.860000 0.000294 
0.480000 0.880000 0.000281 
0.480000 0.900000 0.000268 
0.480000 0.920000 0.000252 
0.480000 0.940000 0.000232 
0.480000 0.960000 0.000200 
0.480000 0.980000 0.000138 
0.480000 1.000000 0.345088 
0.500000 0.000000 40.613620 
0.500000 0.020000 0.016245 
0.500000 0.040000 0.006347 
0.500000 0.060000 0.002578 
0.500000 0.080000 0.001147 
0.500000 0.100000 0.000610 
0.500000 0.120000 0.000412 
0.500000 0.140000 0.000344 
0.500000 0.160000 0.000325 
0.500000 0.180000 0.000324 
0.500000 0.200000 0.000329 
0.500000 0.220000 0.000337 
0.500000 0.240000 0.000345 
0.500000 0.260000 0.000352 
0.500000 0.280000 0.000360 
0.500000 0.300000 0.000366 
0.500000 0.320000 0.000372 
0.500000 0.340000 0.000378 
0.500000 0.360000 0.000383 
0.500000 0.380000 0.000387 
0.500000 0.400000 0.000390 
0.500000 0.420000 0.000393 
0.500000 0.440000 0.000396 
0.500000 0.460000 0.000397 
0.500000 0.480000 0.000398 
0.500000 0.500000 0.000398 
0.500000 0.520000 0.000398 
0.500000 0.540000 0.000397 
0.500000 0.560000 0.000396 
0.500000 0.580000 0.000393 
0.500000 0.600000 0.000390 
0.500000 0.620000 0.000387 
0.500000 0.640000 0.000383 
0.500000 0.660000 0.000378 
0.500000 0.680000 0.000372 
0.500000 0.700000 0.000366 
0.500000 0.720000 0.000360 
0.500000 0.740000 0.000352 
0.500000 0.760000 0.000344 
0.500000 0.780000 0.000336 
0.500000 0.800000 0.000326 
0.500000 0.820000 0.000316 
0.500000 0.840000 0.000306 
0.500000 0.860000 0.000294 
0.500000 0.880000 0.000282 
0.500000 0.900000 0.000269 
0.500000 0.920000 0.000253 
0.500000 0.940000 0.000233 
0.500000 0.960000 0.000200 
0.500000 0.980000 0.000139 
0.500000 1.000000 0.346298 
0.520000 0.000000 40.574201 
0.520000 0.020000 0.016230 
0.520000 0.040000 0.006347 
0.520000 0.060000 0.002580 
0.520000 0.080000 0.001149 
0.520000 0.100000 0.000611 
0.520000 0.120000 0.000413 
0.520000 0.140000 0.000344 
0.520000 0.160000 0.000325 
0.520000 0.180000 0.000324 
0.520000 0.200000 0.000329 
0.520000 0.220000 0.000337 
0.520000 0.240000 0.000345 
0.520000 0.260000 0.000353 
0.520000 0.280000 0.000360 
0.520000 0.300000 0.000367 
0.520000 0.320000 0.000373 
0.520000 0.340000 0.000378 
0.520000 0.360000 0.000383 
0.520000 0.380000 0.000387 
0.520000 0.400000 0.000391 
0.520000 0.420000 0.000394 
0.520000 0.440000 0.000396 
0.520000 0.460000 0.000397 
0.520000 0.480000 0.000398 
0.520000 0.500000 0.000399 
0.520000 0.520000 0.000398 
0.520000 0.540000 0.000397 
0.520000 0.560000 0.000396 
0.520000 0.580000 0.000394 
0.520000 0.600000 0.000391 
0.520000 0.620000 0.000387 
0.520000 0.640000 0.000383 
0.520000 0.660000 0.000378 
0.520000 0.680000 0.000373 
0.520000 0.700000 0.000367 
0.520000 0.720000 0.000360 
0.520000 0.740000 0.000353 
0.520000 0.760000 0.000345 
0.520000 0.780000 0.000336 
0.520000 0.800000 0.000327 
0.520000 0.820000 0.000317 
0.520000 0.840000 0.000306 
0.520000 0.860000 0.000295 
0.520000 0.880000 0.000283 
0.520000 0.900000 0.000269 
0.520000 0.920000 0.000253 
0.520000 0.940000 0.000233 
0.520000 0.960000 0.000201 
0.520000 0.980000 0.000139 
0.520000 1.000000 0.346519 
0.540000 0.000000 40.457370 
0.540000 0.020000 0.016183 
0.540000 0.040000 0.006334 
0.540000 0.060000 0.002576 
0.540000 0.080000 0.001148 
0.540000 0.100000 0.000611 
0.540000 0.120000 0.000413 
0.540000 0.140000 0.000344 
0.540000 0.160000 0.000325 
0.540000 0.180000 0.000324 
0.540000 0.200000 0.000329 
0.540000 0.220000 0.000337 
0.540000 0.240000 0.000345 
0.540000 0.260000 0.000352 
0.540000 0.280000 0.000360 
0.540000 0.300000 0.000366 
0.540000 0.320000 0.000372 
0.540000 0.340000 0.000378 
0.540000 0.360000 0.000383 
0.540000 0.380000 0.000387 
0.540000 0.400000 0.000390 
0.540000 0.420000 0.000393 
0.540000 0.440000 0.000396 
0.540000 0.460000 0.000397 
0.540000 0.480000 0.000398 
0.540000 0.500000 0.000398 
0.540000 0.520000 0.000398 
0.540000 0.540000 0.000397 
0.540000 0.560000 0.000396 
0.540000 0.580000 0.000393 
0.540000 0.600000 0.000390 
0.540000 0.620000 0.000387 
0.540000 0.640000 0.000383 
0.540000 0.660000 0.000378 
0.540000 0.680000 0.000372 
0.540000 0.700000 0.000366 
0.540000 0.720000 0.000360 
0.540000 0.740000 0.000352 
0.540000 0.760000 0.000344 
0.540000 0.780000 0.000336 
0.540000 0.800000 0.000326 
0.540000 0.820000 0.000316 
0.540000 0.840000 0.000306 
0.540000 0.860000 0.000294 
0.540000 0.880000 0.000282 
0.540000 0.900000 0.000269 
0.540000 0.920000 0.000253 
0.540000 0.940000 0.000232 
0.540000 0.960000 0.000200 
0.540000 0.980000 0.000138 
0.540000 1.000000 0.345751 
0.560000 0.000000 40.263127 
0.560000 0.020000 0.016105 
0.560000 0.040000 0.006309 
0.560000 0.060000 0.002568 
0.560000 0.080000 0.001145 
0.560000 0.100000 0.000609 
0.560000 0.120000 0.000412 
0.560000 0.140000 0.000343 
0.560000 0.160000 0.000324 
0.560000 0.180000 0.000323 
0.560000 0.200000 0.000328 
0.560000 0.220000 0.000336 
0.560000 0.240000 0.000344 
0.560000 0.260000 0.000352 
0.560000 0.280000 0.000359 
0.560000 0.300000 0.000365 
0.560000 0.320000 0.000372 
0.560000 0.340000 0.000377 
0.560000 0.360000 0.000382 
0.560000 0.380000 0.000386 
0.560000 0.400000 0.000389 
0.560000 0.420000 0.000392 
0.560000 0.440000 0.000395 
0.560000 0.460000 0.000396 
0.560000 0.480000 0.000397 
0.560000 0.500000 0.000397 
0.560000 0.520000 0.000397 
0.560000 0.540000 0.000396 
0.560000 0.560000 0.000395 
0.560000 0.580000 0.000392 
0.560000 0.600000 0.000389 
0.560000 0.620000 0.000386 
0.560000 0.640000 0.000382 
0.560000 0.660000 0.000377 
0.560000 0.680000 0.000372 
0.560000 0.700000 0.000365 
0.560000 0.720000 0.000359 
0.560000 0.740000 0.000351 
0.560000 0.760000 0.000343 
0.560000 0.780000 0.000335 
0.560000 0.800000 0.000325 
0.560000 0.820000 0.000315 
0.560000 0.840000 0.000305 
0.560000 0.860000 0.000294 
0.560000 0.880000 0.000281 
0.560000 0.900000 0.000268 
0.560000 0.920000 0.000252 
0.560000 0.940000 0.000232 
0.560000 0.960000 0.000199 
0.560000 0.980000 0.000138 
0.560000 1.000000 0.343995 
0.580000 0.000000 39.991473 
0.580000 0.020000 0.015997 
0.580000 0.040000 0.006271 
0.580000 0.060000 0.002555 
0.580000 0.080000 0.001140 
0.580000 0.100000 0.000607 
0.580000 0.120000 0.000410 
0.580000 0.140000 0.000342 
0.580000 0.160000 0.000322 
0.580000 0.180000 0.000321 
0.580000 0.200000 0.000327 
0.580000 0.220000 0.000334 
0.580000 0.240000 0.000342 
0.580000 0.260000 0.000350 
0.580000 0.280000 0.000357 
0.580000 0.300000 0.000364 
0.580000 0.320000 0.000370 
0.580000 0.340000 0.000375 
0.580000 0.360000 0.000380 
0.580000 0.380000 0.000384 
0.580000 0.400000 0.000388 
0.580000 0.420000 0.000391 
0.580000 0.440000 0.000393 
0.580000 0.460000 0.000395 
0.580000 0.480000 0.000396 
0.580000 0.500000 0.000396 
0.580000 0.520000 0.000396 
0.580000 0.540000 0.000395 
0.580000 0.560000 0.000393 
0.580000 0.580000 0.000391 
0.580000 0.600000 0.000388 
0.580000 0.620000 0.000384 
0.580000 0.640000 0.000380 
0.580000 0.660000 0.000375 
0.580000 0.680000 0.000370 
0.580000 0.700000 0.000364 
0.580000 0.720000 0.000357 
0.580000 0.740000 0.000350 
0.580000 0.760000 0.000342 
0.580000 0.780000 0.000333 
0.580000 0.800000 0.000324 
0.580000 0.820000 0.000314 
0.580000 0.840000 0.000303 
0.580000 0.860000 0.000292 
0.580000 0.880000 0.000280 
0.580000 0.900000 0.000266 
0.580000 0.920000 0.000251 
0.580000 0.940000 0.000230 
0.580000 0.960000 0.000198 
0.580000 0.980000 0.000136 
0.580000 1.000000 0.341249 
0.600000 0.000000 39.642406 
0.600000 0.020000 0.015857 
0.600000 0.040000 0.006222 
0.600000 0.060000 0.002537 
0.600000 0.080000 0.001133 
0.600000 0.100000 0.000603 
0.600000 0.120000 0.000407 
0.600000 0.140000 0.000339 
0.600000 0.160000 0.000320 
0.600000 0.180000 0.000319 
0.600000 0.200000 0.000324 
0.600000 0.220000 0.000332 
0.600000 0.240000 0.000340 
0.600000 0.260000 0.000348 
0.600000 0.280000 0.000355 
0.600000 0.300000 0.000362 
0.600000 0.320000 0.000368 
0.600000 0.340000 0.000373 
0.600000 0.360000 0.000378 
0.600000 0.380000 0.000382 
0.600000 0.400000 0.000386 
0.600000 0.420000 0.000388 
0.600000 0.440000 0.000391 
0.600000 0.460000 0.000392 
0.600000 0.480000 0.000393 
0.600000 0.500000 0.000394 
0.600000 0.520000 0.000393 
0.600000 0.540000 0.000392 
0.600000 0.560000 0.000391 
0.600000 0.580000 0.000388 
0.600000 0.600000 0.000386 
0.600000 0.620000 0.000382 
0.600000 0.640000 0.000378 
0.600000 0.660000 0.000373 
0.600000 0.680000 0.000368 
0.600000 0.700000 0.000362 
0.600000 0.720000 0.000355 
0.600000 0.740000 0.000348 
0.600000 0.760000 0.000340 
0.600000 0.780000 0.000331 
0.600000 0.800000 0.000322 
0.600000 0.820000 0.000312 
0.600000 0.840000 0.000301 
0.600000 0.860000 0.000290 
0.600000 0.880000 0.000277 
0.600000 0.900000 0.000264 
0.600000 0.920000 0.000248 
0.600000 0.940000 0.000228 
0.600000 0.960000 0.000196 
0.600000 0.980000 0.000135 
0.600000 1.000000 0.337515 
0.620000 0.000000 39.215925 
0.620000 0.020000 0.015686 
0.620000 0.040000 0.006160 
0.620000 0.060000 0.002513 
0.620000 0.080000 0.001123 
0.620000 0.100000 0.000597 
0.620000 0.120000 0.000403 
0.620000 0.140000 0.000336 
0.620000 0.160000 0.000317 
0.620000 0.180000 0.000316 
0.620000 0.200000 0.000321 
0.620000 0.220000 0.000329 
0.620000 0.240000 0.000337 
0.620000 0.260000 0.000345 
0.620000 0.280000 0.000352 
0.620000 0.300000 0.000359 
0.620000 0.320000 0.000365 
0.620000 0.340000 0.000370 
0.620000 0.360000 0.000375 
0.620000 0.380000 0.000379 
0.620000 0.400000 0.000383 
0.620000 0.420000 0.000386 
0.620000 0.440000 0.000388 
0.620000 0.460000 0.000389 
0.620000 0.480000 0.000390 
0.620000 0.500000 0.000391 
0.620000 0.520000 0.000390 
0.620000 0.540000 0.000389 
0.620000 0.560000 0.000388 
0.620000 0.580000 0.000386 
0.620000 0.600000 0.000383 
0.620000 0.620000 0.000379 
0.620000 0.640000 0.000375 
0.620000 0.660000 0.000370 
0.620000 0.680000 0.000365 
0.620000 0.700000 0.000359 
0.620000 0.720000 0.000352 
0.620000 0.740000 0.000345 
0.620000 0.760000 0.000337 
0.620000 0.780000 0.000328 
0.620000 0.800000 0.000319 
0.620000 0.820000 0.000309 
0.620000 0.840000 0.000298 
0.620000 0.860000 0.000287 
0.620000 0.880000 0.000275 
0.620000 0.900000 0.000261 
0.620000 0.920000 0.000245 
0.620000 0.940000 0.000225 
0.620000 0.960000 0.000193 
0.620000 0.980000 0.000133 
0.620000 1.000000 0.332792 
0.640000 0.000000 38.712029 
0.640000 0.020000 0.015485 
0.640000 0.040000 0.006086 
0.640000 0.060000 0.002485 
0.640000 0.080000 0.001110 
0.640000 0.100000 0.000591 
0.640000 0.120000 0.000399 
0.640000 0.140000 0.000332 
0.640000 0.160000 0.000313 
0.640000 0.180000 0.000312 
0.640000 0.200000 0.000318 
0.640000 0.220000 0.000326 
0.640000 0.240000 0.000334 
0.640000 0.260000 0.000341 
0.640000 0.280000 0.000349 
0.640000 0.300000 0.000355 
0.640000 0.320000 0.000361 
0.640000 0.340000 0.000367 
0.640000 0.360000 0.000372 
0.640000 0.380000 0.000376 
0.640000 0.400000 0.000379 
0.640000 0.420000 0.000382 
0.640000 0.440000 0.000384 
0.640000 0.460000 0.000386 
0.640000 0.480000 0.000387 
0.640000 0.500000 0.000387 
0.640000 0.520000 0.000387 
0.640000 0.540000 0.000386 
0.640000 0.560000 0.000384 
0.640000 0.580000 0.000382 
0.640000 0.600000 0.000379 
0.640000 0.620000 0.000376 
0.640000 0.640000 0.000372 
0.640000 0.660000 0.000367 
0.640000 0.680000 0.000361 
0.640000 0.700000 0.000355 
0.640000 0.720000 0.000348 
0.640000 0.740000 0.000341 
0.640000 0.760000 0.000333 
0.640000 0.780000 0.000324 
0.640000 0.800000 0.000315 
0.640000 0.820000 0.000305 
0.640000 0.840000 0.000295 
0.640000 0.860000 0.000283 
0.640000 0.880000 0.000271 
0.640000 0.900000 0.000258 
0.640000 0.920000 0.000242 
0.640000 0.940000 0.000222 
0.640000 0.960000 0.000190 
0.640000 0.980000 0.000131 
0.640000 1.000000 0.327080 
0.660000 0.000000 38.130712 
0.660000 0.020000 0.015252 
0.660000 0.040000 0.006000 
0.660000 0.060000 0.002451 
0.660000 0.080000 0.001096 
0.660000 0.100000 0.000583 
0.660000 0.120000 0.000393 
0.660000 0.140000 0.000328 
0.660000 0.160000 0.000309 
0.660000 0.180000 0.000308 
0.660000 0.200000 0.000314 
0.660000 0.220000 0.000321 
0.660000 0.240000 0.000329 
0.660000 0.260000 0.000337 
0.660000 0.280000 0.000344 
0.660000 0.300000 0.000351 
0.660000 0.320000 0.000357 
0.660000 0.340000 0.000363 
0.660000 0.360000 0.000367 
0.660000 0.380000 0.000372 
0.660000 0.400000 0.000375 
0.660000 0.420000 0.000378 
0.660000 0.440000 0.000380 
0.660000 0.460000 0.000382 
0.660000 0.480000 0.000383 
0.660000 0.500000 0.000383 
0.660000 0.520000 0.000383 
0.660000 0.540000 0.000382 
0.660000 0.560000 0.000380 
0.660000 0.580000 0.000378 
0.660000 0.600000 0.000375 
0.660000 0.620000 0.000372 
0.660000 0.640000 0.000367 
0.660000 0.660000 0.000363 
0.660000 0.680000 0.000357 
0.660000 0.700000 0.000351 
0.660000 0.720000 0.000344 
0.660000 0.740000 0.000337 
0.660000 0.760000 0.000329 
0.660000 0.780000 0.000320 
0.660000 0.800000 0.000311 
0.660000 0.820000 0.000301 
0.660000 0.840000 0.000290 
0.660000 0.860000 0.000279 
0.660000 0.880000 0.000267 
0.660000 0.900000 0.000253 
0.660000 0.920000 0.000238 
0.660000 0.940000 0.000218 
0.660000 0.960000 0.000187 
0.660000 0.980000 0.000128 
0.660000 1.000000 0.320379 
0.680000 0.000000 37.471960 
0.680000 0.020000 0.014989 
0.680000 0.040000 0.005902 
0.680000 0.060000 0.002413 
0.680000 0.080000 0.001079 
0.680000 0.100000 0.000574 
0.680000 0.120000 0.000387 
0.680000 0.140000 0.000322 
0.680000 0.160000 0.000304 
0.680000 0.180000 0.000303 
0.680000 0.200000 0.000309 
0.680000 0.220000 0.000317 
0.680000 0.240000 0.000325 
0.680000 0.260000 0.000332 
0.680000 0.280000 0.000340 
0.680000 0.300000 0.000346 
0.680000 0.320000 0.000352 
0.680000 0.340000 0.000358 
0.680000 0.360000 0.000363 
0.680000 0.380000 0.000367 
0.680000 0.400000 0.000370 
0.680000 0.420000 0.000373 
0.680000 0.440000 0.000375 
0.680000 0.460000 0.000377 
0.680000 0.480000 0.000378 
0.680000 0.500000 0.000378 
0.680000 0.520000 0.000378 
0.680000 0.540000 0.000377 
0.680000 0.560000 0.000375 
0.680000 0.580000 0.000373 
0.680000 0.600000 0.000370 
0.680000 0.620000 0.000367 
0.680000 0.640000 0.000363 
0.680000 0.660000 0.000358 
0.680000 0.680000 0.000352 
0.680000 0.700000 0.000346 
0.680000 0.720000 0.000340 
0.680000 0.740000 0.000332 
0.680000 0.760000 0.000324 
0.680000 0.780000 0.000316 
0.680000 0.800000 0.000306 
0.680000 0.820000 0.000296 
0.680000 0.840000 0.000286 
0.680000 0.860000 0.000274 
0.680000 0.880000 0.000262 
0.680000 0.900000 0.000249 
0.680000 0.920000 0.000233 
0.680000 0.940000 0.000213 
0.680000 0.960000 0.000182 
0.680000 0.980000 0.000125 
0.680000 1.000000 0.312689 
0.700000 0.000000 36.735745 
0.700000 0.020000 0.014694 
0.700000 0.040000 0.005791 
0.700000 0.060000 0.002369 
0.700000 0.080000 0.001059 
0.700000 0.100000 0.000563 
0.700000 0.120000 0.000380 
0.700000 0.140000 0.000316 
0.700000 0.160000 0.000298 
0.700000 0.180000 0.000298 
0.700000 0.200000 0.000303 
0.700000 0.220000 0.000311 
0.700000 0.240000 0.000319 
0.700000 0.260000 0.000327 
0.700000 0.280000 0.000334 
0.700000 0.300000 0.000341 
0.700000 0.320000 0.000347 
0.700000 0.340000 0.000352 
0.700000 0.360000 0.000357 
0.700000 0.380000 0.000361 
0.700000 0.400000 0.000365 
0.700000 0.420000 0.000368 
0.700000 0.440000 0.000370 
0.700000 0.460000 0.000372 
0.700000 0.480000 0.000372 
0.700000 0.500000 0.000373 
0.700000 0.520000 0.000372 
0.700000 0.540000 0.000372 
0.700000 0.560000 0.000370 
0.700000 0.580000 0.000368 
0.700000 0.600000 0.000365 
0.700000 0.620000 0.000361 
0.700000 0.640000 0.000357 
0.700000 0.660000 0.000352 
0.700000 0.680000 0.000347 
0.700000 0.700000 0.000341 
0.700000 0.720000 0.000334 
0.700000 0.740000 0.000327 
0.700000 0.760000 0.000319 
0.700000 0.780000 0.000310 
0.700000 0.800000 0.000301 
0.700000 0.820000 0.000291 
0.700000 0.840000 0.000280 
0.700000 0.860000 0.000269 
0.700000 0.880000 0.000257 
0.700000 0.900000 0.000243 
0.700000 0.920000 0.000228 
0.700000 0.940000 0.000208 
0.700000 0.960000 0.000178 
0.700000 0.980000 0.000122 
0.700000 1.000000 0.304011 
0.720000 0.000000 35.922003 
0.720000 0.020000 0.014369 
0.720000 0.040000 0.005668 
0.720000 0.060000 0.002320 
0.720000 0.080000 0.001038 
0.720000 0.100000 0.000551 
0.720000 0.120000 0.000372 
0.720000 0.140000 0.000309 
0.720000 0.160000 0.000292 
0.720000 0.180000 0.000292 
0.720000 0.200000 0.000297 
0.720000 0.220000 0.000305 
0.720000 0.240000 0.000313 
0.720000 0.260000 0.000321 
0.720000 0.280000 0.000328 
0.720000 0.300000 0.000335 
0.720000 0.320000 0.000341 
0.720000 0.340000 0.000346 
0.720000 0.360000 0.000351 
0.720000 0.380000 0.000355 
0.720000 0.400000 0.000359 
0.720000 0.420000 0.000362 
0.720000 0.440000 0.000364 
0.720000 0.460000 0.000365 
0.720000 0.480000 0.000366 
0.720000 0.500000 0.000367 
0.720000 0.520000 0.000366 
0.720000 0.540000 0.000365 
0.720000 0.560000 0.000364 
0.720000 0.580000 0.000362 
0.720000 0.600000 0.000359 
0.720000 0.620000 0.000355 
0.720000 0.640000 0.000351 
0.720000 0.660000 0.000346 
0.720000 0.680000 0.000341 
0.720000 0.700000 0.000335 
0.720000 0.720000 0.000328 
0.720000 0.740000 0.000321 
0.720000 0.760000 0.000313 
0.720000 0.780000 0.000304 
0.720000 0.800000 0.000295 
0.720000 0.820000 0.000285 
0.720000 0.840000 0.000274 
0.720000 0.860000 0.000263 
0.720000 0.880000 0.000251 
0.720000 0.900000 0.000237 
0.720000 0.920000 0.000222 
0.720000 0.940000 0.000202 
0.720000 0.960000 0.000172 
0.720000 0.980000 0.000118 
0.720000 1.000000 0.294343 
0.740000 0.000000 35.030589 
0.740000 0.020000 0.014012 
0.740000 0.040000 0.005533 
0.740000 0.060000 0.002267 
0.740000 0.080000 0.001014 
0.740000 0.100000 0.000538 
0.740000 0.120000 0.000363 
0.740000 0.140000 0.000302 
0.740000 0.160000 0.000285 
0.740000 0.180000 0.000285 
0.740000 0.200000 0.000291 
0.740000 0.220000 0.000298 
0.740000 0.240000 0.000306 
0.740000 0.260000 0.000314 
0.740000 0.280000 0.000321 
0.740000 0.300000 0.000328 
0.740000 0.320000 0.000334 
0.740000 0.340000 0.000340 
0.740000 0.360000 0.000344 
0.740000 0.380000 0.000348 
0.740000 0.400000 0.000352 
0.740000 0.420000 0.000355 
0.740000 0.440000 0.000357 
0.740000 0.460000 0.000359 
0.740000 0.480000 0.000360 
0.740000 0.500000 0.000360 
0.740000 0.520000 0.000360 
0.740000 0.540000 0.000359 
0.740000 0.560000 0.000357 
0.740000 0.580000 0.000355 
0.740000 0.600000 0.000352 
0.740000 0.620000 0.000348 
0.740000 0.640000 0.000344 
0.740000 0.660000 0.000340 
0.740000 0.680000 0.000334 
0.740000 0.700000 0.000328 
0.740000 0.720000 0.000321 
0.740000 0.740000 0.000314 
0.740000 0.760000 0.000306 
0.740000 0.780000 0.000297 
0.740000 0.800000 0.000288 
0.740000 0.820000 0.000278 
0.740000 0.840000 0.000267 
0.740000 0.860000 0.000256 
0.740000 0.880000 0.000244 
0.740000 0.900000 0.000231 
0.740000 0.920000 0.000215 
0.740000 0.940000 0.000196 
0.740000 0.960000 0.000167 
0.740000 0.980000 0.000113 
0.740000 1.000000 0.283687 
0.760000 0.000000 34.061177 
0.760000 0.020000 0.013624 
0.760000 0.040000 0.005385 
0.760000 0.060000 0.002208 
0.760000 0.080000 0.000988 
0.760000 0.100000 0.000524 
0.760000 0.120000 0.000353 
0.760000 0.140000 0.000294 
0.760000 0.160000 0.000277 
0.760000 0.180000 0.000277 
0.760000 0.200000 0.000283 
0.760000 0.220000 0.000291 
0.760000 0.240000 0.000299 
0.760000 0.260000 0.000307 
0.760000 0.280000 0.000314 
0.760000 0.300000 0.000321 
0.760000 0.320000 0.000327 
0.760000 0.340000 0.000332 
0.760000 0.360000 0.000337 
0.760000 0.380000 0.000341 
0.760000 0.400000 0.000345 
0.760000 0.420000 0.000348 
0.760000 0.440000 0.000350 
0.760000 0.460000 0.000351 
0.760000 0.480000 0.000352 
0.760000 0.500000 0.000353 
0.760000 0.520000 0.000352 
0.760000 0.540000 0.000351 
0.760000 0.560000 0.000350 
0.760000 0.580000 0.000348 
0.760000 0.600000 0.000345 
0.760000 0.620000 0.000341 
0.760000 0.640000 0.000337 
0.760000 0.660000 0.000332 
0.760000 0.680000 0.000327 
0.760000 0.700000 0.000321 
0.760000 0.720000 0.000314 
0.760000 0.740000 0.000307 
0.760000 0.760000 0.000299 
0.760000 0.780000 0.000290 
0.760000 0.800000 0.000281 
0.760000 0.820000 0.000271 
0.760000 0.840000 0.000260 
0.760000 0.860000 0.000249 
0.760000 0.880000 0.000237 
0.760000 0.900000 0.000223 
0.760000 0.920000 0.000208 
0.760000 0.940000 0.000189 
0.760000 0.960000 0.000160 
0.760000 0.980000 0.000109 
0.760000 1.000000 0.272042 
0.780000 0.000000 33.013034 
0.780000 0.020000 0.013205 
0.780000 0.040000 0.005226 
0.780000 0.060000 0.002144 
0.780000 0.080000 0.000959 
0.780000 0.100000 0.000509 
0.780000 0.120000 0.000342 
0.780000 0.140000 0.000284 
0.780000 0.160000 0.000269 
0.780000 0.180000 0.000269 
0.780000 0.200000 0.000275 
0.780000 0.220000 0.000283 
0.780000 0.240000 0.000291 
0.780000 0.260000 0.000299 
0.780000 0.280000 0.000306 
0.780000 0.300000 0.000313 
0.780000 0.320000 0.000319 
0.780000 0.340000 0.000324 
0.780000 0.360000 0.000329 
0.780000 0.380000 0.000333 
0.780000 0.400000 0.000337 
0.780000 0.420000 0.000340 
0.780000 0.440000 0.000342 
0.780000 0.460000 0.000343 
0.780000 0.480000 0.000344 
0.780000 0.500000 0.000345 
0.780000 0.520000 0.000344 
0.780000 0.540000 0.000343 
0.780000 0.560000 0.000342 
0.780000 0.580000 0.000340 
0.780000 0.600000 0.000337 
0.780000 0.620000 0.000333 
0.780000 0.640000 0.000329 
0.780000 0.660000 0.000324 
0.780000 0.680000 0.000319 
0.780000 0.700000 0.000313 
0.780000 0.720000 0.000306 
0.780000 0.740000 0.000299 
0.780000 0.760000 0.000291 
0.780000 0.780000 0.000282 
0.780000 0.800000 0.000273 
0.780000 0.820000 0.000263 
0.780000 0.840000 0.000252 
0.780000 0.860000 0.000241 
0.780000 0.880000 0.000229 
0.780000 0.900000 0.000215 
0.780000 0.920000 0.000200 
0.780000 0.940000 0.000181 
0.780000 0.960000 0.000153 
0.780000 0.980000 0.000104 
0.780000 1.000000 0.259408 
0.800000 0.000000 31.884518 
0.800000 0.020000 0.012754 
0.800000 0.040000 0.005053 
0.800000 0.060000 0.002074 
0.800000 0.080000 0.000928 
0.800000 0.100000 0.000492 
0.800000 0.120000 0.000330 
0.800000 0.140000 0.000275 
0.800000 0.160000 0.000260 
0.800000 0.180000 0.000260 
0.800000 0.200000 0.000266 
0.800000 0.220000 0.000274 
0.800000 0.240000 0.000282 
0.800000 0.260000 0.000290 
0.800000 0.280000 0.000297 
0.800000 0.300000 0.000304 
0.800000 0.320000 0.000310 
0.800000 0.340000 0.000316 
0.800000 0.360000 0.000320 
0.800000 0.380000 0.000324 
0.800000 0.400000 0.000328 
0.800000 0.420000 0.000331 
0.800000 0.440000 0.000333 
0.800000 0.460000 0.000335 
0.800000 0.480000 0.000336 
0.800000 0.500000 0.000336 
0.800000 0.520000 0.000336 
0.800000 0.540000 0.000335 
0.800000 0.560000 0.000333 
0.800000 0.580000 0.000331 
0.800000 0.600000 0.000328 
0.800000 0.620000 0.000324 
0.800000 0.640000 0.000320 
0.800000 0.660000 0.000316 
0.800000 0.680000 0.000310 
0.800000 0.700000 0.000304 
0.800000 0.720000 0.000297 
0.800000 0.740000 0.000290 
0.800000 0.760000 0.000282 
0.800000 0.780000 0.000273 
0.800000 0.800000 0.000264 
0.800000 0.820000 0.000254 
0.800000 0.840000 0.000243 
0.800000 0.860000 0.000232 
0.800000 0.880000 0.000220 
0.800000 0.900000 0.000207 
0.800000 0.920000 0.000192 
0.800000 0.940000 0.000173 
0.800000 0.960000 0.000146 
0.800000 0.980000 0.000098 
0.800000 1.000000 0.245785 
0.820000 0.000000 30.671933 
0.820000 0.020000 0.012269 
0.820000 0.040000 0.004868 
0.820000 0.060000 0.002000 
0.820000 0.080000 0.000895 
0.820000 0.100000 0.000474 
0.820000 0.120000 0.000318 
0.820000 0.140000 0.000264 
0.820000 0.160000 0.000250 
0.820000 0.180000 0.000251 
0.820000 0.200000 0.000257 
0.820000 0.220000 0.000265 
0.820000 0.240000 0.000273 
0.820000 0.260000 0.000281 
0.820000 0.280000 0.000288 
0.820000 0.300000 0.000295 
0.820000 0.320000 0.000301 
0.820000 0.340000 0.000306 
0.820000 0.360000 0.000311 
0.820000 0.380000 0.000315 
0.820000 0.400000 0.000319 
0.820000 0.420000 0.000322 
0.820000 0.440000 0.000324 
0.820000 0.460000 0.000325 
0.820000 0.480000 0.000326 
0.820000 0.500000 0.000327 
0.820000 0.520000 0.000326 
0.820000 0.540000 0.000325 
0.820000 0.560000 0.000324 
0.820000 0.580000 0.000322 
0.820000 0.600000 0.000319 
0.820000 0.620000 0.000315 
0.820000 0.640000 0.000311 
0.820000 0.660000 0.000306 
0.820000 0.680000 0.000301 
0.820000 0.700000 0.000295 
0.820000 0.720000 0.000288 
0.820000 0.740000 0.000281 
0.820000 0.760000 0.000273 
0.820000 0.780000 0.000264 
0.820000 0.800000 0.000255 
0.820000 0.820000 0.000245 
0.820000 0.840000 0.000234 
0.820000 0.860000 0.000223 
0.820000 0.880000 0.000211 
0.820000 0.900000 0.000198 
0.820000 0.920000 0.000183 
0.820000 0.940000 0.000164 
0.820000 0.960000 0.000138 
0.820000 0.980000 0.000092 
0.820000 1.000000 0.231173 
0.840000 0.000000 29.366977 
0.840000 0.020000 0.011747 
0.840000 0.040000 0.004668 
0.840000 0.060000 0.001920 
0.840000 0.080000 0.000859 
0.840000 0.100000 0.000454 
0.840000 0.120000 0.000304 
0.840000 0.140000 0.000253 
0.840000 0.160000 0.000240 
0.840000 0.180000 0.000241 
0.840000 0.200000 0.000247 
0.840000 0.220000 0.000255 
0.840000 0.240000 0.000263 
0.840000 0.260000 0.000271 
0.840000 0.280000 0.000278 
0.840000 0.300000 0.000285 
0.840000 0.320000 0.000291 
0.840000 0.340000 0.000296 
0.840000 0.360000 0.000301 
0.840000 0.380000 0.000305 
0.840000 0.400000 0.000309 
0.840000 0.420000 0.000312 
0.840000 0.440000 0.000314 
0.840000 0.460000 0.000316 
0.840000 0.480000 0.000316 
0.840000 0.500000 0.000317 
0.840000 0.520000 0.000316 
0.840000 0.540000 0.000316 
0.840000 0.560000 0.000314 
0.840000 0.580000 0.000312 
0.840000 0.600000 0.000309 
0.840000 0.620000 0.000305 
0.840000 0.640000 0.000301 
0.840000 0.660000 0.000296 
0.840000 0.680000 0.000291 
0.840000 0.700000 0.000285 
0.840000 0.720000 0.000278 
0.840000 0.740000 0.000271 
0.840000 0.760000 0.000263 
0.840000 0.780000 0.000254 
0.840000 0.800000 0.000245 
0.840000 0.820000 0.000235 
0.840000 0.840000 0.000224 
0.840000 0.860000 0.000213 
0.840000 0.880000 0.000201 
0.840000 0.900000 0.000188 
0.840000 0.920000 0.000173 
0.840000 0.940000 0.000155 
0.840000 0.960000 0.000129 
0.840000 0.980000 0.000086 
0.840000 1.000000 0.215573 
0.860000 0.000000 27.950996 
0.860000 0.020000 0.011180 
0.860000 0.040000 0.004452 
0.860000 0.060000 0.001833 
0.860000 0.080000 0.000820 
0.860000 0.100000 0.000433 
0.860000 0.120000 0.000290 
0.860000 0.140000 0.000241 
0.860000 0.160000 0.000229 
0.860000 0.180000 0.000230 
0.860000 0.200000 0.000236 
0.860000 0.220000 0.000244 
0.860000 0.240000 0.000252 
0.860000 0.260000 0.000260 
0.860000 0.280000 0.000268 
0.860000 0.300000 0.000274 
0.860000 0.320000 0.000280 
0.860000 0.340000 0.000286 
0.860000 0.360000 0.000291 
0.860000 0.380000 0.000295 
0.860000 0.400000 0.000298 
0.860000 0.420000 0.000301 
0.860000 0.440000 0.000303 
0.860000 0.460000 0.000305 
0.860000 0.480000 0.000306 
0.860000 0.500000 0.000306 
0.860000 0.520000 0.000306 
0.860000 0.540000 0.000305 
0.860000 0.560000 0.000303 
0.860000 0.580000 0.000301 
0.860000 0.600000 0.000298 
0.860000 0.620000 0.000295 
0.860000 0.640000 0.000291 
0.860000 0.660000 0.000286 
0.860000 0.680000 0.000280 
0.860000 0.700000 0.000274 
0.860000 0.720000 0.000268 
0.860000 0.740000 0.000260 
0.860000 0.760000 0.000252 
0.860000 0.780000 0.000244 
0.860000 0.800000 0.000234 
0.860000 0.820000 0.000224 
0.860000 0.840000 0.000214 
0.860000 0.860000 0.000202 
0.860000 0.880000 0.000190 
0.860000 0.900000 0.000177 
0.860000 0.920000 0.000162 
0.860000 0.940000 0.000145 
0.860000 0.960000 0.000120 
0.860000 0.980000 0.000080 
0.860000 1.000000 0.198983 
0.880000 0.000000 26.382073 
0.880000 0.020000 0.010553 
0.880000 0.040000 0.004215 
0.880000 0.060000 0.001739 
0.880000 0.080000 0.000778 
0.880000 0.100000 0.000411 
0.880000 0.120000 0.000274 
0.880000 0.140000 0.000228 
0.880000 0.160000 0.000217 
0.880000 0.180000 0.000219 
0.880000 0.200000 0.000225 
0.880000 0.220000 0.000233 
0.880000 0.240000 0.000241 
0.880000 0.260000 0.000249 
0.880000 0.280000 0.000256 
0.880000 0.300000 0.000263 
0.880000 0.320000 0.000269 
0.880000 0.340000 0.000275 
0.880000 0.360000 0.000279 
0.880000 0.380000 0.000284 
0.880000 0.400000 0.000287 
0.880000 0.420000 0.000290 
0.880000 0.440000 0.000292 
0.880000 0.460000 0.000294 
0.880000 0.480000 0.000295 
0.880000 0.500000 0.000295 
0.880000 0.520000 0.000295 
0.880000 0.540000 0.000294 
0.880000 0.560000 0.000292 
0.880000 0.580000 0.000290 
0.880000 0.600000 0.000287 
0.880000 0.620000 0.000284 
0.880000 0.640000 0.000279 
0.880000 0.660000 0.000275 
0.880000 0.680000 0.000269 
0.880000 0.700000 0.000263 
0.880000 0.720000 0.000256 
0.880000 0.740000 0.000249 
0.880000 0.760000 0.000241 
0.880000 0.780000 0.000232 
0.880000 0.800000 0.000223 
0.880000 0.820000 0.000213 
0.880000 0.840000 0.000203 
0.880000 0.860000 0.000191 
0.880000 0.880000 0.000179 
0.880000 0.900000 0.000166 
0.880000 0.920000 0.000151 
0.880000 0.940000 0.000134 
0.880000 0.960000 0.000110 
0.880000 0.980000 0.000073 
0.880000 1.000000 0.181405 
0.900000 0.000000 24.566023 
0.900000 0.020000 0.009826 
0.900000 0.040000 0.003944 
0.900000 0.060000 0.001633 
0.900000 0.080000 0.000732 
0.900000 0.100000 0.000386 
0.900000 0.120000 0.000258 
0.900000 0.140000 0.000215 
0.900000 0.160000 0.000204 
0.900000 0.180000 0.000207 
0.900000 0.200000 0.000213 
0.900000 0.220000 0.000221 
0.900000 0.240000 0.000229 
0.900000 0.260000 0.000237 
0.900000 0.280000 0.000245 
0.900000 0.300000 0.000251 
0.900000 0.320000 0.000257 
0.900000 0.340000 0.000263 
0.900000 0.360000 0.000268 
0.900000 0.380000 0.000272 
0.900000 0.400000 0.000275 
0.900000 0.420000 0.000278 
0.900000 0.440000 0.000280 
0.900000 0.460000 0.000282 
0.900000 0.480000 0.000283 
0.900000 0.500000 0.000283 
0.900000 0.520000 0.000283 
0.900000 0.540000 0.000282 
0.900000 0.560000 0.000280 
0.900000 0.580000 0.000278 
0.900000 0.600000 0.000275 
0.900000 0.620000 0.000272 
0.900000 0.640000 0.000268 
0.900000 0.660000 0.000263 
0.900000 0.680000 0.000257 
0.900000 0.700000 0.000251 
0.900000 0.720000 0.000244 
0.900000 0.740000 0.000237 
0.900000 0.760000 0.000229 
0.900000 0.780000 0.000220 
0.900000 0.800000 0.000211 
0.900000 0.820000 0.000201 
0.900000 0.840000 0.000191 
0.900000 0.860000 0.000179 
0.900000 0.880000 0.000167 
0.900000 0.900000 0.000154 
0.900000 0.920000 0.000140 
0.900000 0.940000 0.000123 
0.900000 0.960000 0.000100 
0.900000 0.980000 0.000065 
0.900000 1.000000 0.162838 
0.920000 0.000000 22.291214 
0.920000 0.020000 0.008916 
0.920000 0.040000 0.003615 
0.920000 0.060000 0.001508 
0.920000 0.080000 0.000679 
0.920000 0.100000 0.000359 
0.920000 0.120000 0.000240 
0.920000 0.140000 0.000200 
0.920000 0.160000 0.000191 
0.920000 0.180000 0.000194 
0.920000 0.200000 0.000201 
0.920000 0.220000 0.000209 
0.920000 0.240000 0.000217 
0.920000 0.260000 0.000225 
0.920000 0.280000 0.000232 
0.920000 0.300000 0.000239 
0.920000 0.320000 0.000245 
0.920000 0.340000 0.000250 
0.920000 0.360000 0.000255 
0.920000 0.380000 0.000259 
0.920000 0.400000 0.000263 
0.920000 0.420000 0.000266 
0.920000 0.440000 0.000268 
0.920000 0.460000 0.000269 
0.920000 0.480000 0.000270 
0.920000 0.500000 0.000271 
0.920000 0.520000 0.000270 
0.920000 0.540000 0.000269 
0.920000 0.560000 0.000268 
0.920000 0.580000 0.000266 
0.920000 0.600000 0.000263 
0.920000 0.620000 0.000259 
0.920000 0.640000 0.000255 
0.920000 0.660000 0.000250 
0.920000 0.680000 0.000245 
0.920000 0.700000 0.000239 
0.920000 0.720000 0.000232 
0.920000 0.740000 0.000225 
0.920000 0.760000 0.000217 
0.920000 0.780000 0.000208 
0.920000 0.800000 0.000199 
0.920000 0.820000 0.000189 
0.920000 0.840000 0.000178 
0.920000 0.860000 0.000167 
0.920000 0.880000 0.000155 
0.920000 0.900000 0.000142 
0.920000 0.920000 0.000128 
0.920000 0.940000 0.000111 
0.920000 0.960000 0.000090 
0.920000 0.980000 0.000057 
0.920000 1.000000 0.143282 
0.940000 0.000000 19.082114 
0.940000 0.020000 0.007633 
0.940000 0.040000 0.003167 
0.940000 0.060000 0.001345 
0.940000 0.080000 0.000614 
0.940000 0.100000 0.000328 
0.940000 0.120000 0.000221 
0.940000 0.140000 0.000185 
0.940000 0.160000 0.000177 
0.940000 0.180000 0.000180 
0.940000 0.200000 0.000187 
0.940000 0.220000 0.000196 
0.940000 0.240000 0.000204 
0.940000 0.260000 0.000212 
0.940000 0.280000 0.000219 
0.940000 0.300000 0.000226 
0.940000 0.320000 0.000232 
0.940000 0.340000 0.000237 
0.940000 0.360000 0.000242 
0.940000 0.380000 0.000246 
0.940000 0.400000 0.000250 
0.940000 0.420000 0.000252 
0.940000 0.440000 0.000255 
0.940000 0.460000 0.000256 
0.940000 0.480000 0.000257 
0.940000 0.500000 0.000258 
0.940000 0.520000 0.000257 
0.940000 0.540000 0.000256 
0.940000 0.560000 0.000255 
0.940000 0.580000 0.000252 
0.940000 0.600000 0.000250 
0.940000 0.620000 0.000246 
0.940000 0.640000 0.000242 
0.940000 0.660000 0.000237 
0.940000 0.680000 0.000232 
0.940000 0.700000 0.000226 
0.940000 0.720000 0.000219 
0.940000 0.740000 0.000212 
0.940000 0.760000 0.000204 
0.940000 0.780000 0.000195 
0.940000 0.800000 0.000186 
0.940000 0.820000 0.000176 
0.940000 0.840000 0.000165 
0.940000 0.860000 0.000154 
0.940000 0.880000 0.000142 
0.940000 0.900000 0.000129 
0.940000 0.920000 0.000115 
0.940000 0.940000 0.000099 
0.940000 0.960000 0.000078 
0.940000 0.980000 0.000049 
0.940000 1.000000 0.122737 
0.960000 0.000000 13.870210 
0.960000 0.020000 0.005548 
0.960000 0.040000 0.002470 
0.960000 0.060000 0.001104 
0.960000 0.080000 0.000524 
0.960000 0.100000 0.000288 
0.960000 0.120000 0.000198 
0.960000 0.140000 0.000168 
0.960000 0.160000 0.000163 
0.960000 0.180000 0.000166 
0.960000 0.200000 0.000174 
0.960000 0.220000 0.000182 
0.960000 0.240000 0.000190 
0.960000 0.260000 0.000198 
0.960000 0.280000 0.000205 
0.960000 0.300000 0.000212 
0.960000 0.320000 0.000218 
0.960000 0.340000 0.000223 
0.960000 0.360000 0.000228 
0.960000 0.380000 0.000232 
0.960000 0.400000 0.000236 
0.960000 0.420000 0.000239 
0.960000 0.440000 0.000241 
0.960000 0.460000 0.000243 
0.960000 0.480000 0.000244 
0.960000 0.500000 0.000244 
0.960000 0.520000 0.000244 
0.960000 0.540000 0.000243 
0.960000 0.560000 0.000241 
0.960000 0.580000 0.000239 
0.960000 0.600000 0.000236 
0.960000 0.620000 0.000232 
0.960000 0.640000 0.000228 
0.960000 0.660000 0.000223 
0.960000 0.680000 0.000218 
0.960000 0.700000 0.000212 
0.960000 0.720000 0.000205 
0.960000 0.740000 0.000198 
0.960000 0.760000 0.000190 
0.960000 0.780000 0.000181 
0.960000 0.800000 0.000172 
0.960000 0.820000 0.000162 
0.960000 0.840000 0.000151 
0.960000 0.860000 0.000140 
0.960000 0.880000 0.000128 
0.960000 0.900000 0.000115 
0.960000 0.920000 0.000101 
0.960000 0.940000 0.000086 
0.960000 0.960000 0.000066 
0.960000 0.980000 0.000040 
0.960000 1.000000 0.101203 
0.980000 0.000000 4.254577 
0.980000 0.020000 0.001702 
0.980000 0.040000 0.001228 
0.980000 0.060000 0.000693 
0.980000 0.080000 0.000381 
0.980000 0.100000 0.000232 
0.980000 0.120000 0.000170 
0.980000 0.140000 0.000149 
0.980000 0.160000 0.000147 
0.980000 0.180000 0.000151 
0.980000 0.200000 0.000159 
0.980000 0.220000 0.000167 
0.980000 0.240000 0.000176 
0.980000 0.260000 0.000183 
0.980000 0.280000 0.000191 
0.980000 0.300000 0.000197 
0.980000 0.320000 0.000204 
0.980000 0.340000 0.000209 
0.980000 0.360000 0.000214 
0.980000 0.380000 0.000218 
0.980000 0.400000 0.000221 
0.980000 0.420000 0.000224 
0.980000 0.440000 0.000227 
0.980000 0.460000 0.000228 
0.980000 0.480000 0.000229 
0.980000 0.500000 0.000229 
0.980000 0.520000 0.000229 
0.980000 0.540000 0.000228 
0.980000 0.560000 0.000227 
0.980000 0.580000 0.000224 
0.980000 0.600000 0.000221 
0.980000 0.620000 0.000218 
0.980000 0.640000 0.000214 
0.980000 0.660000 0.000209 
0.980000 0.680000 0.000204 
0.980000 0.700000 0.000197 
0.980000 0.720000 0.000191 
0.980000 0.740000 0.000183 
0.980000 0.760000 0.000175 
0.980000 0.780000 0.000167 
0.980000 0.800000 0.000157 
0.980000 0.820000 0.000148 
0.980000 0.840000 0.000137 
0.980000 0.860000 0.000126 
0.980000 0.880000 0.000114 
0.980000 0.900000 0.000101 
0.980000 0.920000 0.000087 
0.980000 0.940000 0.000072 
0.980000 0.960000 0.000054 
0.980000 0.980000 0.000031 
0.980000 1.000000 0.078681 
1.000000 0.000000 0.000000 
1.000000 0.020000 4.254577 
1.000000 0.040000 3.069696 
1.000000 0.060000 1.733157 
1.000000 0.080000 0.951970 
1.000000 0.100000 0.578879 
1.000000 0.120000 0.424245 
1.000000 0.140000 0.372730 
1.000000 0.160000 0.366384 
1.000000 0.180000 0.378540 
1.000000 0.200000 0.397518 
1.000000 0.220000 0.418365 
1.000000 0.240000 0.439022 
1.000000 0.260000 0.458646 
1.000000 0.280000 0.476897 
1.000000 0.300000 0.493638 
1.000000 0.320000 0.508815 
1.000000 0.340000 0.522406 
1.000000 0.360000 0.534402 
1.000000 0.380000 0.544801 
1.000000 0.400000 0.553600 
1.000000 0.420000 0.560800 
1.000000 0.440000 0.566400 
1.000000 0.460000 0.570400 
1.000000 0.480000 0.572800 
1.000000 0.500000 0.573600 
1.000000 0.520000 0.572800 
1.000000 0.540000 0.570400 
1.000000 0.560000 0.566400 
1.000000 0.580000 0.560800 
1.000000 0.600000 0.553600 
1.000000 0.620000 0.544800 
1.000000 0.640000 0.534400 
1.000000 0.660000 0.522400 
1.000000 0.680000 0.508800 
1.000000 0.700000 0.493600 
1.000000 0.720000 0.476800 
1.000000 0.740000 0.458399 
1.000000 0.760000 0.438398 
1.000000 0.780000 0.416794 
1.000000 0.800000 0.393586 
1.000000 0.820000 0.368765 
1.000000 0.840000 0.342314 
1.000000 0.860000 0.314190 
1.000000 0.880000 0.284293 
1.000000 0.900000 0.252388 
1.000000 0.920000 0.217935 
1.000000 0.940000 0.179723 
1.000000 0.960000 0.135120 
1.000000 0.980000 0.078681 
1.000000 1.000000 0.000000 
