0.000000 0.000000 343.000000 
0.000000 0.000500 347.305035 
0.000000 0.001000 343.000000 
0.000000 0.001500 343.000000 
0.000000 0.002000 343.000000 
0.000000 0.002500 343.000000 
0.000000 0.003000 343.000000 
0.000000 0.003500 343.000000 
0.000000 0.004000 343.000000 
0.000000 0.004500 343.000000 
0.000000 0.005000 343.000000 
0.000000 0.005500 343.000000 
0.000000 0.006000 343.000000 
0.000000 0.006500 343.000000 
0.000000 0.007000 343.000000 
0.000000 0.007500 343.000000 
0.000000 0.008000 343.000000 
0.000000 0.008500 343.000000 
0.000000 0.009000 343.000000 
0.000000 0.009500 343.000000 
0.000000 0.010000 343.000000 
0.000000 0.010500 343.000000 
0.000000 0.011000 343.000000 
0.000000 0.011500 343.000000 
0.000000 0.012000 343.000000 
0.000000 0.012500 343.000000 
0.000000 0.013000 343.000000 
0.000000 0.013500 343.000000 
0.000000 0.014000 343.000000 
0.000000 0.014500 343.000000 
0.000000 0.015000 343.000000 
0.000000 0.015500 343.000000 
0.000000 0.016000 343.000000 
0.000000 0.016500 343.000000 
0.000000 0.017000 343.000000 
0.000000 0.017500 343.000000 
0.000000 0.018000 343.000000 
0.000000 0.018500 343.000000 
0.000000 0.019000 343.000000 
0.000000 0.019500 343.000000 
0.000000 0.020000 343.000000 
0.000000 0.020500 343.000000 
0.000000 0.021000 343.000000 
0.000000 0.021500 343.000000 
0.000000 0.022000 343.000000 
0.000000 0.022500 343.000000 
0.000000 0.023000 343.000000 
0.000000 0.023500 343.000000 
0.000000 0.024000 343.000000 
0.000000 0.024500 343.000000 
0.000000 0.025000 343.000000 
0.000500 0.000000 346.151504 
0.000500 0.000500 0.000008 
0.000500 0.001000 0.000002 
0.000500 0.001500 0.000001 
0.000500 0.002000 0.000000 
0.000500 0.002500 0.000000 
0.000500 0.003000 0.000000 
0.000500 0.003500 0.000000 
0.000500 0.004000 0.000000 
0.000500 0.004500 0.000000 
0.000500 0.005000 0.000000 
0.000500 0.005500 0.000000 
0.000500 0.006000 0.000000 
0.000500 0.006500 0.000000 
0.000500 0.007000 0.000000 
0.000500 0.007500 0.000000 
0.000500 0.008000 0.000000 
0.000500 0.008500 0.000000 
0.000500 0.009000 0.000000 
0.000500 0.009500 0.000000 
0.000500 0.010000 0.000000 
0.000500 0.010500 0.000000 
0.000500 0.011000 0.000000 
0.000500 0.011500 0.000000 
0.000500 0.012000 0.000000 
0.000500 0.012500 0.000000 
0.000500 0.013000 0.000000 
0.000500 0.013500 0.000000 
0.000500 0.014000 0.000000 
0.000500 0.014500 0.000000 
0.000500 0.015000 0.000000 
0.000500 0.015500 0.000000 
0.000500 0.016000 0.000000 
0.000500 0.016500 0.000000 
0.000500 0.017000 0.000000 
0.000500 0.017500 0.000000 
0.000500 0.018000 0.000000 
0.000500 0.018500 0.000000 
0.000500 0.019000 0.000000 
0.000500 0.019500 0.000000 
0.000500 0.020000 0.000000 
0.000500 0.020500 0.000000 
0.000500 0.021000 0.000000 
0.000500 0.021500 0.000000 
0.000500 0.022000 0.000000 
0.000500 0.022500 0.000000 
0.000500 0.023000 0.000000 
0.000500 0.023500 0.000000 
0.000500 0.024000 0.000000 
0.000500 0.024500 0.000000 
0.000500 0.025000 343.000000 
0.001000 0.000000 351.277074 
0.001000 0.000500 0.000021 
0.001000 0.001000 0.000006 
0.001000 0.001500 0.000002 
0.001000 0.002000 0.000001 
0.001000 0.002500 0.000000 
0.001000 0.003000 0.000000 
0.001000 0.003500 0.000000 
0.001000 0.004000 0.000000 
0.001000 0.004500 0.000000 
0.001000 0.005000 0.000000 
0.001000 0.005500 0.000000 
0.001000 0.006000 0.000000 
0.001000 0.006500 0.000000 
0.001000 0.007000 0.000000 
0.001000 0.007500 0.000000 
0.001000 0.008000 0.000000 
0.001000 0.008500 0.000000 
0.001000 0.009000 0.000000 
0.001000 0.009500 0.000000 
0.001000 0.010000 0.000000 
0.001000 0.010500 0.000000 
0.001000 0.011000 0.000000 
0.001000 0.011500 0.000000 
0.001000 0.012000 0.000000 
0.001000 0.012500 0.000000 
0.001000 0.013000 0.000000 
0.001000 0.013500 0.000000 
0.001000 0.014000 0.000000 
0.001000 0.014500 0.000000 
0.001000 0.015000 0.000000 
0.001000 0.015500 0.000000 
0.001000 0.016000 0.000000 
0.001000 0.016500 0.000000 
0.001000 0.017000 0.000000 
0.001000 0.017500 0.000000 
0.001000 0.018000 0.000000 
0.001000 0.018500 0.000000 
0.001000 0.019000 0.000000 
0.001000 0.019500 0.000000 
0.001000 0.020000 0.000000 
0.001000 0.020500 0.000000 
0.001000 0.021000 0.000000 
0.001000 0.021500 0.000000 
0.001000 0.022000 0.000000 
0.001000 0.022500 0.000000 
0.001000 0.023000 0.000000 
0.001000 0.023500 0.000000 
0.001000 0.024000 0.000000 
0.001000 0.024500 0.000000 
0.001000 0.025000 343.000000 
0.001500 0.000000 362.114550 
0.001500 0.000500 0.000049 
0.001500 0.001000 0.000015 
0.001500 0.001500 0.000005 
0.001500 0.002000 0.000001 
0.001500 0.002500 0.000000 
0.001500 0.003000 0.000000 
0.001500 0.003500 0.000000 
0.001500 0.004000 0.000000 
0.001500 0.004500 0.000000 
0.001500 0.005000 0.000000 
0.001500 0.005500 0.000000 
0.001500 0.006000 0.000000 
0.001500 0.006500 0.000000 
0.001500 0.007000 0.000000 
0.001500 0.007500 0.000000 
0.001500 0.008000 0.000000 
0.001500 0.008500 0.000000 
0.001500 0.009000 0.000000 
0.001500 0.009500 0.000000 
0.001500 0.010000 0.000000 
0.001500 0.010500 0.000000 
0.001500 0.011000 0.000000 
0.001500 0.011500 0.000000 
0.001500 0.012000 0.000000 
0.001500 0.012500 0.000000 
0.001500 0.013000 0.000000 
0.001500 0.013500 0.000000 
0.001500 0.014000 0.000000 
0.001500 0.014500 0.000000 
0.001500 0.015000 0.000000 
0.001500 0.015500 0.000000 
0.001500 0.016000 0.000000 
0.001500 0.016500 0.000000 
0.001500 0.017000 0.000000 
0.001500 0.017500 0.000000 
0.001500 0.018000 0.000000 
0.001500 0.018500 0.000000 
0.001500 0.019000 0.000000 
0.001500 0.019500 0.000000 
0.001500 0.020000 0.000000 
0.001500 0.020500 0.000000 
0.001500 0.021000 0.000000 
0.001500 0.021500 0.000000 
0.001500 0.022000 0.000000 
0.001500 0.022500 0.000000 
0.001500 0.023000 0.000000 
0.001500 0.023500 0.000000 
0.001500 0.024000 0.000000 
0.001500 0.024500 0.000000 
0.001500 0.025000 343.000000 
0.002000 0.000000 386.194279 
0.002000 0.000500 0.000110 
0.002000 0.001000 0.000034 
0.002000 0.001500 0.000010 
0.002000 0.002000 0.000003 
0.002000 0.002500 0.000001 
0.002000 0.003000 0.000000 
0.002000 0.003500 0.000000 
0.002000 0.004000 0.000000 
0.002000 0.004500 0.000000 
0.002000 0.005000 0.000000 
0.002000 0.005500 0.000000 
0.002000 0.006000 0.000000 
0.002000 0.006500 0.000000 
0.002000 0.007000 0.000000 
0.002000 0.007500 0.000000 
0.002000 0.008000 0.000000 
0.002000 0.008500 0.000000 
0.002000 0.009000 0.000000 
0.002000 0.009500 0.000000 
0.002000 0.010000 0.000000 
0.002000 0.010500 0.000000 
0.002000 0.011000 0.000000 
0.002000 0.011500 0.000000 
0.002000 0.012000 0.000000 
0.002000 0.012500 0.000000 
0.002000 0.013000 0.000000 
0.002000 0.013500 0.000000 
0.002000 0.014000 0.000000 
0.002000 0.014500 0.000000 
0.002000 0.015000 0.000000 
0.002000 0.015500 0.000000 
0.002000 0.016000 0.000000 
0.002000 0.016500 0.000000 
0.002000 0.017000 0.000000 
0.002000 0.017500 0.000000 
0.002000 0.018000 0.000000 
0.002000 0.018500 0.000000 
0.002000 0.019000 0.000000 
0.002000 0.019500 0.000000 
0.002000 0.020000 0.000000 
0.002000 0.020500 0.000000 
0.002000 0.021000 0.000000 
0.002000 0.021500 0.000000 
0.002000 0.022000 0.000000 
0.002000 0.022500 0.000000 
0.002000 0.023000 0.000000 
0.002000 0.023500 0.000000 
0.002000 0.024000 0.000000 
0.002000 0.024500 0.000000 
0.002000 0.025000 343.000000 
0.002500 0.000000 440.179286 
0.002500 0.000500 0.000248 
0.002500 0.001000 0.000076 
0.002500 0.001500 0.000023 
0.002500 0.002000 0.000007 
0.002500 0.002500 0.000002 
0.002500 0.003000 0.000001 
0.002500 0.003500 0.000000 
0.002500 0.004000 0.000000 
0.002500 0.004500 0.000000 
0.002500 0.005000 0.000000 
0.002500 0.005500 0.000000 
0.002500 0.006000 0.000000 
0.002500 0.006500 0.000000 
0.002500 0.007000 0.000000 
0.002500 0.007500 0.000000 
0.002500 0.008000 0.000000 
0.002500 0.008500 0.000000 
0.002500 0.009000 0.000000 
0.002500 0.009500 0.000000 
0.002500 0.010000 0.000000 
0.002500 0.010500 0.000000 
0.002500 0.011000 0.000000 
0.002500 0.011500 0.000000 
0.002500 0.012000 0.000000 
0.002500 0.012500 0.000000 
0.002500 0.013000 0.000000 
0.002500 0.013500 0.000000 
0.002500 0.014000 0.000000 
0.002500 0.014500 0.000000 
0.002500 0.015000 0.000000 
0.002500 0.015500 0.000000 
0.002500 0.016000 0.000000 
0.002500 0.016500 0.000000 
0.002500 0.017000 0.000000 
0.002500 0.017500 0.000000 
0.002500 0.018000 0.000000 
0.002500 0.018500 0.000000 
0.002500 0.019000 0.000000 
0.002500 0.019500 0.000000 
0.002500 0.020000 0.000000 
0.002500 0.020500 0.000000 
0.002500 0.021000 0.000000 
0.002500 0.021500 0.000000 
0.002500 0.022000 0.000000 
0.002500 0.022500 0.000000 
0.002500 0.023000 0.000000 
0.002500 0.023500 0.000000 
0.002500 0.024000 0.000000 
0.002500 0.024500 0.000000 
0.002500 0.025000 343.000000 
0.003000 0.000000 561.423678 
0.003000 0.000500 0.000556 
0.003000 0.001000 0.000171 
0.003000 0.001500 0.000053 
0.003000 0.002000 0.000016 
0.003000 0.002500 0.000005 
0.003000 0.003000 0.000002 
0.003000 0.003500 0.000000 
0.003000 0.004000 0.000000 
0.003000 0.004500 0.000000 
0.003000 0.005000 0.000000 
0.003000 0.005500 0.000000 
0.003000 0.006000 0.000000 
0.003000 0.006500 0.000000 
0.003000 0.007000 0.000000 
0.003000 0.007500 0.000000 
0.003000 0.008000 0.000000 
0.003000 0.008500 0.000000 
0.003000 0.009000 0.000000 
0.003000 0.009500 0.000000 
0.003000 0.010000 0.000000 
0.003000 0.010500 0.000000 
0.003000 0.011000 0.000000 
0.003000 0.011500 0.000000 
0.003000 0.012000 0.000000 
0.003000 0.012500 0.000000 
0.003000 0.013000 0.000000 
0.003000 0.013500 0.000000 
0.003000 0.014000 0.000000 
0.003000 0.014500 0.000000 
0.003000 0.015000 0.000000 
0.003000 0.015500 0.000000 
0.003000 0.016000 0.000000 
0.003000 0.016500 0.000000 
0.003000 0.017000 0.000000 
0.003000 0.017500 0.000000 
0.003000 0.018000 0.000000 
0.003000 0.018500 0.000000 
0.003000 0.019000 0.000000 
0.003000 0.019500 0.000000 
0.003000 0.020000 0.000000 
0.003000 0.020500 0.000000 
0.003000 0.021000 0.000000 
0.003000 0.021500 0.000000 
0.003000 0.022000 0.000000 
0.003000 0.022500 0.000000 
0.003000 0.023000 0.000000 
0.003000 0.023500 0.000000 
0.003000 0.024000 0.000000 
0.003000 0.024500 0.000000 
0.003000 0.025000 343.000000 
0.003500 0.000000 833.827480 
0.003500 0.000500 0.001251 
0.003500 0.001000 0.000385 
0.003500 0.001500 0.000119 
0.003500 0.002000 0.000037 
0.003500 0.002500 0.000011 
0.003500 0.003000 0.000003 
0.003500 0.003500 0.000001 
0.003500 0.004000 0.000000 
0.003500 0.004500 0.000000 
0.003500 0.005000 0.000000 
0.003500 0.005500 0.000000 
0.003500 0.006000 0.000000 
0.003500 0.006500 0.000000 
0.003500 0.007000 0.000000 
0.003500 0.007500 0.000000 
0.003500 0.008000 0.000000 
0.003500 0.008500 0.000000 
0.003500 0.009000 0.000000 
0.003500 0.009500 0.000000 
0.003500 0.010000 0.000000 
0.003500 0.010500 0.000000 
0.003500 0.011000 0.000000 
0.003500 0.011500 0.000000 
0.003500 0.012000 0.000000 
0.003500 0.012500 0.000000 
0.003500 0.013000 0.000000 
0.003500 0.013500 0.000000 
0.003500 0.014000 0.000000 
0.003500 0.014500 0.000000 
0.003500 0.015000 0.000000 
0.003500 0.015500 0.000000 
0.003500 0.016000 0.000000 
0.003500 0.016500 0.000000 
0.003500 0.017000 0.000000 
0.003500 0.017500 0.000000 
0.003500 0.018000 0.000000 
0.003500 0.018500 0.000000 
0.003500 0.019000 0.000000 
0.003500 0.019500 0.000000 
0.003500 0.020000 0.000000 
0.003500 0.020500 0.000000 
0.003500 0.021000 0.000000 
0.003500 0.021500 0.000000 
0.003500 0.022000 0.000000 
0.003500 0.022500 0.000000 
0.003500 0.023000 0.000000 
0.003500 0.023500 0.000000 
0.003500 0.024000 0.000000 
0.003500 0.024500 0.000000 
0.003500 0.025000 343.000000 
0.004000 0.000000 1445.897624 
0.004000 0.000500 0.002810 
0.004000 0.001000 0.000865 
0.004000 0.001500 0.000267 
0.004000 0.002000 0.000082 
0.004000 0.002500 0.000025 
0.004000 0.003000 0.000008 
0.004000 0.003500 0.000002 
0.004000 0.004000 0.000001 
0.004000 0.004500 0.000000 
0.004000 0.005000 0.000000 
0.004000 0.005500 0.000000 
0.004000 0.006000 0.000000 
0.004000 0.006500 0.000000 
0.004000 0.007000 0.000000 
0.004000 0.007500 0.000000 
0.004000 0.008000 0.000000 
0.004000 0.008500 0.000000 
0.004000 0.009000 0.000000 
0.004000 0.009500 0.000000 
0.004000 0.010000 0.000000 
0.004000 0.010500 0.000000 
0.004000 0.011000 0.000000 
0.004000 0.011500 0.000000 
0.004000 0.012000 0.000000 
0.004000 0.012500 0.000000 
0.004000 0.013000 0.000000 
0.004000 0.013500 0.000000 
0.004000 0.014000 0.000000 
0.004000 0.014500 0.000000 
0.004000 0.015000 0.000000 
0.004000 0.015500 0.000000 
0.004000 0.016000 0.000000 
0.004000 0.016500 0.000000 
0.004000 0.017000 0.000000 
0.004000 0.017500 0.000000 
0.004000 0.018000 0.000000 
0.004000 0.018500 0.000000 
0.004000 0.019000 0.000000 
0.004000 0.019500 0.000000 
0.004000 0.020000 0.000000 
0.004000 0.020500 0.000000 
0.004000 0.021000 0.000000 
0.004000 0.021500 0.000000 
0.004000 0.022000 0.000000 
0.004000 0.022500 0.000000 
0.004000 0.023000 0.000000 
0.004000 0.023500 0.000000 
0.004000 0.024000 0.000000 
0.004000 0.024500 0.000000 
0.004000 0.025000 343.000000 
0.004500 0.000000 2821.198407 
0.004500 0.000500 0.006314 
0.004500 0.001000 0.001945 
0.004500 0.001500 0.000599 
0.004500 0.002000 0.000184 
0.004500 0.002500 0.000057 
0.004500 0.003000 0.000017 
0.004500 0.003500 0.000005 
0.004500 0.004000 0.000002 
0.004500 0.004500 0.000001 
0.004500 0.005000 0.000000 
0.004500 0.005500 0.000000 
0.004500 0.006000 0.000000 
0.004500 0.006500 0.000000 
0.004500 0.007000 0.000000 
0.004500 0.007500 0.000000 
0.004500 0.008000 0.000000 
0.004500 0.008500 0.000000 
0.004500 0.009000 0.000000 
0.004500 0.009500 0.000000 
0.004500 0.010000 0.000000 
0.004500 0.010500 0.000000 
0.004500 0.011000 0.000000 
0.004500 0.011500 0.000000 
0.004500 0.012000 0.000000 
0.004500 0.012500 0.000000 
0.004500 0.013000 0.000000 
0.004500 0.013500 0.000000 
0.004500 0.014000 0.000000 
0.004500 0.014500 0.000000 
0.004500 0.015000 0.000000 
0.004500 0.015500 0.000000 
0.004500 0.016000 0.000000 
0.004500 0.016500 0.000000 
0.004500 0.017000 0.000000 
0.004500 0.017500 0.000000 
0.004500 0.018000 0.000000 
0.004500 0.018500 0.000000 
0.004500 0.019000 0.000000 
0.004500 0.019500 0.000000 
0.004500 0.020000 0.000000 
0.004500 0.020500 0.000000 
0.004500 0.021000 0.000000 
0.004500 0.021500 0.000000 
0.004500 0.022000 0.000000 
0.004500 0.022500 0.000000 
0.004500 0.023000 0.000000 
0.004500 0.023500 0.000000 
0.004500 0.024000 0.000000 
0.004500 0.024500 0.000000 
0.004500 0.025000 343.000000 
0.005000 0.000000 5911.466710 
0.005000 0.000500 0.014187 
0.005000 0.001000 0.004369 
0.005000 0.001500 0.001346 
0.005000 0.002000 0.000414 
0.005000 0.002500 0.000128 
0.005000 0.003000 0.000039 
0.005000 0.003500 0.000012 
0.005000 0.004000 0.000004 
0.005000 0.004500 0.000001 
0.005000 0.005000 0.000000 
0.005000 0.005500 0.000000 
0.005000 0.006000 0.000000 
0.005000 0.006500 0.000000 
0.005000 0.007000 0.000000 
0.005000 0.007500 0.000000 
0.005000 0.008000 0.000000 
0.005000 0.008500 0.000000 
0.005000 0.009000 0.000000 
0.005000 0.009500 0.000000 
0.005000 0.010000 0.000000 
0.005000 0.010500 0.000000 
0.005000 0.011000 0.000000 
0.005000 0.011500 0.000000 
0.005000 0.012000 0.000000 
0.005000 0.012500 0.000000 
0.005000 0.013000 0.000000 
0.005000 0.013500 0.000000 
0.005000 0.014000 0.000000 
0.005000 0.014500 0.000000 
0.005000 0.015000 0.000000 
0.005000 0.015500 0.000000 
0.005000 0.016000 0.000000 
0.005000 0.016500 0.000000 
0.005000 0.017000 0.000000 
0.005000 0.017500 0.000000 
0.005000 0.018000 0.000000 
0.005000 0.018500 0.000000 
0.005000 0.019000 0.000000 
0.005000 0.019500 0.000000 
0.005000 0.020000 0.000000 
0.005000 0.020500 0.000000 
0.005000 0.021000 0.000000 
0.005000 0.021500 0.000000 
0.005000 0.022000 0.000000 
0.005000 0.022500 0.000000 
0.005000 0.023000 0.000000 
0.005000 0.023500 0.000000 
0.005000 0.024000 0.000000 
0.005000 0.024500 0.000000 
0.005000 0.025000 343.000000 
0.005500 0.000000 12855.234105 
0.005500 0.000500 0.031878 
0.005500 0.001000 0.009818 
0.005500 0.001500 0.003024 
0.005500 0.002000 0.000931 
0.005500 0.002500 0.000287 
0.005500 0.003000 0.000088 
0.005500 0.003500 0.000027 
0.005500 0.004000 0.000008 
0.005500 0.004500 0.000003 
0.005500 0.005000 0.000001 
0.005500 0.005500 0.000000 
0.005500 0.006000 0.000000 
0.005500 0.006500 0.000000 
0.005500 0.007000 0.000000 
0.005500 0.007500 0.000000 
0.005500 0.008000 0.000000 
0.005500 0.008500 0.000000 
0.005500 0.009000 0.000000 
0.005500 0.009500 0.000000 
0.005500 0.010000 0.000000 
0.005500 0.010500 0.000000 
0.005500 0.011000 0.000000 
0.005500 0.011500 0.000000 
0.005500 0.012000 0.000000 
0.005500 0.012500 0.000000 
0.005500 0.013000 0.000000 
0.005500 0.013500 0.000000 
0.005500 0.014000 0.000000 
0.005500 0.014500 0.000000 
0.005500 0.015000 0.000000 
0.005500 0.015500 0.000000 
0.005500 0.016000 0.000000 
0.005500 0.016500 0.000000 
0.005500 0.017000 0.000000 
0.005500 0.017500 0.000000 
0.005500 0.018000 0.000000 
0.005500 0.018500 0.000000 
0.005500 0.019000 0.000000 
0.005500 0.019500 0.000000 
0.005500 0.020000 0.000000 
0.005500 0.020500 0.000000 
0.005500 0.021000 0.000000 
0.005500 0.021500 0.000000 
0.005500 0.022000 0.000000 
0.005500 0.022500 0.000000 
0.005500 0.023000 0.000000 
0.005500 0.023500 0.000000 
0.005500 0.024000 0.000000 
0.005500 0.024500 0.000000 
0.005500 0.025000 343.000000 
0.006000 0.000000 28457.736472 
0.006000 0.000500 0.071630 
0.006000 0.001000 0.022060 
0.006000 0.001500 0.006794 
0.006000 0.002000 0.002092 
0.006000 0.002500 0.000644 
0.006000 0.003000 0.000198 
0.006000 0.003500 0.000061 
0.006000 0.004000 0.000019 
0.006000 0.004500 0.000006 
0.006000 0.005000 0.000002 
0.006000 0.005500 0.000001 
0.006000 0.006000 0.000000 
0.006000 0.006500 0.000000 
0.006000 0.007000 0.000000 
0.006000 0.007500 0.000000 
0.006000 0.008000 0.000000 
0.006000 0.008500 0.000000 
0.006000 0.009000 0.000000 
0.006000 0.009500 0.000000 
0.006000 0.010000 0.000000 
0.006000 0.010500 0.000000 
0.006000 0.011000 0.000000 
0.006000 0.011500 0.000000 
0.006000 0.012000 0.000000 
0.006000 0.012500 0.000000 
0.006000 0.013000 0.000000 
0.006000 0.013500 0.000000 
0.006000 0.014000 0.000000 
0.006000 0.014500 0.000000 
0.006000 0.015000 0.000000 
0.006000 0.015500 0.000000 
0.006000 0.016000 0.000000 
0.006000 0.016500 0.000000 
0.006000 0.017000 0.000000 
0.006000 0.017500 0.000000 
0.006000 0.018000 0.000000 
0.006000 0.018500 0.000000 
0.006000 0.019000 0.000000 
0.006000 0.019500 0.000000 
0.006000 0.020000 0.000000 
0.006000 0.020500 0.000000 
0.006000 0.021000 0.000000 
0.006000 0.021500 0.000000 
0.006000 0.022000 0.000000 
0.006000 0.022500 0.000000 
0.006000 0.023000 0.000000 
0.006000 0.023500 0.000000 
0.006000 0.024000 0.000000 
0.006000 0.024500 0.000000 
0.006000 0.025000 343.000000 
0.006500 0.000000 63516.240323 
0.006500 0.000500 0.160951 
0.006500 0.001000 0.049569 
0.006500 0.001500 0.015266 
0.006500 0.002000 0.004702 
0.006500 0.002500 0.001448 
0.006500 0.003000 0.000446 
0.006500 0.003500 0.000137 
0.006500 0.004000 0.000042 
0.006500 0.004500 0.000013 
0.006500 0.005000 0.000004 
0.006500 0.005500 0.000001 
0.006500 0.006000 0.000000 
0.006500 0.006500 0.000000 
0.006500 0.007000 0.000000 
0.006500 0.007500 0.000000 
0.006500 0.008000 0.000000 
0.006500 0.008500 0.000000 
0.006500 0.009000 0.000000 
0.006500 0.009500 0.000000 
0.006500 0.010000 0.000000 
0.006500 0.010500 0.000000 
0.006500 0.011000 0.000000 
0.006500 0.011500 0.000000 
0.006500 0.012000 0.000000 
0.006500 0.012500 0.000000 
0.006500 0.013000 0.000000 
0.006500 0.013500 0.000000 
0.006500 0.014000 0.000000 
0.006500 0.014500 0.000000 
0.006500 0.015000 0.000000 
0.006500 0.015500 0.000000 
0.006500 0.016000 0.000000 
0.006500 0.016500 0.000000 
0.006500 0.017000 0.000000 
0.006500 0.017500 0.000000 
0.006500 0.018000 0.000000 
0.006500 0.018500 0.000000 
0.006500 0.019000 0.000000 
0.006500 0.019500 0.000000 
0.006500 0.020000 0.000000 
0.006500 0.020500 0.000000 
0.006500 0.021000 0.000000 
0.006500 0.021500 0.000000 
0.006500 0.022000 0.000000 
0.006500 0.022500 0.000000 
0.006500 0.023000 0.000000 
0.006500 0.023500 0.000000 
0.006500 0.024000 0.000000 
0.006500 0.024500 0.000000 
0.006500 0.025000 343.000000 
0.007000 0.000000 142291.983005 
0.007000 0.000500 0.361653 
0.007000 0.001000 0.111382 
0.007000 0.001500 0.034303 
0.007000 0.002000 0.010565 
0.007000 0.002500 0.003254 
0.007000 0.003000 0.001002 
0.007000 0.003500 0.000309 
0.007000 0.004000 0.000095 
0.007000 0.004500 0.000029 
0.007000 0.005000 0.000009 
0.007000 0.005500 0.000003 
0.007000 0.006000 0.000001 
0.007000 0.006500 0.000000 
0.007000 0.007000 0.000000 
0.007000 0.007500 0.000000 
0.007000 0.008000 0.000000 
0.007000 0.008500 0.000000 
0.007000 0.009000 0.000000 
0.007000 0.009500 0.000000 
0.007000 0.010000 0.000000 
0.007000 0.010500 0.000000 
0.007000 0.011000 0.000000 
0.007000 0.011500 0.000000 
0.007000 0.012000 0.000000 
0.007000 0.012500 0.000000 
0.007000 0.013000 0.000000 
0.007000 0.013500 0.000000 
0.007000 0.014000 0.000000 
0.007000 0.014500 0.000000 
0.007000 0.015000 0.000000 
0.007000 0.015500 0.000000 
0.007000 0.016000 0.000000 
0.007000 0.016500 0.000000 
0.007000 0.017000 0.000000 
0.007000 0.017500 0.000000 
0.007000 0.018000 0.000000 
0.007000 0.018500 0.000000 
0.007000 0.019000 0.000000 
0.007000 0.019500 0.000000 
0.007000 0.020000 0.000000 
0.007000 0.020500 0.000000 
0.007000 0.021000 0.000000 
0.007000 0.021500 0.000000 
0.007000 0.022000 0.000000 
0.007000 0.022500 0.000000 
0.007000 0.023000 0.000000 
0.007000 0.023500 0.000000 
0.007000 0.024000 0.000000 
0.007000 0.024500 0.000000 
0.007000 0.025000 343.000000 
0.007500 0.000000 319299.469858 
0.007500 0.000500 0.812628 
0.007500 0.001000 0.250272 
0.007500 0.001500 0.077078 
0.007500 0.002000 0.023738 
0.007500 0.002500 0.007311 
0.007500 0.003000 0.002252 
0.007500 0.003500 0.000693 
0.007500 0.004000 0.000214 
0.007500 0.004500 0.000066 
0.007500 0.005000 0.000020 
0.007500 0.005500 0.000006 
0.007500 0.006000 0.000002 
0.007500 0.006500 0.000001 
0.007500 0.007000 0.000000 
0.007500 0.007500 0.000000 
0.007500 0.008000 0.000000 
0.007500 0.008500 0.000000 
0.007500 0.009000 0.000000 
0.007500 0.009500 0.000000 
0.007500 0.010000 0.000000 
0.007500 0.010500 0.000000 
0.007500 0.011000 0.000000 
0.007500 0.011500 0.000000 
0.007500 0.012000 0.000000 
0.007500 0.012500 0.000000 
0.007500 0.013000 0.000000 
0.007500 0.013500 0.000000 
0.007500 0.014000 0.000000 
0.007500 0.014500 0.000000 
0.007500 0.015000 0.000000 
0.007500 0.015500 0.000000 
0.007500 0.016000 0.000000 
0.007500 0.016500 0.000000 
0.007500 0.017000 0.000000 
0.007500 0.017500 0.000000 
0.007500 0.018000 0.000000 
0.007500 0.018500 0.000000 
0.007500 0.019000 0.000000 
0.007500 0.019500 0.000000 
0.007500 0.020000 0.000000 
0.007500 0.020500 0.000000 
0.007500 0.021000 0.000000 
0.007500 0.021500 0.000000 
0.007500 0.022000 0.000000 
0.007500 0.022500 0.000000 
0.007500 0.023000 0.000000 
0.007500 0.023500 0.000000 
0.007500 0.024000 0.000000 
0.007500 0.024500 0.000000 
0.007500 0.025000 343.000000 
0.008000 0.000000 717031.682397 
0.008000 0.000500 1.825958 
0.008000 0.001000 0.562356 
0.008000 0.001500 0.173194 
0.008000 0.002000 0.053340 
0.008000 0.002500 0.016428 
0.008000 0.003000 0.005059 
0.008000 0.003500 0.001558 
0.008000 0.004000 0.000480 
0.008000 0.004500 0.000148 
0.008000 0.005000 0.000046 
0.008000 0.005500 0.000014 
0.008000 0.006000 0.000004 
0.008000 0.006500 0.000001 
0.008000 0.007000 0.000000 
0.008000 0.007500 0.000000 
0.008000 0.008000 0.000000 
0.008000 0.008500 0.000000 
0.008000 0.009000 0.000000 
0.008000 0.009500 0.000000 
0.008000 0.010000 0.000000 
0.008000 0.010500 0.000000 
0.008000 0.011000 0.000000 
0.008000 0.011500 0.000000 
0.008000 0.012000 0.000000 
0.008000 0.012500 0.000000 
0.008000 0.013000 0.000000 
0.008000 0.013500 0.000000 
0.008000 0.014000 0.000000 
0.008000 0.014500 0.000000 
0.008000 0.015000 0.000000 
0.008000 0.015500 0.000000 
0.008000 0.016000 0.000000 
0.008000 0.016500 0.000000 
0.008000 0.017000 0.000000 
0.008000 0.017500 0.000000 
0.008000 0.018000 0.000000 
0.008000 0.018500 0.000000 
0.008000 0.019000 0.000000 
0.008000 0.019500 0.000000 
0.008000 0.020000 0.000000 
0.008000 0.020500 0.000000 
0.008000 0.021000 0.000000 
0.008000 0.021500 0.000000 
0.008000 0.022000 0.000000 
0.008000 0.022500 0.000000 
0.008000 0.023000 0.000000 
0.008000 0.023500 0.000000 
0.008000 0.024000 0.000000 
0.008000 0.024500 0.000000 
0.008000 0.025000 343.000000 
0.008500 0.000000 1610727.851646 
0.008500 0.000500 4.102891 
0.008500 0.001000 1.263602 
0.008500 0.001500 0.389162 
0.008500 0.002000 0.119854 
0.008500 0.002500 0.036912 
0.008500 0.003000 0.011368 
0.008500 0.003500 0.003501 
0.008500 0.004000 0.001078 
0.008500 0.004500 0.000332 
0.008500 0.005000 0.000102 
0.008500 0.005500 0.000031 
0.008500 0.006000 0.000010 
0.008500 0.006500 0.000003 
0.008500 0.007000 0.000001 
0.008500 0.007500 0.000000 
0.008500 0.008000 0.000000 
0.008500 0.008500 0.000000 
0.008500 0.009000 0.000000 
0.008500 0.009500 0.000000 
0.008500 0.010000 0.000000 
0.008500 0.010500 0.000000 
0.008500 0.011000 0.000000 
0.008500 0.011500 0.000000 
0.008500 0.012000 0.000000 
0.008500 0.012500 0.000000 
0.008500 0.013000 0.000000 
0.008500 0.013500 0.000000 
0.008500 0.014000 0.000000 
0.008500 0.014500 0.000000 
0.008500 0.015000 0.000000 
0.008500 0.015500 0.000000 
0.008500 0.016000 0.000000 
0.008500 0.016500 0.000000 
0.008500 0.017000 0.000000 
0.008500 0.017500 0.000000 
0.008500 0.018000 0.000000 
0.008500 0.018500 0.000000 
0.008500 0.019000 0.000000 
0.008500 0.019500 0.000000 
0.008500 0.020000 0.000000 
0.008500 0.020500 0.000000 
0.008500 0.021000 0.000000 
0.008500 0.021500 0.000000 
0.008500 0.022000 0.000000 
0.008500 0.022500 0.000000 
0.008500 0.023000 0.000000 
0.008500 0.023500 0.000000 
0.008500 0.024000 0.000000 
0.008500 0.024500 0.000000 
0.008500 0.025000 343.000000 
0.009000 0.000000 3618844.915832 
0.009000 0.000500 9.219113 
0.009000 0.001000 2.839289 
0.009000 0.001500 0.874440 
0.009000 0.002000 0.269309 
0.009000 0.002500 0.082941 
0.009000 0.003000 0.025544 
0.009000 0.003500 0.007867 
0.009000 0.004000 0.002423 
0.009000 0.004500 0.000746 
0.009000 0.005000 0.000230 
0.009000 0.005500 0.000071 
0.009000 0.006000 0.000022 
0.009000 0.006500 0.000007 
0.009000 0.007000 0.000002 
0.009000 0.007500 0.000001 
0.009000 0.008000 0.000000 
0.009000 0.008500 0.000000 
0.009000 0.009000 0.000000 
0.009000 0.009500 0.000000 
0.009000 0.010000 0.000000 
0.009000 0.010500 0.000000 
0.009000 0.011000 0.000000 
0.009000 0.011500 0.000000 
0.009000 0.012000 0.000000 
0.009000 0.012500 0.000000 
0.009000 0.013000 0.000000 
0.009000 0.013500 0.000000 
0.009000 0.014000 0.000000 
0.009000 0.014500 0.000000 
0.009000 0.015000 0.000000 
0.009000 0.015500 0.000000 
0.009000 0.016000 0.000000 
0.009000 0.016500 0.000000 
0.009000 0.017000 0.000000 
0.009000 0.017500 0.000000 
0.009000 0.018000 0.000000 
0.009000 0.018500 0.000000 
0.009000 0.019000 0.000000 
0.009000 0.019500 0.000000 
0.009000 0.020000 0.000000 
0.009000 0.020500 0.000000 
0.009000 0.021000 0.000000 
0.009000 0.021500 0.000000 
0.009000 0.022000 0.000000 
0.009000 0.022500 0.000000 
0.009000 0.023000 0.000000 
0.009000 0.023500 0.000000 
0.009000 0.024000 0.000000 
0.009000 0.024500 0.000000 
0.009000 0.025000 343.000000 
0.009500 0.000000 8131043.000913 
0.009500 0.000500 20.715159 
0.009500 0.001000 6.379824 
0.009500 0.001500 1.964849 
0.009500 0.002000 0.605131 
0.009500 0.002500 0.186367 
0.009500 0.003000 0.057397 
0.009500 0.003500 0.017677 
0.009500 0.004000 0.005444 
0.009500 0.004500 0.001677 
0.009500 0.005000 0.000516 
0.009500 0.005500 0.000159 
0.009500 0.006000 0.000049 
0.009500 0.006500 0.000015 
0.009500 0.007000 0.000005 
0.009500 0.007500 0.000001 
0.009500 0.008000 0.000000 
0.009500 0.008500 0.000000 
0.009500 0.009000 0.000000 
0.009500 0.009500 0.000000 
0.009500 0.010000 0.000000 
0.009500 0.010500 0.000000 
0.009500 0.011000 0.000000 
0.009500 0.011500 0.000000 
0.009500 0.012000 0.000000 
0.009500 0.012500 0.000000 
0.009500 0.013000 0.000000 
0.009500 0.013500 0.000000 
0.009500 0.014000 0.000000 
0.009500 0.014500 0.000000 
0.009500 0.015000 0.000000 
0.009500 0.015500 0.000000 
0.009500 0.016000 0.000000 
0.009500 0.016500 0.000000 
0.009500 0.017000 0.000000 
0.009500 0.017500 0.000000 
0.009500 0.018000 0.000000 
0.009500 0.018500 0.000000 
0.009500 0.019000 0.000000 
0.009500 0.019500 0.000000 
0.009500 0.020000 0.000000 
0.009500 0.020500 0.000000 
0.009500 0.021000 0.000000 
0.009500 0.021500 0.000000 
0.009500 0.022000 0.000000 
0.009500 0.022500 0.000000 
0.009500 0.023000 0.000000 
0.009500 0.023500 0.000000 
0.009500 0.024000 0.000000 
0.009500 0.024500 0.000000 
0.009500 0.025000 343.000000 
0.010000 0.000000 11609647.590741 
0.010000 0.000500 29.577846 
0.010000 0.001000 10.153956 
0.010000 0.001500 3.420963 
0.010000 0.002000 1.136194 
0.010000 0.002500 0.373155 
0.010000 0.003000 0.121457 
0.010000 0.003500 0.039244 
0.010000 0.004000 0.012604 
0.010000 0.004500 0.004032 
0.010000 0.005000 0.001303 
0.010000 0.005500 0.000406 
0.010000 0.006000 0.000163 
0.010000 0.006500 0.000196 
0.010000 0.007000 0.000606 
0.010000 0.007500 0.002224 
0.010000 0.008000 0.008287 
0.010000 0.008500 0.030925 
0.010000 0.009000 0.115413 
0.010000 0.009500 0.430726 
0.010000 0.010000 1.607490 
0.010000 0.010500 1.922801 
0.010000 0.011000 2.007280 
0.010000 0.011500 2.029888 
0.010000 0.012000 2.035837 
0.010000 0.012500 2.037027 
0.010000 0.013000 2.035837 
0.010000 0.013500 2.029888 
0.010000 0.014000 2.007280 
0.010000 0.014500 1.922801 
0.010000 0.015000 1.607490 
0.010000 0.015500 0.430726 
0.010000 0.016000 0.115413 
0.010000 0.016500 0.030925 
0.010000 0.017000 0.008286 
0.010000 0.017500 0.002220 
0.010000 0.018000 0.000595 
0.010000 0.018500 0.000159 
0.010000 0.019000 0.000043 
0.010000 0.019500 0.000011 
0.010000 0.020000 0.000003 
0.010000 0.020500 0.000001 
0.010000 0.021000 0.000000 
0.010000 0.021500 0.000000 
0.010000 0.022000 0.000000 
0.010000 0.022500 0.000000 
0.010000 0.023000 0.000000 
0.010000 0.023500 0.000000 
0.010000 0.024000 0.000000 
0.010000 0.024500 0.000000 
0.010000 0.025000 343.000007 
0.010500 0.000000 13975903.549819 
0.010500 0.000500 35.606524 
0.010500 0.001000 12.959703 
0.010500 0.001500 4.635862 
0.010500 0.002000 1.632599 
0.010500 0.002500 0.567049 
0.010500 0.003000 0.194571 
0.010500 0.003500 0.066055 
0.010500 0.004000 0.022219 
0.010500 0.004500 0.007425 
0.010500 0.005000 0.002508 
0.010500 0.005500 0.000830 
0.010500 0.006000 0.000405 
0.010500 0.006500 0.000628 
0.010500 0.007000 0.001910 
0.010500 0.007500 0.006407 
0.010500 0.008000 0.021494 
0.010500 0.008500 0.071283 
0.010500 0.009000 0.232712 
0.010500 0.009500 0.744151 
0.010500 0.010000 2.313169 
0.010500 0.010500 2.824600 
0.010500 0.011000 2.985996 
0.010500 0.011500 3.035673 
0.010500 0.012000 3.050374 
0.010500 0.012500 3.053552 
0.010500 0.013000 3.050374 
0.010500 0.013500 3.035673 
0.010500 0.014000 2.985996 
0.010500 0.014500 2.824600 
0.010500 0.015000 2.313169 
0.010500 0.015500 0.744151 
0.010500 0.016000 0.232712 
0.010500 0.016500 0.071282 
0.010500 0.017000 0.021492 
0.010500 0.017500 0.006400 
0.010500 0.018000 0.001887 
0.010500 0.018500 0.000552 
0.010500 0.019000 0.000160 
0.010500 0.019500 0.000046 
0.010500 0.020000 0.000013 
0.010500 0.020500 0.000004 
0.010500 0.021000 0.000001 
0.010500 0.021500 0.000000 
0.010500 0.022000 0.000000 
0.010500 0.022500 0.000000 
0.010500 0.023000 0.000000 
0.010500 0.023500 0.000000 
0.010500 0.024000 0.000000 
0.010500 0.024500 0.000000 
0.010500 0.025000 343.000048 
0.011000 0.000000 15451633.449289 
0.011000 0.000500 39.366345 
0.011000 0.001000 14.853941 
0.011000 0.001500 5.528418 
0.011000 0.002000 2.029886 
0.011000 0.002500 0.735691 
0.011000 0.003000 0.263396 
0.011000 0.003500 0.093240 
0.011000 0.004000 0.032670 
0.011000 0.004500 0.011363 
0.011000 0.005000 0.003998 
0.011000 0.005500 0.001397 
0.011000 0.006000 0.000760 
0.011000 0.006500 0.001239 
0.011000 0.007000 0.003567 
0.011000 0.007500 0.011121 
0.011000 0.008000 0.034508 
0.011000 0.008500 0.105417 
0.011000 0.009000 0.315877 
0.011000 0.009500 0.925379 
0.011000 0.010000 2.641488 
0.011000 0.010500 3.250970 
0.011000 0.011000 3.461358 
0.011000 0.011500 3.532033 
0.011000 0.012000 3.554667 
0.011000 0.012500 3.559830 
0.011000 0.013000 3.554667 
0.011000 0.013500 3.532033 
0.011000 0.014000 3.461358 
0.011000 0.014500 3.250970 
0.011000 0.015000 2.641488 
0.011000 0.015500 0.925379 
0.011000 0.016000 0.315876 
0.011000 0.016500 0.105416 
0.011000 0.017000 0.034504 
0.011000 0.017500 0.011107 
0.011000 0.018000 0.003525 
0.011000 0.018500 0.001105 
0.011000 0.019000 0.000343 
0.011000 0.019500 0.000106 
0.011000 0.020000 0.000032 
0.011000 0.020500 0.000009 
0.011000 0.021000 0.000003 
0.011000 0.021500 0.000001 
0.011000 0.022000 0.000000 
0.011000 0.022500 0.000000 
0.011000 0.023000 0.000000 
0.011000 0.023500 0.000000 
0.011000 0.024000 0.000000 
0.011000 0.024500 0.000000 
0.011000 0.025000 343.000174 
0.011500 0.000000 16328004.197406 
0.011500 0.000500 41.599137 
0.011500 0.001000 16.053281 
0.011500 0.001500 6.132923 
0.011500 0.002000 2.318123 
0.011500 0.002500 0.866703 
0.011500 0.003000 0.320549 
0.011500 0.003500 0.117311 
0.011500 0.004000 0.042510 
0.011500 0.004500 0.015296 
0.011500 0.005000 0.005576 
0.011500 0.005500 0.002037 
0.011500 0.006000 0.001174 
0.011500 0.006500 0.001899 
0.011500 0.007000 0.005184 
0.011500 0.007500 0.015268 
0.011500 0.008000 0.044768 
0.011500 0.008500 0.129294 
0.011500 0.009000 0.366993 
0.011500 0.009500 1.022801 
0.011500 0.010000 2.798832 
0.011500 0.010500 3.454605 
0.011500 0.011000 3.692184 
0.011500 0.011500 3.776342 
0.011500 0.012000 3.804717 
0.011500 0.012500 3.811424 
0.011500 0.013000 3.804717 
0.011500 0.013500 3.776342 
0.011500 0.014000 3.692184 
0.011500 0.014500 3.454605 
0.011500 0.015000 2.798831 
0.011500 0.015500 1.022801 
0.011500 0.016000 0.366992 
0.011500 0.016500 0.129292 
0.011500 0.017000 0.044760 
0.011500 0.017500 0.015246 
0.011500 0.018000 0.005116 
0.011500 0.018500 0.001694 
0.011500 0.019000 0.000554 
0.011500 0.019500 0.000180 
0.011500 0.020000 0.000057 
0.011500 0.020500 0.000018 
0.011500 0.021000 0.000005 
0.011500 0.021500 0.000002 
0.011500 0.022000 0.000001 
0.011500 0.022500 0.000000 
0.011500 0.023000 0.000000 
0.011500 0.023500 0.000000 
0.011500 0.024000 0.000000 
0.011500 0.024500 0.000000 
0.011500 0.025000 343.000448 
0.012000 0.000000 16817594.840014 
0.012000 0.000500 42.846502 
0.012000 0.001000 16.769440 
0.012000 0.001500 6.517017 
0.012000 0.002000 2.512685 
0.012000 0.002500 0.960546 
0.012000 0.003000 0.363935 
0.012000 0.003500 0.136646 
0.012000 0.004000 0.050859 
0.012000 0.004500 0.018815 
0.012000 0.005000 0.007066 
0.012000 0.005500 0.002672 
0.012000 0.006000 0.001587 
0.012000 0.006500 0.002503 
0.012000 0.007000 0.006527 
0.012000 0.007500 0.018420 
0.012000 0.008000 0.051886 
0.012000 0.008500 0.144355 
0.012000 0.009000 0.396239 
0.012000 0.009500 1.073610 
0.012000 0.010000 2.875398 
0.012000 0.010500 3.552718 
0.012000 0.011000 3.804437 
0.012000 0.011500 3.896412 
0.012000 0.012000 3.928436 
0.012000 0.012500 3.936182 
0.012000 0.013000 3.928436 
0.012000 0.013500 3.896412 
0.012000 0.014000 3.804437 
0.012000 0.014500 3.552718 
0.012000 0.015000 2.875398 
0.012000 0.015500 1.073609 
0.012000 0.016000 0.396238 
0.012000 0.016500 0.144351 
0.012000 0.017000 0.051875 
0.012000 0.017500 0.018388 
0.012000 0.018000 0.006431 
0.012000 0.018500 0.002221 
0.012000 0.019000 0.000758 
0.012000 0.019500 0.000257 
0.012000 0.020000 0.000084 
0.012000 0.020500 0.000027 
0.012000 0.021000 0.000009 
0.012000 0.021500 0.000003 
0.012000 0.022000 0.000001 
0.012000 0.022500 0.000000 
0.012000 0.023000 0.000000 
0.012000 0.023500 0.000000 
0.012000 0.024000 0.000000 
0.012000 0.024500 0.000000 
0.012000 0.025000 343.000921 
0.012500 0.000000 17042356.265452 
0.012500 0.000500 43.419142 
0.012500 0.001000 17.150775 
0.012500 0.001500 6.741373 
0.012500 0.002000 2.634683 
0.012500 0.002500 1.023100 
0.012500 0.003000 0.394522 
0.012500 0.003500 0.151016 
0.012500 0.004000 0.057386 
0.012500 0.004500 0.021706 
0.012500 0.005000 0.008350 
0.012500 0.005500 0.003245 
0.012500 0.006000 0.001958 
0.012500 0.006500 0.002998 
0.012500 0.007000 0.007531 
0.012500 0.007500 0.020598 
0.012500 0.008000 0.056440 
0.012500 0.008500 0.153276 
0.012500 0.009000 0.412309 
0.012500 0.009500 1.099721 
0.012500 0.010000 2.912967 
0.012500 0.010500 3.600315 
0.012500 0.011000 3.859142 
0.012500 0.011500 3.955383 
0.012500 0.012000 3.989545 
0.012500 0.012500 3.997926 
0.012500 0.013000 3.989545 
0.012500 0.013500 3.955383 
0.012500 0.014000 3.859142 
0.012500 0.014500 3.600315 
0.012500 0.015000 2.912967 
0.012500 0.015500 1.099721 
0.012500 0.016000 0.412308 
0.012500 0.016500 0.153271 
0.012500 0.017000 0.056425 
0.012500 0.017500 0.020555 
0.012500 0.018000 0.007406 
0.012500 0.018500 0.002640 
0.012500 0.019000 0.000931 
0.012500 0.019500 0.000326 
0.012500 0.020000 0.000111 
0.012500 0.020500 0.000037 
0.012500 0.021000 0.000012 
0.012500 0.021500 0.000004 
0.012500 0.022000 0.000001 
0.012500 0.022500 0.000000 
0.012500 0.023000 0.000000 
0.012500 0.023500 0.000000 
0.012500 0.024000 0.000000 
0.012500 0.024500 0.000000 
0.012500 0.025000 343.001604 
0.013000 0.000000 17037906.828193 
0.013000 0.000500 43.407806 
0.013000 0.001000 17.266690 
0.013000 0.001500 6.843139 
0.013000 0.002000 2.700571 
0.013000 0.002500 1.060606 
0.013000 0.003000 0.414297 
0.013000 0.003500 0.160893 
0.013000 0.004000 0.062120 
0.013000 0.004500 0.023909 
0.013000 0.005000 0.009376 
0.013000 0.005500 0.003721 
0.013000 0.006000 0.002263 
0.013000 0.006500 0.003372 
0.013000 0.007000 0.008227 
0.013000 0.007500 0.022006 
0.013000 0.008000 0.059199 
0.013000 0.008500 0.158349 
0.013000 0.009000 0.420923 
0.013000 0.009500 1.113033 
0.013000 0.010000 2.931490 
0.013000 0.010500 3.623524 
0.013000 0.011000 3.885860 
0.013000 0.011500 3.984341 
0.013000 0.012000 4.019688 
0.013000 0.012500 4.028434 
0.013000 0.013000 4.019688 
0.013000 0.013500 3.984341 
0.013000 0.014000 3.885860 
0.013000 0.014500 3.623524 
0.013000 0.015000 2.931489 
0.013000 0.015500 1.113033 
0.013000 0.016000 0.420921 
0.013000 0.016500 0.158343 
0.013000 0.017000 0.059180 
0.013000 0.017500 0.021953 
0.013000 0.018000 0.008076 
0.013000 0.018500 0.002945 
0.013000 0.019000 0.001065 
0.013000 0.019500 0.000383 
0.013000 0.020000 0.000134 
0.013000 0.020500 0.000046 
0.013000 0.021000 0.000016 
0.013000 0.021500 0.000005 
0.013000 0.022000 0.000002 
0.013000 0.022500 0.000001 
0.013000 0.023000 0.000000 
0.013000 0.023500 0.000000 
0.013000 0.024000 0.000000 
0.013000 0.024500 0.000000 
0.013000 0.025000 343.002469 
0.013500 0.000000 16736073.954378 
0.013500 0.000500 42.638805 
0.013500 0.001000 17.089622 
0.013500 0.001500 6.825659 
0.013500 0.002000 2.716117 
0.013500 0.002500 1.076485 
0.013500 0.003000 0.424780 
0.013500 0.003500 0.166830 
0.013500 0.004000 0.065218 
0.013500 0.004500 0.025448 
0.013500 0.005000 0.010133 
0.013500 0.005500 0.004088 
0.013500 0.006000 0.002497 
0.013500 0.006500 0.003639 
0.013500 0.007000 0.008685 
0.013500 0.007500 0.022875 
0.013500 0.008000 0.060807 
0.013500 0.008500 0.161156 
0.013500 0.009000 0.425467 
0.013500 0.009500 1.119787 
0.013500 0.010000 2.940649 
0.013500 0.010500 3.634885 
0.013500 0.011000 3.898935 
0.013500 0.011500 3.998563 
0.013500 0.012000 4.034543 
0.013500 0.012500 4.043488 
0.013500 0.013000 4.034543 
0.013500 0.013500 3.998563 
0.013500 0.014000 3.898935 
0.013500 0.014500 3.634885 
0.013500 0.015000 2.940648 
0.013500 0.015500 1.119786 
0.013500 0.016000 0.425464 
0.013500 0.016500 0.161148 
0.013500 0.017000 0.060785 
0.013500 0.017500 0.022812 
0.013500 0.018000 0.008511 
0.013500 0.018500 0.003154 
0.013500 0.019000 0.001161 
0.013500 0.019500 0.000427 
0.013500 0.020000 0.000152 
0.013500 0.020500 0.000054 
0.013500 0.021000 0.000019 
0.013500 0.021500 0.000007 
0.013500 0.022000 0.000002 
0.013500 0.022500 0.000001 
0.013500 0.023000 0.000000 
0.013500 0.023500 0.000000 
0.013500 0.024000 0.000000 
0.013500 0.024500 0.000000 
0.013500 0.025000 343.003453 
0.014000 0.000000 15896026.310620 
0.014000 0.000500 40.498556 
0.014000 0.001000 16.440096 
0.014000 0.001500 6.639820 
0.014000 0.002000 2.669304 
0.014000 0.002500 1.068378 
0.014000 0.003000 0.425753 
0.014000 0.003500 0.168923 
0.014000 0.004000 0.066749 
0.014000 0.004500 0.026349 
0.014000 0.005000 0.010626 
0.014000 0.005500 0.004345 
0.014000 0.006000 0.002665 
0.014000 0.006500 0.003820 
0.014000 0.007000 0.008974 
0.014000 0.007500 0.023392 
0.014000 0.008000 0.061719 
0.014000 0.008500 0.162678 
0.014000 0.009000 0.427837 
0.014000 0.009500 1.123203 
0.014000 0.010000 2.945187 
0.014000 0.010500 3.640463 
0.014000 0.011000 3.905345 
0.014000 0.011500 4.005550 
0.014000 0.012000 4.041859 
0.014000 0.012500 4.050910 
0.014000 0.013000 4.041859 
0.014000 0.013500 4.005550 
0.014000 0.014000 3.905345 
0.014000 0.014500 3.640463 
0.014000 0.015000 2.945186 
0.014000 0.015500 1.123202 
0.014000 0.016000 0.427834 
0.014000 0.016500 0.162669 
0.014000 0.017000 0.061694 
0.014000 0.017500 0.023322 
0.014000 0.018000 0.008781 
0.014000 0.018500 0.003291 
0.014000 0.019000 0.001227 
0.014000 0.019500 0.000458 
0.014000 0.020000 0.000166 
0.014000 0.020500 0.000060 
0.014000 0.021000 0.000021 
0.014000 0.021500 0.000008 
0.014000 0.022000 0.000003 
0.014000 0.022500 0.000001 
0.014000 0.023000 0.000000 
0.014000 0.023500 0.000000 
0.014000 0.024000 0.000000 
0.014000 0.024500 0.000000 
0.014000 0.025000 343.004477 
0.014500 0.000000 13928664.247336 
0.014500 0.000500 35.486169 
0.014500 0.001000 14.844920 
0.014500 0.001500 6.138685 
0.014500 0.002000 2.515464 
0.014500 0.002500 1.023088 
0.014500 0.003000 0.413454 
0.014500 0.003500 0.166144 
0.014500 0.004000 0.066447 
0.014500 0.004500 0.026544 
0.014500 0.005000 0.010837 
0.014500 0.005500 0.004489 
0.014500 0.006000 0.002772 
0.014500 0.006500 0.003936 
0.014500 0.007000 0.009150 
0.014500 0.007500 0.023692 
0.014500 0.008000 0.062226 
0.014500 0.008500 0.163492 
0.014500 0.009000 0.429064 
0.014500 0.009500 1.124926 
0.014500 0.010000 2.947438 
0.014500 0.010500 3.643207 
0.014500 0.011000 3.908492 
0.014500 0.011500 4.008984 
0.014500 0.012000 4.045461 
0.014500 0.012500 4.054566 
0.014500 0.013000 4.045461 
0.014500 0.013500 4.008984 
0.014500 0.014000 3.908492 
0.014500 0.014500 3.643206 
0.014500 0.015000 2.947438 
0.014500 0.015500 1.124925 
0.014500 0.016000 0.429060 
0.014500 0.016500 0.163482 
0.014500 0.017000 0.062198 
0.014500 0.017500 0.023616 
0.014500 0.018000 0.008943 
0.014500 0.018500 0.003376 
0.014500 0.019000 0.001271 
0.014500 0.019500 0.000479 
0.014500 0.020000 0.000175 
0.014500 0.020500 0.000064 
0.014500 0.021000 0.000023 
0.014500 0.021500 0.000008 
0.014500 0.022000 0.000003 
0.014500 0.022500 0.000001 
0.014500 0.023000 0.000000 
0.014500 0.023500 0.000000 
0.014500 0.024000 0.000000 
0.014500 0.024500 0.000000 
0.014500 0.025000 343.005466 
0.015000 0.000000 9490846.667135 
0.015000 0.000500 24.179627 
0.015000 0.001000 11.205501 
0.015000 0.001500 4.971080 
0.015000 0.002000 2.143036 
0.015000 0.002500 0.905469 
0.015000 0.003000 0.376927 
0.015000 0.003500 0.155121 
0.015000 0.004000 0.063285 
0.015000 0.004500 0.025724 
0.015000 0.005000 0.010674 
0.015000 0.005500 0.004495 
0.015000 0.006000 0.002817 
0.015000 0.006500 0.004002 
0.015000 0.007000 0.009254 
0.015000 0.007500 0.023862 
0.015000 0.008000 0.062503 
0.015000 0.008500 0.163922 
0.015000 0.009000 0.429695 
0.015000 0.009500 1.125794 
0.015000 0.010000 2.948556 
0.015000 0.010500 3.644559 
0.015000 0.011000 3.910039 
0.015000 0.011500 4.010672 
0.015000 0.012000 4.047233 
0.015000 0.012500 4.056366 
0.015000 0.013000 4.047233 
0.015000 0.013500 4.010672 
0.015000 0.014000 3.910039 
0.015000 0.014500 3.644559 
0.015000 0.015000 2.948556 
0.015000 0.015500 1.125793 
0.015000 0.016000 0.429691 
0.015000 0.016500 0.163911 
0.015000 0.017000 0.062473 
0.015000 0.017500 0.023782 
0.015000 0.018000 0.009038 
0.015000 0.018500 0.003428 
0.015000 0.019000 0.001298 
0.015000 0.019500 0.000492 
0.015000 0.020000 0.000182 
0.015000 0.020500 0.000067 
0.015000 0.021000 0.000024 
0.015000 0.021500 0.000009 
0.015000 0.022000 0.000003 
0.015000 0.022500 0.000001 
0.015000 0.023000 0.000000 
0.015000 0.023500 0.000000 
0.015000 0.024000 0.000000 
0.015000 0.024500 0.000000 
0.015000 0.025000 343.006364 
0.015500 0.000000 6013862.748081 
0.015500 0.000500 15.321069 
0.015500 0.001000 7.511161 
0.015500 0.001500 3.518072 
0.015500 0.002000 1.590048 
0.015500 0.002500 0.699084 
0.015500 0.003000 0.300821 
0.015500 0.003500 0.127271 
0.015500 0.004000 0.053143 
0.015500 0.004500 0.022016 
0.015500 0.005000 0.009196 
0.015500 0.005500 0.004095 
0.015500 0.006000 0.002691 
0.015500 0.006500 0.003850 
0.015500 0.007000 0.008710 
0.015500 0.007500 0.021734 
0.015500 0.008000 0.054365 
0.015500 0.008500 0.133223 
0.015500 0.009000 0.314606 
0.015500 0.009500 0.695505 
0.015500 0.010000 1.341622 
0.015500 0.010500 1.722425 
0.015500 0.011000 1.903520 
0.015500 0.011500 1.981615 
0.015500 0.012000 2.012269 
0.015500 0.012500 2.020226 
0.015500 0.013000 2.012269 
0.015500 0.013500 1.981615 
0.015500 0.014000 1.903520 
0.015500 0.014500 1.722425 
0.015500 0.015000 1.341621 
0.015500 0.015500 0.695504 
0.015500 0.016000 0.314602 
0.015500 0.016500 0.133212 
0.015500 0.017000 0.054335 
0.015500 0.017500 0.021653 
0.015500 0.018000 0.008498 
0.015500 0.018500 0.003299 
0.015500 0.019000 0.001271 
0.015500 0.019500 0.000487 
0.015500 0.020000 0.000185 
0.015500 0.020500 0.000069 
0.015500 0.021000 0.000026 
0.015500 0.021500 0.000010 
0.015500 0.022000 0.000004 
0.015500 0.022500 0.000001 
0.015500 0.023000 0.000000 
0.015500 0.023500 0.000000 
0.015500 0.024000 0.000000 
0.015500 0.024500 0.000000 
0.015500 0.025000 343.007491 
0.016000 0.000000 3626585.305404 
0.016000 0.000500 9.238834 
0.016000 0.001000 4.775395 
0.016000 0.001500 2.351586 
0.016000 0.002000 1.112875 
0.016000 0.002500 0.509868 
0.016000 0.003000 0.227512 
0.016000 0.003500 0.099358 
0.016000 0.004000 0.042649 
0.016000 0.004500 0.018094 
0.016000 0.005000 0.007712 
0.016000 0.005500 0.003556 
0.016000 0.006000 0.002418 
0.016000 0.006500 0.003426 
0.016000 0.007000 0.007434 
0.016000 0.007500 0.017601 
0.016000 0.008000 0.041237 
0.016000 0.008500 0.092983 
0.016000 0.009000 0.197472 
0.016000 0.009500 0.382299 
0.016000 0.010000 0.636219 
0.016000 0.010500 0.820956 
0.016000 0.011000 0.925179 
0.016000 0.011500 0.976239 
0.016000 0.012000 0.998161 
0.016000 0.012500 1.004137 
0.016000 0.013000 0.998161 
0.016000 0.013500 0.976239 
0.016000 0.014000 0.925178 
0.016000 0.014500 0.820955 
0.016000 0.015000 0.636219 
0.016000 0.015500 0.382298 
0.016000 0.016000 0.197468 
0.016000 0.016500 0.092972 
0.016000 0.017000 0.041208 
0.016000 0.017500 0.017524 
0.016000 0.018000 0.007237 
0.016000 0.018500 0.002925 
0.016000 0.019000 0.001163 
0.016000 0.019500 0.000457 
0.016000 0.020000 0.000177 
0.016000 0.020500 0.000068 
0.016000 0.021000 0.000026 
0.016000 0.021500 0.000010 
0.016000 0.022000 0.000004 
0.016000 0.022500 0.000001 
0.016000 0.023000 0.000001 
0.016000 0.023500 0.000000 
0.016000 0.024000 0.000000 
0.016000 0.024500 0.000000 
0.016000 0.025000 343.008422 
0.016500 0.000000 2131739.158758 
0.016500 0.000500 5.430309 
0.016500 0.001000 2.927840 
0.016500 0.001500 1.505655 
0.016500 0.002000 0.743196 
0.016500 0.002500 0.354252 
0.016500 0.003000 0.163943 
0.016500 0.003500 0.074008 
0.016500 0.004000 0.032730 
0.016500 0.004500 0.014265 
0.016500 0.005000 0.006234 
0.016500 0.005500 0.002960 
0.016500 0.006000 0.002049 
0.016500 0.006500 0.002816 
0.016500 0.007000 0.005791 
0.016500 0.007500 0.012915 
0.016500 0.008000 0.028265 
0.016500 0.008500 0.058910 
0.016500 0.009000 0.114391 
0.016500 0.009500 0.201182 
0.016500 0.010000 0.308037 
0.016500 0.010500 0.394749 
0.016500 0.011000 0.450002 
0.016500 0.011500 0.480080 
0.016500 0.012000 0.494079 
0.016500 0.012500 0.498074 
0.016500 0.013000 0.494079 
0.016500 0.013500 0.480080 
0.016500 0.014000 0.450002 
0.016500 0.014500 0.394748 
0.016500 0.015000 0.308037 
0.016500 0.015500 0.201180 
0.016500 0.016000 0.114387 
0.016500 0.016500 0.058899 
0.016500 0.017000 0.028238 
0.016500 0.017500 0.012845 
0.016500 0.018000 0.005616 
0.016500 0.018500 0.002382 
0.016500 0.019000 0.000986 
0.016500 0.019500 0.000401 
0.016500 0.020000 0.000160 
0.016500 0.020500 0.000063 
0.016500 0.021000 0.000025 
0.016500 0.021500 0.000010 
0.016500 0.022000 0.000004 
0.016500 0.022500 0.000001 
0.016500 0.023000 0.000001 
0.016500 0.023500 0.000000 
0.016500 0.024000 0.000000 
0.016500 0.024500 0.000000 
0.016500 0.025000 343.009076 
0.017000 0.000000 1234361.077999 
0.017000 0.000500 3.143995 
0.017000 0.001000 1.751426 
0.017000 0.001500 0.933867 
0.017000 0.002000 0.478388 
0.017000 0.002500 0.236491 
0.017000 0.003000 0.113323 
0.017000 0.003500 0.052857 
0.017000 0.004000 0.024098 
0.017000 0.004500 0.010803 
0.017000 0.005000 0.004850 
0.017000 0.005500 0.002363 
0.017000 0.006000 0.001643 
0.017000 0.006500 0.002161 
0.017000 0.007000 0.004183 
0.017000 0.007500 0.008781 
0.017000 0.008000 0.018028 
0.017000 0.008500 0.035064 
0.017000 0.009000 0.063318 
0.017000 0.009500 0.103815 
0.017000 0.010000 0.150762 
0.017000 0.010500 0.191194 
0.017000 0.011000 0.219266 
0.017000 0.011500 0.235870 
0.017000 0.012000 0.244133 
0.017000 0.012500 0.246585 
0.017000 0.013000 0.244133 
0.017000 0.013500 0.235870 
0.017000 0.014000 0.219266 
0.017000 0.014500 0.191194 
0.017000 0.015000 0.150761 
0.017000 0.015500 0.103814 
0.017000 0.016000 0.063314 
0.017000 0.016500 0.035054 
0.017000 0.017000 0.018003 
0.017000 0.017500 0.008720 
0.017000 0.018000 0.004034 
0.017000 0.018500 0.001798 
0.017000 0.019000 0.000778 
0.017000 0.019500 0.000329 
0.017000 0.020000 0.000136 
0.017000 0.020500 0.000055 
0.017000 0.021000 0.000022 
0.017000 0.021500 0.000009 
0.017000 0.022000 0.000003 
0.017000 0.022500 0.000001 
0.017000 0.023000 0.000001 
0.017000 0.023500 0.000000 
0.017000 0.024000 0.000000 
0.017000 0.024500 0.000000 
0.017000 0.025000 343.009380 
0.017500 0.000000 707874.186648 
0.017500 0.000500 1.802627 
0.017500 0.001000 1.029955 
0.017500 0.001500 0.565768 
0.017500 0.002000 0.299251 
0.017500 0.002500 0.152846 
0.017500 0.003000 0.075642 
0.017500 0.003500 0.036398 
0.017500 0.004000 0.017095 
0.017500 0.004500 0.007884 
0.017500 0.005000 0.003637 
0.017500 0.005500 0.001814 
0.017500 0.006000 0.001256 
0.017500 0.006500 0.001566 
0.017500 0.007000 0.002847 
0.017500 0.007500 0.005637 
0.017500 0.008000 0.010921 
0.017500 0.008500 0.020019 
0.017500 0.009000 0.034093 
0.017500 0.009500 0.053034 
0.017500 0.010000 0.074229 
0.017500 0.010500 0.093121 
0.017500 0.011000 0.107059 
0.017500 0.011500 0.115848 
0.017500 0.012000 0.120465 
0.017500 0.012500 0.121879 
0.017500 0.013000 0.120465 
0.017500 0.013500 0.115848 
0.017500 0.014000 0.107059 
0.017500 0.014500 0.093120 
0.017500 0.015000 0.074229 
0.017500 0.015500 0.053033 
0.017500 0.016000 0.034089 
0.017500 0.016500 0.020011 
0.017500 0.017000 0.010900 
0.017500 0.017500 0.005586 
0.017500 0.018000 0.002724 
0.017500 0.018500 0.001275 
0.017500 0.019000 0.000577 
0.017500 0.019500 0.000254 
0.017500 0.020000 0.000109 
0.017500 0.020500 0.000046 
0.017500 0.021000 0.000019 
0.017500 0.021500 0.000008 
0.017500 0.022000 0.000003 
0.017500 0.022500 0.000001 
0.017500 0.023000 0.000000 
0.017500 0.023500 0.000000 
0.017500 0.024000 0.000000 
0.017500 0.024500 0.000000 
0.017500 0.025000 343.009290 
0.018000 0.000000 403288.602550 
0.018000 0.000500 1.026613 
0.018000 0.001000 0.598341 
0.018000 0.001500 0.336795 
0.018000 0.002000 0.183072 
0.018000 0.002500 0.096240 
0.018000 0.003000 0.049044 
0.018000 0.003500 0.024295 
0.018000 0.004000 0.011739 
0.018000 0.004500 0.005565 
0.018000 0.005000 0.002636 
0.018000 0.005500 0.001343 
0.018000 0.006000 0.000921 
0.018000 0.006500 0.001084 
0.018000 0.007000 0.001849 
0.018000 0.007500 0.003465 
0.018000 0.008000 0.006373 
0.018000 0.008500 0.011107 
0.018000 0.009000 0.018034 
0.018000 0.009500 0.026936 
0.018000 0.010000 0.036677 
0.018000 0.010500 0.045543 
0.018000 0.011000 0.052376 
0.018000 0.011500 0.056902 
0.018000 0.012000 0.059382 
0.018000 0.012500 0.060161 
0.018000 0.013000 0.059382 
0.018000 0.013500 0.056902 
0.018000 0.014000 0.052376 
0.018000 0.014500 0.045543 
0.018000 0.015000 0.036677 
0.018000 0.015500 0.026935 
0.018000 0.016000 0.018031 
0.018000 0.016500 0.011099 
0.018000 0.017000 0.006356 
0.018000 0.017500 0.003423 
0.018000 0.018000 0.001751 
0.018000 0.018500 0.000858 
0.018000 0.019000 0.000405 
0.018000 0.019500 0.000185 
0.018000 0.020000 0.000083 
0.018000 0.020500 0.000036 
0.018000 0.021000 0.000015 
0.018000 0.021500 0.000006 
0.018000 0.022000 0.000003 
0.018000 0.022500 0.000001 
0.018000 0.023000 0.000000 
0.018000 0.023500 0.000000 
0.018000 0.024000 0.000000 
0.018000 0.024500 0.000000 
0.018000 0.025000 343.008816 
0.018500 0.000000 228716.305312 
0.018500 0.000500 0.581843 
0.018500 0.001000 0.344506 
0.018500 0.001500 0.197841 
0.018500 0.002000 0.110062 
0.018500 0.002500 0.059337 
0.018500 0.003000 0.031044 
0.018500 0.003500 0.015794 
0.018500 0.004000 0.007837 
0.018500 0.004500 0.003813 
0.018500 0.005000 0.001853 
0.018500 0.005500 0.000962 
0.018500 0.006000 0.000651 
0.018500 0.006500 0.000723 
0.018500 0.007000 0.001158 
0.018500 0.007500 0.002060 
0.018500 0.008000 0.003618 
0.018500 0.008500 0.006037 
0.018500 0.009000 0.009426 
0.018500 0.009500 0.013631 
0.018500 0.010000 0.018163 
0.018500 0.010500 0.022344 
0.018500 0.011000 0.025669 
0.018500 0.011500 0.027955 
0.018500 0.012000 0.029251 
0.018500 0.012500 0.029665 
0.018500 0.013000 0.029251 
0.018500 0.013500 0.027955 
0.018500 0.014000 0.025669 
0.018500 0.014500 0.022344 
0.018500 0.015000 0.018163 
0.018500 0.015500 0.013630 
0.018500 0.016000 0.009423 
0.018500 0.016500 0.006032 
0.018500 0.017000 0.003604 
0.018500 0.017500 0.002027 
0.018500 0.018000 0.001083 
0.018500 0.018500 0.000553 
0.018500 0.019000 0.000272 
0.018500 0.019500 0.000129 
0.018500 0.020000 0.000060 
0.018500 0.020500 0.000027 
0.018500 0.021000 0.000012 
0.018500 0.021500 0.000005 
0.018500 0.022000 0.000002 
0.018500 0.022500 0.000001 
0.018500 0.023000 0.000000 
0.018500 0.023500 0.000000 
0.018500 0.024000 0.000000 
0.018500 0.024500 0.000000 
0.018500 0.025000 343.008023 
0.019000 0.000000 129332.664950 
0.019000 0.000500 0.328636 
0.019000 0.001000 0.197045 
0.019000 0.001500 0.115038 
0.019000 0.002000 0.065267 
0.019000 0.002500 0.035967 
0.019000 0.003000 0.019263 
0.019000 0.003500 0.010041 
0.019000 0.004000 0.005106 
0.019000 0.004500 0.002547 
0.019000 0.005000 0.001267 
0.019000 0.005500 0.000669 
0.019000 0.006000 0.000447 
0.019000 0.006500 0.000469 
0.019000 0.007000 0.000705 
0.019000 0.007500 0.001194 
0.019000 0.008000 0.002011 
0.019000 0.008500 0.003233 
0.019000 0.009000 0.004885 
0.019000 0.009500 0.006881 
0.019000 0.010000 0.009008 
0.019000 0.010500 0.010988 
0.019000 0.011000 0.012599 
0.019000 0.011500 0.013739 
0.019000 0.012000 0.014402 
0.019000 0.012500 0.014617 
0.019000 0.013000 0.014402 
0.019000 0.013500 0.013739 
0.019000 0.014000 0.012599 
0.019000 0.014500 0.010988 
0.019000 0.015000 0.009008 
0.019000 0.015500 0.006880 
0.019000 0.016000 0.004883 
0.019000 0.016500 0.003229 
0.019000 0.017000 0.002000 
0.019000 0.017500 0.001169 
0.019000 0.018000 0.000649 
0.019000 0.018500 0.000344 
0.019000 0.019000 0.000176 
0.019000 0.019500 0.000087 
0.019000 0.020000 0.000041 
0.019000 0.020500 0.000019 
0.019000 0.021000 0.000009 
0.019000 0.021500 0.000004 
0.019000 0.022000 0.000002 
0.019000 0.022500 0.000001 
0.019000 0.023000 0.000000 
0.019000 0.023500 0.000000 
0.019000 0.024000 0.000000 
0.019000 0.024500 0.000000 
0.019000 0.025000 343.007011 
0.019500 0.000000 73069.972473 
0.019500 0.000500 0.185292 
0.019500 0.001000 0.112178 
0.019500 0.001500 0.066376 
0.019500 0.002000 0.038286 
0.019500 0.002500 0.021503 
0.019500 0.003000 0.011757 
0.019500 0.003500 0.006264 
0.019500 0.004000 0.003258 
0.019500 0.004500 0.001663 
0.019500 0.005000 0.000846 
0.019500 0.005500 0.000454 
0.019500 0.006000 0.000300 
0.019500 0.006500 0.000297 
0.019500 0.007000 0.000420 
0.019500 0.007500 0.000679 
0.019500 0.008000 0.001101 
0.019500 0.008500 0.001713 
0.019500 0.009000 0.002516 
0.019500 0.009500 0.003467 
0.019500 0.010000 0.004472 
0.019500 0.010500 0.005413 
0.019500 0.011000 0.006192 
0.019500 0.011500 0.006755 
0.019500 0.012000 0.007089 
0.019500 0.012500 0.007199 
0.019500 0.013000 0.007089 
0.019500 0.013500 0.006755 
0.019500 0.014000 0.006192 
0.019500 0.014500 0.005413 
0.019500 0.015000 0.004472 
0.019500 0.015500 0.003467 
0.019500 0.016000 0.002515 
0.019500 0.016500 0.001709 
0.019500 0.017000 0.001092 
0.019500 0.017500 0.000660 
0.019500 0.018000 0.000379 
0.019500 0.018500 0.000209 
0.019500 0.019000 0.000110 
0.019500 0.019500 0.000056 
0.019500 0.020000 0.000028 
0.019500 0.020500 0.000013 
0.019500 0.021000 0.000006 
0.019500 0.021500 0.000003 
0.019500 0.022000 0.000001 
0.019500 0.022500 0.000001 
0.019500 0.023000 0.000000 
0.019500 0.023500 0.000000 
0.019500 0.024000 0.000000 
0.019500 0.024500 0.000000 
0.019500 0.025000 343.005895 
0.020000 0.000000 41142.084267 
0.020000 0.000500 0.103947 
0.020000 0.001000 0.063542 
0.020000 0.001500 0.038045 
0.020000 0.002000 0.022260 
0.020000 0.002500 0.012710 
0.020000 0.003000 0.007078 
0.020000 0.003500 0.003846 
0.020000 0.004000 0.002042 
0.020000 0.004500 0.001064 
0.020000 0.005000 0.000553 
0.020000 0.005500 0.000301 
0.020000 0.006000 0.000196 
0.020000 0.006500 0.000185 
0.020000 0.007000 0.000246 
0.020000 0.007500 0.000380 
0.020000 0.008000 0.000595 
0.020000 0.008500 0.000898 
0.020000 0.009000 0.001286 
0.020000 0.009500 0.001729 
0.020000 0.010000 0.002164 
0.020000 0.010500 0.002591 
0.020000 0.011000 0.002954 
0.020000 0.011500 0.003222 
0.020000 0.012000 0.003383 
0.020000 0.012500 0.003436 
0.020000 0.013000 0.003383 
0.020000 0.013500 0.003222 
0.020000 0.014000 0.002954 
0.020000 0.014500 0.002591 
0.020000 0.015000 0.002163 
0.020000 0.015500 0.001729 
0.020000 0.016000 0.001285 
0.020000 0.016500 0.000896 
0.020000 0.017000 0.000589 
0.020000 0.017500 0.000367 
0.020000 0.018000 0.000217 
0.020000 0.018500 0.000123 
0.020000 0.019000 0.000067 
0.020000 0.019500 0.000035 
0.020000 0.020000 0.000018 
0.020000 0.020500 0.000009 
0.020000 0.021000 0.000004 
0.020000 0.021500 0.000002 
0.020000 0.022000 0.000001 
0.020000 0.022500 0.000000 
0.020000 0.023000 0.000000 
0.020000 0.023500 0.000000 
0.020000 0.024000 0.000000 
0.020000 0.024500 0.000000 
0.020000 0.025000 343.004781 
0.020500 0.000000 23160.917931 
0.020500 0.000500 0.058135 
0.020500 0.001000 0.035840 
0.020500 0.001500 0.021683 
0.020500 0.002000 0.012846 
0.020500 0.002500 0.007442 
0.020500 0.003000 0.004213 
0.020500 0.003500 0.002330 
0.020500 0.004000 0.001260 
0.020500 0.004500 0.000670 
0.020500 0.005000 0.000354 
0.020500 0.005500 0.000195 
0.020500 0.006000 0.000126 
0.020500 0.006500 0.000113 
0.020500 0.007000 0.000142 
0.020500 0.007500 0.000210 
0.020500 0.008000 0.000318 
0.020500 0.008500 0.000467 
0.020500 0.009000 0.000653 
0.020500 0.009500 0.000858 
0.020500 0.010000 0.001049 
0.020500 0.010500 0.001243 
0.020500 0.011000 0.001411 
0.020500 0.011500 0.001537 
0.020500 0.012000 0.001614 
0.020500 0.012500 0.001640 
0.020500 0.013000 0.001614 
0.020500 0.013500 0.001537 
0.020500 0.014000 0.001411 
0.020500 0.014500 0.001243 
0.020500 0.015000 0.001049 
0.020500 0.015500 0.000857 
0.020500 0.016000 0.000652 
0.020500 0.016500 0.000465 
0.020500 0.017000 0.000314 
0.020500 0.017500 0.000201 
0.020500 0.018000 0.000122 
0.020500 0.018500 0.000071 
0.020500 0.019000 0.000040 
0.020500 0.019500 0.000022 
0.020500 0.020000 0.000011 
0.020500 0.020500 0.000006 
0.020500 0.021000 0.000003 
0.020500 0.021500 0.000001 
0.020500 0.022000 0.000001 
0.020500 0.022500 0.000000 
0.020500 0.023000 0.000000 
0.020500 0.023500 0.000000 
0.020500 0.024000 0.000000 
0.020500 0.024500 0.000000 
0.020500 0.025000 343.003749 
0.021000 0.000000 13078.729652 
0.021000 0.000500 0.032448 
0.021000 0.001000 0.020147 
0.021000 0.001500 0.012299 
0.021000 0.002000 0.007367 
0.021000 0.002500 0.004323 
0.021000 0.003000 0.002483 
0.021000 0.003500 0.001395 
0.021000 0.004000 0.000768 
0.021000 0.004500 0.000415 
0.021000 0.005000 0.000224 
0.021000 0.005500 0.000125 
0.021000 0.006000 0.000080 
0.021000 0.006500 0.000069 
0.021000 0.007000 0.000082 
0.021000 0.007500 0.000115 
0.021000 0.008000 0.000169 
0.021000 0.008500 0.000241 
0.021000 0.009000 0.000330 
0.021000 0.009500 0.000424 
0.021000 0.010000 0.000510 
0.021000 0.010500 0.000597 
0.021000 0.011000 0.000675 
0.021000 0.011500 0.000734 
0.021000 0.012000 0.000771 
0.021000 0.012500 0.000783 
0.021000 0.013000 0.000771 
0.021000 0.013500 0.000734 
0.021000 0.014000 0.000675 
0.021000 0.014500 0.000597 
0.021000 0.015000 0.000510 
0.021000 0.015500 0.000424 
0.021000 0.016000 0.000329 
0.021000 0.016500 0.000240 
0.021000 0.017000 0.000166 
0.021000 0.017500 0.000109 
0.021000 0.018000 0.000068 
0.021000 0.018500 0.000041 
0.021000 0.019000 0.000023 
0.021000 0.019500 0.000013 
0.021000 0.020000 0.000007 
0.021000 0.020500 0.000004 
0.021000 0.021000 0.000002 
0.021000 0.021500 0.000001 
0.021000 0.022000 0.000000 
0.021000 0.022500 0.000000 
0.021000 0.023000 0.000000 
0.021000 0.023500 0.000000 
0.021000 0.024000 0.000000 
0.021000 0.024500 0.000000 
0.021000 0.025000 343.002849 
0.021500 0.000000 7441.061595 
0.021500 0.000500 0.018084 
0.021500 0.001000 0.011295 
0.021500 0.001500 0.006949 
0.021500 0.002000 0.004203 
0.021500 0.002500 0.002494 
0.021500 0.003000 0.001451 
0.021500 0.003500 0.000827 
0.021500 0.004000 0.000462 
0.021500 0.004500 0.000254 
0.021500 0.005000 0.000139 
0.021500 0.005500 0.000078 
0.021500 0.006000 0.000050 
0.021500 0.006500 0.000041 
0.021500 0.007000 0.000046 
0.021500 0.007500 0.000063 
0.021500 0.008000 0.000089 
0.021500 0.008500 0.000124 
0.021500 0.009000 0.000166 
0.021500 0.009500 0.000209 
0.021500 0.010000 0.000248 
0.021500 0.010500 0.000287 
0.021500 0.011000 0.000323 
0.021500 0.011500 0.000351 
0.021500 0.012000 0.000368 
0.021500 0.012500 0.000374 
0.021500 0.013000 0.000368 
0.021500 0.013500 0.000351 
0.021500 0.014000 0.000323 
0.021500 0.014500 0.000287 
0.021500 0.015000 0.000248 
0.021500 0.015500 0.000209 
0.021500 0.016000 0.000165 
0.021500 0.016500 0.000123 
0.021500 0.017000 0.000087 
0.021500 0.017500 0.000058 
0.021500 0.018000 0.000037 
0.021500 0.018500 0.000023 
0.021500 0.019000 0.000013 
0.021500 0.019500 0.000008 
0.021500 0.020000 0.000004 
0.021500 0.020500 0.000002 
0.021500 0.021000 0.000001 
0.021500 0.021500 0.000001 
0.021500 0.022000 0.000000 
0.021500 0.022500 0.000000 
0.021500 0.023000 0.000000 
0.021500 0.023500 0.000000 
0.021500 0.024000 0.000000 
0.021500 0.024500 0.000000 
0.021500 0.025000 343.002103 
0.022000 0.000000 4294.018143 
0.022000 0.000500 0.010066 
0.022000 0.001000 0.006319 
0.022000 0.001500 0.003914 
0.022000 0.002000 0.002387 
0.022000 0.002500 0.001431 
0.022000 0.003000 0.000842 
0.022000 0.003500 0.000486 
0.022000 0.004000 0.000276 
0.022000 0.004500 0.000154 
0.022000 0.005000 0.000085 
0.022000 0.005500 0.000049 
0.022000 0.006000 0.000031 
0.022000 0.006500 0.000025 
0.022000 0.007000 0.000026 
0.022000 0.007500 0.000034 
0.022000 0.008000 0.000046 
0.022000 0.008500 0.000063 
0.022000 0.009000 0.000083 
0.022000 0.009500 0.000103 
0.022000 0.010000 0.000120 
0.022000 0.010500 0.000138 
0.022000 0.011000 0.000155 
0.022000 0.011500 0.000168 
0.022000 0.012000 0.000176 
0.022000 0.012500 0.000178 
0.022000 0.013000 0.000176 
0.022000 0.013500 0.000168 
0.022000 0.014000 0.000155 
0.022000 0.014500 0.000138 
0.022000 0.015000 0.000120 
0.022000 0.015500 0.000103 
0.022000 0.016000 0.000083 
0.022000 0.016500 0.000063 
0.022000 0.017000 0.000045 
0.022000 0.017500 0.000031 
0.022000 0.018000 0.000020 
0.022000 0.018500 0.000013 
0.022000 0.019000 0.000008 
0.022000 0.019500 0.000004 
0.022000 0.020000 0.000003 
0.022000 0.020500 0.000001 
0.022000 0.021000 0.000001 
0.022000 0.021500 0.000000 
0.022000 0.022000 0.000000 
0.022000 0.022500 0.000000 
0.022000 0.023000 0.000000 
0.022000 0.023500 0.000000 
0.022000 0.024000 0.000000 
0.022000 0.024500 0.000000 
0.022000 0.025000 343.001512 
0.022500 0.000000 2538.380916 
0.022500 0.000500 0.005593 
0.022500 0.001000 0.003527 
0.022500 0.001500 0.002198 
0.022500 0.002000 0.001350 
0.022500 0.002500 0.000817 
0.022500 0.003000 0.000486 
0.022500 0.003500 0.000284 
0.022500 0.004000 0.000163 
0.022500 0.004500 0.000092 
0.022500 0.005000 0.000052 
0.022500 0.005500 0.000030 
0.022500 0.006000 0.000019 
0.022500 0.006500 0.000015 
0.022500 0.007000 0.000015 
0.022500 0.007500 0.000018 
0.022500 0.008000 0.000024 
0.022500 0.008500 0.000032 
0.022500 0.009000 0.000042 
0.022500 0.009500 0.000051 
0.022500 0.010000 0.000059 
0.022500 0.010500 0.000067 
0.022500 0.011000 0.000074 
0.022500 0.011500 0.000080 
0.022500 0.012000 0.000084 
0.022500 0.012500 0.000085 
0.022500 0.013000 0.000084 
0.022500 0.013500 0.000080 
0.022500 0.014000 0.000074 
0.022500 0.014500 0.000067 
0.022500 0.015000 0.000059 
0.022500 0.015500 0.000051 
0.022500 0.016000 0.000041 
0.022500 0.016500 0.000032 
0.022500 0.017000 0.000023 
0.022500 0.017500 0.000016 
0.022500 0.018000 0.000011 
0.022500 0.018500 0.000007 
0.022500 0.019000 0.000004 
0.022500 0.019500 0.000003 
0.022500 0.020000 0.000001 
0.022500 0.020500 0.000001 
0.022500 0.021000 0.000000 
0.022500 0.021500 0.000000 
0.022500 0.022000 0.000000 
0.022500 0.022500 0.000000 
0.022500 0.023000 0.000000 
0.022500 0.023500 0.000000 
0.022500 0.024000 0.000000 
0.022500 0.024500 0.000000 
0.022500 0.025000 343.001061 
0.023000 0.000000 1557.125403 
0.023000 0.000500 0.003093 
0.023000 0.001000 0.001963 
0.023000 0.001500 0.001230 
0.023000 0.002000 0.000761 
0.023000 0.002500 0.000464 
0.023000 0.003000 0.000279 
0.023000 0.003500 0.000164 
0.023000 0.004000 0.000095 
0.023000 0.004500 0.000055 
0.023000 0.005000 0.000031 
0.023000 0.005500 0.000018 
0.023000 0.006000 0.000011 
0.023000 0.006500 0.000009 
0.023000 0.007000 0.000008 
0.023000 0.007500 0.000010 
0.023000 0.008000 0.000013 
0.023000 0.008500 0.000016 
0.023000 0.009000 0.000021 
0.023000 0.009500 0.000025 
0.023000 0.010000 0.000029 
0.023000 0.010500 0.000032 
0.023000 0.011000 0.000036 
0.023000 0.011500 0.000038 
0.023000 0.012000 0.000040 
0.023000 0.012500 0.000041 
0.023000 0.013000 0.000040 
0.023000 0.013500 0.000038 
0.023000 0.014000 0.000036 
0.023000 0.014500 0.000032 
0.023000 0.015000 0.000028 
0.023000 0.015500 0.000025 
0.023000 0.016000 0.000021 
0.023000 0.016500 0.000016 
0.023000 0.017000 0.000012 
0.023000 0.017500 0.000008 
0.023000 0.018000 0.000006 
0.023000 0.018500 0.000004 
0.023000 0.019000 0.000002 
0.023000 0.019500 0.000001 
0.023000 0.020000 0.000001 
0.023000 0.020500 0.000000 
0.023000 0.021000 0.000000 
0.023000 0.021500 0.000000 
0.023000 0.022000 0.000000 
0.023000 0.022500 0.000000 
0.023000 0.023000 0.000000 
0.023000 0.023500 0.000000 
0.023000 0.024000 0.000000 
0.023000 0.024500 0.000000 
0.023000 0.025000 343.000728 
0.023500 0.000000 1002.807082 
0.023500 0.000500 0.001681 
0.023500 0.001000 0.001082 
0.023500 0.001500 0.000685 
0.023500 0.002000 0.000427 
0.023500 0.002500 0.000263 
0.023500 0.003000 0.000159 
0.023500 0.003500 0.000095 
0.023500 0.004000 0.000056 
0.023500 0.004500 0.000032 
0.023500 0.005000 0.000019 
0.023500 0.005500 0.000011 
0.023500 0.006000 0.000007 
0.023500 0.006500 0.000005 
0.023500 0.007000 0.000005 
0.023500 0.007500 0.000005 
0.023500 0.008000 0.000007 
0.023500 0.008500 0.000008 
0.023500 0.009000 0.000010 
0.023500 0.009500 0.000012 
0.023500 0.010000 0.000014 
0.023500 0.010500 0.000016 
0.023500 0.011000 0.000017 
0.023500 0.011500 0.000018 
0.023500 0.012000 0.000019 
0.023500 0.012500 0.000019 
0.023500 0.013000 0.000019 
0.023500 0.013500 0.000018 
0.023500 0.014000 0.000017 
0.023500 0.014500 0.000016 
0.023500 0.015000 0.000014 
0.023500 0.015500 0.000012 
0.023500 0.016000 0.000010 
0.023500 0.016500 0.000008 
0.023500 0.017000 0.000006 
0.023500 0.017500 0.000004 
0.023500 0.018000 0.000003 
0.023500 0.018500 0.000002 
0.023500 0.019000 0.000001 
0.023500 0.019500 0.000001 
0.023500 0.020000 0.000000 
0.023500 0.020500 0.000000 
0.023500 0.021000 0.000000 
0.023500 0.021500 0.000000 
0.023500 0.022000 0.000000 
0.023500 0.022500 0.000000 
0.023500 0.023000 0.000000 
0.023500 0.023500 0.000000 
0.023500 0.024000 0.000000 
0.023500 0.024500 0.000000 
0.023500 0.025000 343.000490 
0.024000 0.000000 675.782950 
0.024000 0.000500 0.000848 
0.024000 0.001000 0.000576 
0.024000 0.001500 0.000375 
0.024000 0.002000 0.000237 
0.024000 0.002500 0.000148 
0.024000 0.003000 0.000090 
0.024000 0.003500 0.000054 
0.024000 0.004000 0.000032 
0.024000 0.004500 0.000019 
0.024000 0.005000 0.000011 
0.024000 0.005500 0.000006 
0.024000 0.006000 0.000004 
0.024000 0.006500 0.000003 
0.024000 0.007000 0.000003 
0.024000 0.007500 0.000003 
0.024000 0.008000 0.000003 
0.024000 0.008500 0.000004 
0.024000 0.009000 0.000005 
0.024000 0.009500 0.000006 
0.024000 0.010000 0.000007 
0.024000 0.010500 0.000008 
0.024000 0.011000 0.000008 
0.024000 0.011500 0.000009 
0.024000 0.012000 0.000009 
0.024000 0.012500 0.000009 
0.024000 0.013000 0.000009 
0.024000 0.013500 0.000009 
0.024000 0.014000 0.000008 
0.024000 0.014500 0.000008 
0.024000 0.015000 0.000007 
0.024000 0.015500 0.000006 
0.024000 0.016000 0.000005 
0.024000 0.016500 0.000004 
0.024000 0.017000 0.000003 
0.024000 0.017500 0.000002 
0.024000 0.018000 0.000002 
0.024000 0.018500 0.000001 
0.024000 0.019000 0.000001 
0.024000 0.019500 0.000000 
0.024000 0.020000 0.000000 
0.024000 0.020500 0.000000 
0.024000 0.021000 0.000000 
0.024000 0.021500 0.000000 
0.024000 0.022000 0.000000 
0.024000 0.022500 0.000000 
0.024000 0.023000 0.000000 
0.024000 0.023500 0.000000 
0.024000 0.024000 0.000000 
0.024000 0.024500 0.000000 
0.024000 0.025000 343.000323 
0.024500 0.000000 451.809964 
0.024500 0.000500 0.000277 
0.024500 0.001000 0.000261 
0.024500 0.001500 0.000191 
0.024500 0.002000 0.000127 
0.024500 0.002500 0.000081 
0.024500 0.003000 0.000051 
0.024500 0.003500 0.000031 
0.024500 0.004000 0.000018 
0.024500 0.004500 0.000011 
0.024500 0.005000 0.000006 
0.024500 0.005500 0.000004 
0.024500 0.006000 0.000002 
0.024500 0.006500 0.000002 
0.024500 0.007000 0.000001 
0.024500 0.007500 0.000001 
0.024500 0.008000 0.000002 
0.024500 0.008500 0.000002 
0.024500 0.009000 0.000003 
0.024500 0.009500 0.000003 
0.024500 0.010000 0.000003 
0.024500 0.010500 0.000004 
0.024500 0.011000 0.000004 
0.024500 0.011500 0.000004 
0.024500 0.012000 0.000004 
0.024500 0.012500 0.000004 
0.024500 0.013000 0.000004 
0.024500 0.013500 0.000004 
0.024500 0.014000 0.000004 
0.024500 0.014500 0.000004 
0.024500 0.015000 0.000003 
0.024500 0.015500 0.000003 
0.024500 0.016000 0.000003 
0.024500 0.016500 0.000002 
0.024500 0.017000 0.000002 
0.024500 0.017500 0.000001 
0.024500 0.018000 0.000001 
0.024500 0.018500 0.000001 
0.024500 0.019000 0.000000 
0.024500 0.019500 0.000000 
0.024500 0.020000 0.000000 
0.024500 0.020500 0.000000 
0.024500 0.021000 0.000000 
0.024500 0.021500 0.000000 
0.024500 0.022000 0.000000 
0.024500 0.022500 0.000000 
0.024500 0.023000 0.000000 
0.024500 0.023500 0.000000 
0.024500 0.024000 0.000000 
0.024500 0.024500 0.000000 
0.024500 0.025000 343.000209 
0.025000 0.000000 343.000000 
0.025000 0.000500 451.809964 
0.025000 0.001000 445.456905 
0.025000 0.001500 417.871136 
0.025000 0.002000 392.990419 
0.025000 0.002500 374.938097 
0.025000 0.003000 362.860553 
0.025000 0.003500 355.105473 
0.025000 0.004000 350.257539 
0.025000 0.004500 347.293912 
0.025000 0.005000 345.524136 
0.025000 0.005500 344.499457 
0.025000 0.006000 343.936323 
0.025000 0.006500 343.660036 
0.025000 0.007000 343.565178 
0.025000 0.007500 343.588299 
0.025000 0.008000 343.689151 
0.025000 0.008500 343.837980 
0.025000 0.009000 344.007450 
0.025000 0.009500 344.168619 
0.025000 0.010000 344.290627 
0.025000 0.010500 344.425705 
0.025000 0.011000 344.553501 
0.025000 0.011500 344.657112 
0.025000 0.012000 344.724183 
0.025000 0.012500 344.747313 
0.025000 0.013000 344.724028 
0.025000 0.013500 344.656704 
0.025000 0.014000 344.552591 
0.025000 0.014500 344.423745 
0.025000 0.015000 344.286474 
0.025000 0.015500 344.159931 
0.025000 0.016000 343.990048 
0.025000 0.016500 343.803838 
0.025000 0.017000 343.623228 
0.025000 0.017500 343.462930 
0.025000 0.018000 343.330385 
0.025000 0.018500 343.227132 
0.025000 0.019000 343.150767 
0.025000 0.019500 343.096836 
0.025000 0.020000 343.060303 
0.025000 0.020500 343.036477 
0.025000 0.021000 343.021470 
0.025000 0.021500 343.012316 
0.025000 0.022000 343.006895 
0.025000 0.022500 343.003772 
0.025000 0.023000 343.002015 
0.025000 0.023500 343.001046 
0.025000 0.024000 343.000514 
0.025000 0.024500 343.000209 
0.025000 0.025000 343.000000 
