0.000000 0.000000 0.000000 
0.000000 0.020000 53.564335 
0.000000 0.040000 0.000000 
0.000000 0.060000 0.000000 
0.000000 0.080000 0.000000 
0.000000 0.100000 0.000000 
0.000000 0.120000 0.000000 
0.000000 0.140000 0.000000 
0.000000 0.160000 0.000000 
0.000000 0.180000 0.000000 
0.000000 0.200000 0.000000 
0.000000 0.220000 0.000000 
0.000000 0.240000 0.000000 
0.000000 0.260000 0.000000 
0.000000 0.280000 0.000000 
0.000000 0.300000 0.000000 
0.000000 0.320000 0.000000 
0.000000 0.340000 0.000000 
0.000000 0.360000 0.000000 
0.000000 0.380000 0.000000 
0.000000 0.400000 0.000000 
0.000000 0.420000 0.000000 
0.000000 0.440000 0.000000 
0.000000 0.460000 0.000000 
0.000000 0.480000 0.000000 
0.000000 0.500000 0.000000 
0.000000 0.520000 0.000000 
0.000000 0.540000 0.000000 
0.000000 0.560000 0.000000 
0.000000 0.580000 0.000000 
0.000000 0.600000 0.000000 
0.000000 0.620000 0.000000 
0.000000 0.640000 0.000000 
0.000000 0.660000 0.000000 
0.000000 0.680000 0.000000 
0.000000 0.700000 0.000000 
0.000000 0.720000 0.000000 
0.000000 0.740000 0.000000 
0.000000 0.760000 0.000000 
0.000000 0.780000 0.000000 
0.000000 0.800000 0.000000 
0.000000 0.820000 0.000000 
0.000000 0.840000 0.000000 
0.000000 0.860000 0.000000 
0.000000 0.880000 0.000000 
0.000000 0.900000 0.000000 
0.000000 0.920000 0.000000 
0.000000 0.940000 0.000000 
0.000000 0.960000 0.000000 
0.000000 0.980000 0.000000 
0.000000 1.000000 0.000000 
0.020000 0.000000 21.910545 
0.020000 0.020000 0.008764 
0.020000 0.040000 0.002495 
0.020000 0.060000 0.000815 
0.020000 0.080000 0.000365 
0.020000 0.100000 0.000244 
0.020000 0.120000 0.000212 
0.020000 0.140000 0.000203 
0.020000 0.160000 0.000201 
0.020000 0.180000 0.000200 
0.020000 0.200000 0.000200 
0.020000 0.220000 0.000200 
0.020000 0.240000 0.000200 
0.020000 0.260000 0.000200 
0.020000 0.280000 0.000200 
0.020000 0.300000 0.000200 
0.020000 0.320000 0.000200 
0.020000 0.340000 0.000200 
0.020000 0.360000 0.000200 
0.020000 0.380000 0.000200 
0.020000 0.400000 0.000200 
0.020000 0.420000 0.000200 
0.020000 0.440000 0.000200 
0.020000 0.460000 0.000200 
0.020000 0.480000 0.000200 
0.020000 0.500000 0.000200 
0.020000 0.520000 0.000200 
0.020000 0.540000 0.000200 
0.020000 0.560000 0.000200 
0.020000 0.580000 0.000200 
0.020000 0.600000 0.000200 
0.020000 0.620000 0.000200 
0.020000 0.640000 0.000200 
0.020000 0.660000 0.000200 
0.020000 0.680000 0.000200 
0.020000 0.700000 0.000200 
0.020000 0.720000 0.000200 
0.020000 0.740000 0.000200 
0.020000 0.760000 0.000200 
0.020000 0.780000 0.000200 
0.020000 0.800000 0.000200 
0.020000 0.820000 0.000200 
0.020000 0.840000 0.000200 
0.020000 0.860000 0.000200 
0.020000 0.880000 0.000200 
0.020000 0.900000 0.000200 
0.020000 0.920000 0.000199 
0.020000 0.940000 0.000196 
0.020000 0.960000 0.000186 
0.020000 0.980000 0.000146 
0.020000 1.000000 0.366025 
0.040000 0.000000 30.699357 
0.040000 0.020000 0.012280 
0.040000 0.040000 0.004172 
0.040000 0.060000 0.001515 
0.040000 0.080000 0.000673 
0.040000 0.100000 0.000413 
0.040000 0.120000 0.000334 
0.040000 0.140000 0.000310 
0.040000 0.160000 0.000303 
0.040000 0.180000 0.000301 
0.040000 0.200000 0.000300 
0.040000 0.220000 0.000300 
0.040000 0.240000 0.000300 
0.040000 0.260000 0.000300 
0.040000 0.280000 0.000300 
0.040000 0.300000 0.000300 
0.040000 0.320000 0.000300 
0.040000 0.340000 0.000300 
0.040000 0.360000 0.000300 
0.040000 0.380000 0.000300 
0.040000 0.400000 0.000300 
0.040000 0.420000 0.000300 
0.040000 0.440000 0.000300 
0.040000 0.460000 0.000300 
0.040000 0.480000 0.000300 
0.040000 0.500000 0.000300 
0.040000 0.520000 0.000300 
0.040000 0.540000 0.000300 
0.040000 0.560000 0.000300 
0.040000 0.580000 0.000300 
0.040000 0.600000 0.000300 
0.040000 0.620000 0.000300 
0.040000 0.640000 0.000300 
0.040000 0.660000 0.000300 
0.040000 0.680000 0.000300 
0.040000 0.700000 0.000300 
0.040000 0.720000 0.000300 
0.040000 0.740000 0.000300 
0.040000 0.760000 0.000300 
0.040000 0.780000 0.000300 
0.040000 0.800000 0.000300 
0.040000 0.820000 0.000300 
0.040000 0.840000 0.000300 
0.040000 0.860000 0.000300 
0.040000 0.880000 0.000300 
0.040000 0.900000 0.000299 
0.040000 0.920000 0.000297 
0.040000 0.940000 0.000291 
0.040000 0.960000 0.000270 
0.040000 0.980000 0.000204 
0.040000 1.000000 0.510363 
0.060000 0.000000 31.203134 
0.060000 0.020000 0.012481 
0.060000 0.040000 0.004733 
0.060000 0.060000 0.001879 
0.060000 0.080000 0.000869 
0.060000 0.100000 0.000522 
0.060000 0.120000 0.000406 
0.060000 0.140000 0.000368 
0.060000 0.160000 0.000356 
0.060000 0.180000 0.000352 
0.060000 0.200000 0.000351 
0.060000 0.220000 0.000350 
0.060000 0.240000 0.000350 
0.060000 0.260000 0.000350 
0.060000 0.280000 0.000350 
0.060000 0.300000 0.000350 
0.060000 0.320000 0.000350 
0.060000 0.340000 0.000350 
0.060000 0.360000 0.000350 
0.060000 0.380000 0.000350 
0.060000 0.400000 0.000350 
0.060000 0.420000 0.000350 
0.060000 0.440000 0.000350 
0.060000 0.460000 0.000350 
0.060000 0.480000 0.000350 
0.060000 0.500000 0.000350 
0.060000 0.520000 0.000350 
0.060000 0.540000 0.000350 
0.060000 0.560000 0.000350 
0.060000 0.580000 0.000350 
0.060000 0.600000 0.000350 
0.060000 0.620000 0.000350 
0.060000 0.640000 0.000350 
0.060000 0.660000 0.000350 
0.060000 0.680000 0.000350 
0.060000 0.700000 0.000350 
0.060000 0.720000 0.000350 
0.060000 0.740000 0.000350 
0.060000 0.760000 0.000350 
0.060000 0.780000 0.000350 
0.060000 0.800000 0.000350 
0.060000 0.820000 0.000350 
0.060000 0.840000 0.000350 
0.060000 0.860000 0.000350 
0.060000 0.880000 0.000350 
0.060000 0.900000 0.000349 
0.060000 0.920000 0.000346 
0.060000 0.940000 0.000336 
0.060000 0.960000 0.000309 
0.060000 0.980000 0.000228 
0.060000 1.000000 0.570504 
0.080000 0.000000 22.264752 
0.080000 0.020000 0.008906 
0.080000 0.040000 0.003956 
0.080000 0.060000 0.001785 
0.080000 0.080000 0.000905 
0.080000 0.100000 0.000567 
0.080000 0.120000 0.000443 
0.080000 0.140000 0.000398 
0.080000 0.160000 0.000383 
0.080000 0.180000 0.000378 
0.080000 0.200000 0.000376 
0.080000 0.220000 0.000375 
0.080000 0.240000 0.000375 
0.080000 0.260000 0.000375 
0.080000 0.280000 0.000375 
0.080000 0.300000 0.000375 
0.080000 0.320000 0.000375 
0.080000 0.340000 0.000375 
0.080000 0.360000 0.000375 
0.080000 0.380000 0.000375 
0.080000 0.400000 0.000375 
0.080000 0.420000 0.000375 
0.080000 0.440000 0.000375 
0.080000 0.460000 0.000375 
0.080000 0.480000 0.000375 
0.080000 0.500000 0.000375 
0.080000 0.520000 0.000375 
0.080000 0.540000 0.000375 
0.080000 0.560000 0.000375 
0.080000 0.580000 0.000375 
0.080000 0.600000 0.000375 
0.080000 0.620000 0.000375 
0.080000 0.640000 0.000375 
0.080000 0.660000 0.000375 
0.080000 0.680000 0.000375 
0.080000 0.700000 0.000375 
0.080000 0.720000 0.000375 
0.080000 0.740000 0.000375 
0.080000 0.760000 0.000375 
0.080000 0.780000 0.000375 
0.080000 0.800000 0.000375 
0.080000 0.820000 0.000375 
0.080000 0.840000 0.000375 
0.080000 0.860000 0.000375 
0.080000 0.880000 0.000374 
0.080000 0.900000 0.000373 
0.080000 0.920000 0.000369 
0.080000 0.940000 0.000358 
0.080000 0.960000 0.000326 
0.080000 0.980000 0.000239 
0.080000 1.000000 0.596565 
0.100000 0.000000 13.975418 
0.100000 0.020000 0.005590 
0.100000 0.040000 0.002707 
0.100000 0.060000 0.001283 
0.100000 0.080000 0.000638 
0.100000 0.100000 0.000365 
0.100000 0.120000 0.000255 
0.100000 0.140000 0.000213 
0.100000 0.160000 0.000197 
0.100000 0.180000 0.000191 
0.100000 0.200000 0.000189 
0.100000 0.220000 0.000188 
0.100000 0.240000 0.000188 
0.100000 0.260000 0.000188 
0.100000 0.280000 0.000188 
0.100000 0.300000 0.000188 
0.100000 0.320000 0.000188 
0.100000 0.340000 0.000188 
0.100000 0.360000 0.000188 
0.100000 0.380000 0.000188 
0.100000 0.400000 0.000188 
0.100000 0.420000 0.000188 
0.100000 0.440000 0.000188 
0.100000 0.460000 0.000188 
0.100000 0.480000 0.000188 
0.100000 0.500000 0.000188 
0.100000 0.520000 0.000188 
0.100000 0.540000 0.000188 
0.100000 0.560000 0.000187 
0.100000 0.580000 0.000187 
0.100000 0.600000 0.000187 
0.100000 0.620000 0.000187 
0.100000 0.640000 0.000187 
0.100000 0.660000 0.000187 
0.100000 0.680000 0.000187 
0.100000 0.700000 0.000187 
0.100000 0.720000 0.000187 
0.100000 0.740000 0.000187 
0.100000 0.760000 0.000187 
0.100000 0.780000 0.000187 
0.100000 0.800000 0.000187 
0.100000 0.820000 0.000187 
0.100000 0.840000 0.000187 
0.100000 0.860000 0.000187 
0.100000 0.880000 0.000187 
0.100000 0.900000 0.000185 
0.100000 0.920000 0.000182 
0.100000 0.940000 0.000172 
0.100000 0.960000 0.000149 
0.100000 0.980000 0.000097 
0.100000 1.000000 0.242150 
0.120000 0.000000 8.393249 
0.120000 0.020000 0.003357 
0.120000 0.040000 0.001732 
0.120000 0.060000 0.000862 
0.120000 0.080000 0.000435 
0.120000 0.100000 0.000238 
0.120000 0.120000 0.000153 
0.120000 0.140000 0.000117 
0.120000 0.160000 0.000103 
0.120000 0.180000 0.000097 
0.120000 0.200000 0.000095 
0.120000 0.220000 0.000094 
0.120000 0.240000 0.000094 
0.120000 0.260000 0.000094 
0.120000 0.280000 0.000094 
0.120000 0.300000 0.000094 
0.120000 0.320000 0.000094 
0.120000 0.340000 0.000094 
0.120000 0.360000 0.000094 
0.120000 0.380000 0.000094 
0.120000 0.400000 0.000094 
0.120000 0.420000 0.000094 
0.120000 0.440000 0.000094 
0.120000 0.460000 0.000094 
0.120000 0.480000 0.000094 
0.120000 0.500000 0.000094 
0.120000 0.520000 0.000094 
0.120000 0.540000 0.000094 
0.120000 0.560000 0.000094 
0.120000 0.580000 0.000094 
0.120000 0.600000 0.000094 
0.120000 0.620000 0.000094 
0.120000 0.640000 0.000094 
0.120000 0.660000 0.000094 
0.120000 0.680000 0.000094 
0.120000 0.700000 0.000094 
0.120000 0.720000 0.000094 
0.120000 0.740000 0.000094 
0.120000 0.760000 0.000094 
0.120000 0.780000 0.000094 
0.120000 0.800000 0.000094 
0.120000 0.820000 0.000094 
0.120000 0.840000 0.000094 
0.120000 0.860000 0.000093 
0.120000 0.880000 0.000093 
0.120000 0.900000 0.000092 
0.120000 0.920000 0.000089 
0.120000 0.940000 0.000082 
0.120000 0.960000 0.000068 
0.120000 0.980000 0.000041 
0.120000 1.000000 0.103088 
0.140000 0.000000 4.921535 
0.140000 0.020000 0.001969 
0.140000 0.040000 0.001063 
0.140000 0.060000 0.000553 
0.140000 0.080000 0.000285 
0.140000 0.100000 0.000154 
0.140000 0.120000 0.000093 
0.140000 0.140000 0.000066 
0.140000 0.160000 0.000055 
0.140000 0.180000 0.000050 
0.140000 0.200000 0.000048 
0.140000 0.220000 0.000047 
0.140000 0.240000 0.000047 
0.140000 0.260000 0.000047 
0.140000 0.280000 0.000047 
0.140000 0.300000 0.000047 
0.140000 0.320000 0.000047 
0.140000 0.340000 0.000047 
0.140000 0.360000 0.000047 
0.140000 0.380000 0.000047 
0.140000 0.400000 0.000047 
0.140000 0.420000 0.000047 
0.140000 0.440000 0.000047 
0.140000 0.460000 0.000047 
0.140000 0.480000 0.000047 
0.140000 0.500000 0.000047 
0.140000 0.520000 0.000047 
0.140000 0.540000 0.000047 
0.140000 0.560000 0.000047 
0.140000 0.580000 0.000047 
0.140000 0.600000 0.000047 
0.140000 0.620000 0.000047 
0.140000 0.640000 0.000047 
0.140000 0.660000 0.000047 
0.140000 0.680000 0.000047 
0.140000 0.700000 0.000047 
0.140000 0.720000 0.000047 
0.140000 0.740000 0.000047 
0.140000 0.760000 0.000047 
0.140000 0.780000 0.000047 
0.140000 0.800000 0.000047 
0.140000 0.820000 0.000047 
0.140000 0.840000 0.000047 
0.140000 0.860000 0.000047 
0.140000 0.880000 0.000046 
0.140000 0.900000 0.000045 
0.140000 0.920000 0.000043 
0.140000 0.940000 0.000039 
0.140000 0.960000 0.000031 
0.140000 0.980000 0.000018 
0.140000 1.000000 0.045380 
0.160000 0.000000 2.844274 
0.160000 0.020000 0.001138 
0.160000 0.040000 0.000636 
0.160000 0.060000 0.000343 
0.160000 0.080000 0.000182 
0.160000 0.100000 0.000098 
0.160000 0.120000 0.000057 
0.160000 0.140000 0.000038 
0.160000 0.160000 0.000030 
0.160000 0.180000 0.000026 
0.160000 0.200000 0.000024 
0.160000 0.220000 0.000024 
0.160000 0.240000 0.000024 
0.160000 0.260000 0.000023 
0.160000 0.280000 0.000023 
0.160000 0.300000 0.000023 
0.160000 0.320000 0.000023 
0.160000 0.340000 0.000023 
0.160000 0.360000 0.000023 
0.160000 0.380000 0.000023 
0.160000 0.400000 0.000023 
0.160000 0.420000 0.000023 
0.160000 0.440000 0.000023 
0.160000 0.460000 0.000023 
0.160000 0.480000 0.000023 
0.160000 0.500000 0.000023 
0.160000 0.520000 0.000023 
0.160000 0.540000 0.000023 
0.160000 0.560000 0.000023 
0.160000 0.580000 0.000023 
0.160000 0.600000 0.000023 
0.160000 0.620000 0.000023 
0.160000 0.640000 0.000023 
0.160000 0.660000 0.000023 
0.160000 0.680000 0.000023 
0.160000 0.700000 0.000023 
0.160000 0.720000 0.000023 
0.160000 0.740000 0.000023 
0.160000 0.760000 0.000023 
0.160000 0.780000 0.000023 
0.160000 0.800000 0.000023 
0.160000 0.820000 0.000023 
0.160000 0.840000 0.000023 
0.160000 0.860000 0.000023 
0.160000 0.880000 0.000023 
0.160000 0.900000 0.000022 
0.160000 0.920000 0.000021 
0.160000 0.940000 0.000019 
0.160000 0.960000 0.000015 
0.160000 0.980000 0.000008 
0.160000 1.000000 0.020454 
0.180000 0.000000 1.628201 
0.180000 0.020000 0.000651 
0.180000 0.040000 0.000374 
0.180000 0.060000 0.000207 
0.180000 0.080000 0.000113 
0.180000 0.100000 0.000062 
0.180000 0.120000 0.000035 
0.180000 0.140000 0.000023 
0.180000 0.160000 0.000017 
0.180000 0.180000 0.000014 
0.180000 0.200000 0.000013 
0.180000 0.220000 0.000012 
0.180000 0.240000 0.000012 
0.180000 0.260000 0.000012 
0.180000 0.280000 0.000012 
0.180000 0.300000 0.000012 
0.180000 0.320000 0.000012 
0.180000 0.340000 0.000012 
0.180000 0.360000 0.000012 
0.180000 0.380000 0.000012 
0.180000 0.400000 0.000012 
0.180000 0.420000 0.000012 
0.180000 0.440000 0.000012 
0.180000 0.460000 0.000012 
0.180000 0.480000 0.000012 
0.180000 0.500000 0.000012 
0.180000 0.520000 0.000012 
0.180000 0.540000 0.000012 
0.180000 0.560000 0.000012 
0.180000 0.580000 0.000012 
0.180000 0.600000 0.000012 
0.180000 0.620000 0.000012 
0.180000 0.640000 0.000012 
0.180000 0.660000 0.000012 
0.180000 0.680000 0.000012 
0.180000 0.700000 0.000012 
0.180000 0.720000 0.000012 
0.180000 0.740000 0.000012 
0.180000 0.760000 0.000012 
0.180000 0.780000 0.000012 
0.180000 0.800000 0.000012 
0.180000 0.820000 0.000012 
0.180000 0.840000 0.000012 
0.180000 0.860000 0.000012 
0.180000 0.880000 0.000011 
0.180000 0.900000 0.000011 
0.180000 0.920000 0.000010 
0.180000 0.940000 0.000009 
0.180000 0.960000 0.000007 
0.180000 0.980000 0.000004 
0.180000 1.000000 0.009376 
0.200000 0.000000 0.925907 
0.200000 0.020000 0.000370 
0.200000 0.040000 0.000217 
0.200000 0.060000 0.000123 
0.200000 0.080000 0.000068 
0.200000 0.100000 0.000038 
0.200000 0.120000 0.000022 
0.200000 0.140000 0.000013 
0.200000 0.160000 0.000009 
0.200000 0.180000 0.000007 
0.200000 0.200000 0.000007 
0.200000 0.220000 0.000006 
0.200000 0.240000 0.000006 
0.200000 0.260000 0.000006 
0.200000 0.280000 0.000006 
0.200000 0.300000 0.000006 
0.200000 0.320000 0.000006 
0.200000 0.340000 0.000006 
0.200000 0.360000 0.000006 
0.200000 0.380000 0.000006 
0.200000 0.400000 0.000006 
0.200000 0.420000 0.000006 
0.200000 0.440000 0.000006 
0.200000 0.460000 0.000006 
0.200000 0.480000 0.000006 
0.200000 0.500000 0.000006 
0.200000 0.520000 0.000006 
0.200000 0.540000 0.000006 
0.200000 0.560000 0.000006 
0.200000 0.580000 0.000006 
0.200000 0.600000 0.000006 
0.200000 0.620000 0.000006 
0.200000 0.640000 0.000006 
0.200000 0.660000 0.000006 
0.200000 0.680000 0.000006 
0.200000 0.700000 0.000006 
0.200000 0.720000 0.000006 
0.200000 0.740000 0.000006 
0.200000 0.760000 0.000006 
0.200000 0.780000 0.000006 
0.200000 0.800000 0.000006 
0.200000 0.820000 0.000006 
0.200000 0.840000 0.000006 
0.200000 0.860000 0.000006 
0.200000 0.880000 0.000006 
0.200000 0.900000 0.000005 
0.200000 0.920000 0.000005 
0.200000 0.940000 0.000004 
0.200000 0.960000 0.000003 
0.200000 0.980000 0.000002 
0.200000 1.000000 0.004352 
0.220000 0.000000 0.524004 
0.220000 0.020000 0.000210 
0.220000 0.040000 0.000125 
0.220000 0.060000 0.000072 
0.220000 0.080000 0.000041 
0.220000 0.100000 0.000023 
0.220000 0.120000 0.000013 
0.220000 0.140000 0.000008 
0.220000 0.160000 0.000005 
0.220000 0.180000 0.000004 
0.220000 0.200000 0.000003 
0.220000 0.220000 0.000003 
0.220000 0.240000 0.000003 
0.220000 0.260000 0.000003 
0.220000 0.280000 0.000003 
0.220000 0.300000 0.000003 
0.220000 0.320000 0.000003 
0.220000 0.340000 0.000003 
0.220000 0.360000 0.000003 
0.220000 0.380000 0.000003 
0.220000 0.400000 0.000003 
0.220000 0.420000 0.000003 
0.220000 0.440000 0.000003 
0.220000 0.460000 0.000003 
0.220000 0.480000 0.000003 
0.220000 0.500000 0.000003 
0.220000 0.520000 0.000003 
0.220000 0.540000 0.000003 
0.220000 0.560000 0.000003 
0.220000 0.580000 0.000003 
0.220000 0.600000 0.000003 
0.220000 0.620000 0.000003 
0.220000 0.640000 0.000003 
0.220000 0.660000 0.000003 
0.220000 0.680000 0.000003 
0.220000 0.700000 0.000003 
0.220000 0.720000 0.000003 
0.220000 0.740000 0.000003 
0.220000 0.760000 0.000003 
0.220000 0.780000 0.000003 
0.220000 0.800000 0.000003 
0.220000 0.820000 0.000003 
0.220000 0.840000 0.000003 
0.220000 0.860000 0.000003 
0.220000 0.880000 0.000003 
0.220000 0.900000 0.000003 
0.220000 0.920000 0.000002 
0.220000 0.940000 0.000002 
0.220000 0.960000 0.000002 
0.220000 0.980000 0.000001 
0.220000 1.000000 0.002039 
0.240000 0.000000 0.295480 
0.240000 0.020000 0.000118 
0.240000 0.040000 0.000071 
0.240000 0.060000 0.000042 
0.240000 0.080000 0.000024 
0.240000 0.100000 0.000014 
0.240000 0.120000 0.000008 
0.240000 0.140000 0.000005 
0.240000 0.160000 0.000003 
0.240000 0.180000 0.000002 
0.240000 0.200000 0.000002 
0.240000 0.220000 0.000002 
0.240000 0.240000 0.000002 
0.240000 0.260000 0.000001 
0.240000 0.280000 0.000001 
0.240000 0.300000 0.000001 
0.240000 0.320000 0.000001 
0.240000 0.340000 0.000001 
0.240000 0.360000 0.000001 
0.240000 0.380000 0.000001 
0.240000 0.400000 0.000001 
0.240000 0.420000 0.000001 
0.240000 0.440000 0.000001 
0.240000 0.460000 0.000001 
0.240000 0.480000 0.000001 
0.240000 0.500000 0.000001 
0.240000 0.520000 0.000001 
0.240000 0.540000 0.000001 
0.240000 0.560000 0.000001 
0.240000 0.580000 0.000001 
0.240000 0.600000 0.000001 
0.240000 0.620000 0.000001 
0.240000 0.640000 0.000001 
0.240000 0.660000 0.000001 
0.240000 0.680000 0.000001 
0.240000 0.700000 0.000001 
0.240000 0.720000 0.000001 
0.240000 0.740000 0.000001 
0.240000 0.760000 0.000001 
0.240000 0.780000 0.000001 
0.240000 0.800000 0.000001 
0.240000 0.820000 0.000001 
0.240000 0.840000 0.000001 
0.240000 0.860000 0.000001 
0.240000 0.880000 0.000001 
0.240000 0.900000 0.000001 
0.240000 0.920000 0.000001 
0.240000 0.940000 0.000001 
0.240000 0.960000 0.000001 
0.240000 0.980000 0.000000 
0.240000 1.000000 0.000963 
0.260000 0.000000 0.166153 
0.260000 0.020000 0.000066 
0.260000 0.040000 0.000040 
0.260000 0.060000 0.000024 
0.260000 0.080000 0.000014 
0.260000 0.100000 0.000008 
0.260000 0.120000 0.000005 
0.260000 0.140000 0.000003 
0.260000 0.160000 0.000002 
0.260000 0.180000 0.000001 
0.260000 0.200000 0.000001 
0.260000 0.220000 0.000001 
0.260000 0.240000 0.000001 
0.260000 0.260000 0.000001 
0.260000 0.280000 0.000001 
0.260000 0.300000 0.000001 
0.260000 0.320000 0.000001 
0.260000 0.340000 0.000001 
0.260000 0.360000 0.000001 
0.260000 0.380000 0.000001 
0.260000 0.400000 0.000001 
0.260000 0.420000 0.000001 
0.260000 0.440000 0.000001 
0.260000 0.460000 0.000001 
0.260000 0.480000 0.000001 
0.260000 0.500000 0.000001 
0.260000 0.520000 0.000001 
0.260000 0.540000 0.000001 
0.260000 0.560000 0.000001 
0.260000 0.580000 0.000001 
0.260000 0.600000 0.000001 
0.260000 0.620000 0.000001 
0.260000 0.640000 0.000001 
0.260000 0.660000 0.000001 
0.260000 0.680000 0.000001 
0.260000 0.700000 0.000001 
0.260000 0.720000 0.000001 
0.260000 0.740000 0.000001 
0.260000 0.760000 0.000001 
0.260000 0.780000 0.000001 
0.260000 0.800000 0.000001 
0.260000 0.820000 0.000001 
0.260000 0.840000 0.000001 
0.260000 0.860000 0.000001 
0.260000 0.880000 0.000001 
0.260000 0.900000 0.000001 
0.260000 0.920000 0.000001 
0.260000 0.940000 0.000000 
0.260000 0.960000 0.000000 
0.260000 0.980000 0.000000 
0.260000 1.000000 0.000457 
0.280000 0.000000 0.093225 
0.280000 0.020000 0.000037 
0.280000 0.040000 0.000023 
0.280000 0.060000 0.000014 
0.280000 0.080000 0.000008 
0.280000 0.100000 0.000005 
0.280000 0.120000 0.000003 
0.280000 0.140000 0.000002 
0.280000 0.160000 0.000001 
0.280000 0.180000 0.000001 
0.280000 0.200000 0.000001 
0.280000 0.220000 0.000000 
0.280000 0.240000 0.000000 
0.280000 0.260000 0.000000 
0.280000 0.280000 0.000000 
0.280000 0.300000 0.000000 
0.280000 0.320000 0.000000 
0.280000 0.340000 0.000000 
0.280000 0.360000 0.000000 
0.280000 0.380000 0.000000 
0.280000 0.400000 0.000000 
0.280000 0.420000 0.000000 
0.280000 0.440000 0.000000 
0.280000 0.460000 0.000000 
0.280000 0.480000 0.000000 
0.280000 0.500000 0.000000 
0.280000 0.520000 0.000000 
0.280000 0.540000 0.000000 
0.280000 0.560000 0.000000 
0.280000 0.580000 0.000000 
0.280000 0.600000 0.000000 
0.280000 0.620000 0.000000 
0.280000 0.640000 0.000000 
0.280000 0.660000 0.000000 
0.280000 0.680000 0.000000 
0.280000 0.700000 0.000000 
0.280000 0.720000 0.000000 
0.280000 0.740000 0.000000 
0.280000 0.760000 0.000000 
0.280000 0.780000 0.000000 
0.280000 0.800000 0.000000 
0.280000 0.820000 0.000000 
0.280000 0.840000 0.000000 
0.280000 0.860000 0.000000 
0.280000 0.880000 0.000000 
0.280000 0.900000 0.000000 
0.280000 0.920000 0.000000 
0.280000 0.940000 0.000000 
0.280000 0.960000 0.000000 
0.280000 0.980000 0.000000 
0.280000 1.000000 0.000218 
0.300000 0.000000 0.052214 
0.300000 0.020000 0.000021 
0.300000 0.040000 0.000013 
0.300000 0.060000 0.000008 
0.300000 0.080000 0.000005 
0.300000 0.100000 0.000003 
0.300000 0.120000 0.000002 
0.300000 0.140000 0.000001 
0.300000 0.160000 0.000001 
0.300000 0.180000 0.000000 
0.300000 0.200000 0.000000 
0.300000 0.220000 0.000000 
0.300000 0.240000 0.000000 
0.300000 0.260000 0.000000 
0.300000 0.280000 0.000000 
0.300000 0.300000 0.000000 
0.300000 0.320000 0.000000 
0.300000 0.340000 0.000000 
0.300000 0.360000 0.000000 
0.300000 0.380000 0.000000 
0.300000 0.400000 0.000000 
0.300000 0.420000 0.000000 
0.300000 0.440000 0.000000 
0.300000 0.460000 0.000000 
0.300000 0.480000 0.000000 
0.300000 0.500000 0.000000 
0.300000 0.520000 0.000000 
0.300000 0.540000 0.000000 
0.300000 0.560000 0.000000 
0.300000 0.580000 0.000000 
0.300000 0.600000 0.000000 
0.300000 0.620000 0.000000 
0.300000 0.640000 0.000000 
0.300000 0.660000 0.000000 
0.300000 0.680000 0.000000 
0.300000 0.700000 0.000000 
0.300000 0.720000 0.000000 
0.300000 0.740000 0.000000 
0.300000 0.760000 0.000000 
0.300000 0.780000 0.000000 
0.300000 0.800000 0.000000 
0.300000 0.820000 0.000000 
0.300000 0.840000 0.000000 
0.300000 0.860000 0.000000 
0.300000 0.880000 0.000000 
0.300000 0.900000 0.000000 
0.300000 0.920000 0.000000 
0.300000 0.940000 0.000000 
0.300000 0.960000 0.000000 
0.300000 0.980000 0.000000 
0.300000 1.000000 0.000105 
0.320000 0.000000 0.029203 
0.320000 0.020000 0.000012 
0.320000 0.040000 0.000007 
0.320000 0.060000 0.000004 
0.320000 0.080000 0.000003 
0.320000 0.100000 0.000002 
0.320000 0.120000 0.000001 
0.320000 0.140000 0.000001 
0.320000 0.160000 0.000000 
0.320000 0.180000 0.000000 
0.320000 0.200000 0.000000 
0.320000 0.220000 0.000000 
0.320000 0.240000 0.000000 
0.320000 0.260000 0.000000 
0.320000 0.280000 0.000000 
0.320000 0.300000 0.000000 
0.320000 0.320000 0.000000 
0.320000 0.340000 0.000000 
0.320000 0.360000 0.000000 
0.320000 0.380000 0.000000 
0.320000 0.400000 0.000000 
0.320000 0.420000 0.000000 
0.320000 0.440000 0.000000 
0.320000 0.460000 0.000000 
0.320000 0.480000 0.000000 
0.320000 0.500000 0.000000 
0.320000 0.520000 0.000000 
0.320000 0.540000 0.000000 
0.320000 0.560000 0.000000 
0.320000 0.580000 0.000000 
0.320000 0.600000 0.000000 
0.320000 0.620000 0.000000 
0.320000 0.640000 0.000000 
0.320000 0.660000 0.000000 
0.320000 0.680000 0.000000 
0.320000 0.700000 0.000000 
0.320000 0.720000 0.000000 
0.320000 0.740000 0.000000 
0.320000 0.760000 0.000000 
0.320000 0.780000 0.000000 
0.320000 0.800000 0.000000 
0.320000 0.820000 0.000000 
0.320000 0.840000 0.000000 
0.320000 0.860000 0.000000 
0.320000 0.880000 0.000000 
0.320000 0.900000 0.000000 
0.320000 0.920000 0.000000 
0.320000 0.940000 0.000000 
0.320000 0.960000 0.000000 
0.320000 0.980000 0.000000 
0.320000 1.000000 0.000050 
0.340000 0.000000 0.016313 
0.340000 0.020000 0.000007 
0.340000 0.040000 0.000004 
0.340000 0.060000 0.000003 
0.340000 0.080000 0.000002 
0.340000 0.100000 0.000001 
0.340000 0.120000 0.000001 
0.340000 0.140000 0.000000 
0.340000 0.160000 0.000000 
0.340000 0.180000 0.000000 
0.340000 0.200000 0.000000 
0.340000 0.220000 0.000000 
0.340000 0.240000 0.000000 
0.340000 0.260000 0.000000 
0.340000 0.280000 0.000000 
0.340000 0.300000 0.000000 
0.340000 0.320000 0.000000 
0.340000 0.340000 0.000000 
0.340000 0.360000 0.000000 
0.340000 0.380000 0.000000 
0.340000 0.400000 0.000000 
0.340000 0.420000 0.000000 
0.340000 0.440000 0.000000 
0.340000 0.460000 0.000000 
0.340000 0.480000 0.000000 
0.340000 0.500000 0.000000 
0.340000 0.520000 0.000000 
0.340000 0.540000 0.000000 
0.340000 0.560000 0.000000 
0.340000 0.580000 0.000000 
0.340000 0.600000 0.000000 
0.340000 0.620000 0.000000 
0.340000 0.640000 0.000000 
0.340000 0.660000 0.000000 
0.340000 0.680000 0.000000 
0.340000 0.700000 0.000000 
0.340000 0.720000 0.000000 
0.340000 0.740000 0.000000 
0.340000 0.760000 0.000000 
0.340000 0.780000 0.000000 
0.340000 0.800000 0.000000 
0.340000 0.820000 0.000000 
0.340000 0.840000 0.000000 
0.340000 0.860000 0.000000 
0.340000 0.880000 0.000000 
0.340000 0.900000 0.000000 
0.340000 0.920000 0.000000 
0.340000 0.940000 0.000000 
0.340000 0.960000 0.000000 
0.340000 0.980000 0.000000 
0.340000 1.000000 0.000024 
0.360000 0.000000 0.009104 
0.360000 0.020000 0.000004 
0.360000 0.040000 0.000002 
0.360000 0.060000 0.000001 
0.360000 0.080000 0.000001 
0.360000 0.100000 0.000001 
0.360000 0.120000 0.000000 
0.360000 0.140000 0.000000 
0.360000 0.160000 0.000000 
0.360000 0.180000 0.000000 
0.360000 0.200000 0.000000 
0.360000 0.220000 0.000000 
0.360000 0.240000 0.000000 
0.360000 0.260000 0.000000 
0.360000 0.280000 0.000000 
0.360000 0.300000 0.000000 
0.360000 0.320000 0.000000 
0.360000 0.340000 0.000000 
0.360000 0.360000 0.000000 
0.360000 0.380000 0.000000 
0.360000 0.400000 0.000000 
0.360000 0.420000 0.000000 
0.360000 0.440000 0.000000 
0.360000 0.460000 0.000000 
0.360000 0.480000 0.000000 
0.360000 0.500000 0.000000 
0.360000 0.520000 0.000000 
0.360000 0.540000 0.000000 
0.360000 0.560000 0.000000 
0.360000 0.580000 0.000000 
0.360000 0.600000 0.000000 
0.360000 0.620000 0.000000 
0.360000 0.640000 0.000000 
0.360000 0.660000 0.000000 
0.360000 0.680000 0.000000 
0.360000 0.700000 0.000000 
0.360000 0.720000 0.000000 
0.360000 0.740000 0.000000 
0.360000 0.760000 0.000000 
0.360000 0.780000 0.000000 
0.360000 0.800000 0.000000 
0.360000 0.820000 0.000000 
0.360000 0.840000 0.000000 
0.360000 0.860000 0.000000 
0.360000 0.880000 0.000000 
0.360000 0.900000 0.000000 
0.360000 0.920000 0.000000 
0.360000 0.940000 0.000000 
0.360000 0.960000 0.000000 
0.360000 0.980000 0.000000 
0.360000 1.000000 0.000012 
0.380000 0.000000 0.005075 
0.380000 0.020000 0.000002 
0.380000 0.040000 0.000001 
0.380000 0.060000 0.000001 
0.380000 0.080000 0.000000 
0.380000 0.100000 0.000000 
0.380000 0.120000 0.000000 
0.380000 0.140000 0.000000 
0.380000 0.160000 0.000000 
0.380000 0.180000 0.000000 
0.380000 0.200000 0.000000 
0.380000 0.220000 0.000000 
0.380000 0.240000 0.000000 
0.380000 0.260000 0.000000 
0.380000 0.280000 0.000000 
0.380000 0.300000 0.000000 
0.380000 0.320000 0.000000 
0.380000 0.340000 0.000000 
0.380000 0.360000 0.000000 
0.380000 0.380000 0.000000 
0.380000 0.400000 0.000000 
0.380000 0.420000 0.000000 
0.380000 0.440000 0.000000 
0.380000 0.460000 0.000000 
0.380000 0.480000 0.000000 
0.380000 0.500000 0.000000 
0.380000 0.520000 0.000000 
0.380000 0.540000 0.000000 
0.380000 0.560000 0.000000 
0.380000 0.580000 0.000000 
0.380000 0.600000 0.000000 
0.380000 0.620000 0.000000 
0.380000 0.640000 0.000000 
0.380000 0.660000 0.000000 
0.380000 0.680000 0.000000 
0.380000 0.700000 0.000000 
0.380000 0.720000 0.000000 
0.380000 0.740000 0.000000 
0.380000 0.760000 0.000000 
0.380000 0.780000 0.000000 
0.380000 0.800000 0.000000 
0.380000 0.820000 0.000000 
0.380000 0.840000 0.000000 
0.380000 0.860000 0.000000 
0.380000 0.880000 0.000000 
0.380000 0.900000 0.000000 
0.380000 0.920000 0.000000 
0.380000 0.940000 0.000000 
0.380000 0.960000 0.000000 
0.380000 0.980000 0.000000 
0.380000 1.000000 0.000006 
0.400000 0.000000 0.002825 
0.400000 0.020000 0.000001 
0.400000 0.040000 0.000001 
0.400000 0.060000 0.000000 
0.400000 0.080000 0.000000 
0.400000 0.100000 0.000000 
0.400000 0.120000 0.000000 
0.400000 0.140000 0.000000 
0.400000 0.160000 0.000000 
0.400000 0.180000 0.000000 
0.400000 0.200000 0.000000 
0.400000 0.220000 0.000000 
0.400000 0.240000 0.000000 
0.400000 0.260000 0.000000 
0.400000 0.280000 0.000000 
0.400000 0.300000 0.000000 
0.400000 0.320000 0.000000 
0.400000 0.340000 0.000000 
0.400000 0.360000 0.000000 
0.400000 0.380000 0.000000 
0.400000 0.400000 0.000000 
0.400000 0.420000 0.000000 
0.400000 0.440000 0.000000 
0.400000 0.460000 0.000000 
0.400000 0.480000 0.000000 
0.400000 0.500000 0.000000 
0.400000 0.520000 0.000000 
0.400000 0.540000 0.000000 
0.400000 0.560000 0.000000 
0.400000 0.580000 0.000000 
0.400000 0.600000 0.000000 
0.400000 0.620000 0.000000 
0.400000 0.640000 0.000000 
0.400000 0.660000 0.000000 
0.400000 0.680000 0.000000 
0.400000 0.700000 0.000000 
0.400000 0.720000 0.000000 
0.400000 0.740000 0.000000 
0.400000 0.760000 0.000000 
0.400000 0.780000 0.000000 
0.400000 0.800000 0.000000 
0.400000 0.820000 0.000000 
0.400000 0.840000 0.000000 
0.400000 0.860000 0.000000 
0.400000 0.880000 0.000000 
0.400000 0.900000 0.000000 
0.400000 0.920000 0.000000 
0.400000 0.940000 0.000000 
0.400000 0.960000 0.000000 
0.400000 0.980000 0.000000 
0.400000 1.000000 0.000003 
0.420000 0.000000 0.001566 
0.420000 0.020000 0.000001 
0.420000 0.040000 0.000000 
0.420000 0.060000 0.000000 
0.420000 0.080000 0.000000 
0.420000 0.100000 0.000000 
0.420000 0.120000 0.000000 
0.420000 0.140000 0.000000 
0.420000 0.160000 0.000000 
0.420000 0.180000 0.000000 
0.420000 0.200000 0.000000 
0.420000 0.220000 0.000000 
0.420000 0.240000 0.000000 
0.420000 0.260000 0.000000 
0.420000 0.280000 0.000000 
0.420000 0.300000 0.000000 
0.420000 0.320000 0.000000 
0.420000 0.340000 0.000000 
0.420000 0.360000 0.000000 
0.420000 0.380000 0.000000 
0.420000 0.400000 0.000000 
0.420000 0.420000 0.000000 
0.420000 0.440000 0.000000 
0.420000 0.460000 0.000000 
0.420000 0.480000 0.000000 
0.420000 0.500000 0.000000 
0.420000 0.520000 0.000000 
0.420000 0.540000 0.000000 
0.420000 0.560000 0.000000 
0.420000 0.580000 0.000000 
0.420000 0.600000 0.000000 
0.420000 0.620000 0.000000 
0.420000 0.640000 0.000000 
0.420000 0.660000 0.000000 
0.420000 0.680000 0.000000 
0.420000 0.700000 0.000000 
0.420000 0.720000 0.000000 
0.420000 0.740000 0.000000 
0.420000 0.760000 0.000000 
0.420000 0.780000 0.000000 
0.420000 0.800000 0.000000 
0.420000 0.820000 0.000000 
0.420000 0.840000 0.000000 
0.420000 0.860000 0.000000 
0.420000 0.880000 0.000000 
0.420000 0.900000 0.000000 
0.420000 0.920000 0.000000 
0.420000 0.940000 0.000000 
0.420000 0.960000 0.000000 
0.420000 0.980000 0.000000 
0.420000 1.000000 0.000001 
0.440000 0.000000 0.000855 
0.440000 0.020000 0.000000 
0.440000 0.040000 0.000000 
0.440000 0.060000 0.000000 
0.440000 0.080000 0.000000 
0.440000 0.100000 0.000000 
0.440000 0.120000 0.000000 
0.440000 0.140000 0.000000 
0.440000 0.160000 0.000000 
0.440000 0.180000 0.000000 
0.440000 0.200000 0.000000 
0.440000 0.220000 0.000000 
0.440000 0.240000 0.000000 
0.440000 0.260000 0.000000 
0.440000 0.280000 0.000000 
0.440000 0.300000 0.000000 
0.440000 0.320000 0.000000 
0.440000 0.340000 0.000000 
0.440000 0.360000 0.000000 
0.440000 0.380000 0.000000 
0.440000 0.400000 0.000000 
0.440000 0.420000 0.000000 
0.440000 0.440000 0.000000 
0.440000 0.460000 0.000000 
0.440000 0.480000 0.000000 
0.440000 0.500000 0.000000 
0.440000 0.520000 0.000000 
0.440000 0.540000 0.000000 
0.440000 0.560000 0.000000 
0.440000 0.580000 0.000000 
0.440000 0.600000 0.000000 
0.440000 0.620000 0.000000 
0.440000 0.640000 0.000000 
0.440000 0.660000 0.000000 
0.440000 0.680000 0.000000 
0.440000 0.700000 0.000000 
0.440000 0.720000 0.000000 
0.440000 0.740000 0.000000 
0.440000 0.760000 0.000000 
0.440000 0.780000 0.000000 
0.440000 0.800000 0.000000 
0.440000 0.820000 0.000000 
0.440000 0.840000 0.000000 
0.440000 0.860000 0.000000 
0.440000 0.880000 0.000000 
0.440000 0.900000 0.000000 
0.440000 0.920000 0.000000 
0.440000 0.940000 0.000000 
0.440000 0.960000 0.000000 
0.440000 0.980000 0.000000 
0.440000 1.000000 0.000001 
0.460000 0.000000 0.000437 
0.460000 0.020000 0.000000 
0.460000 0.040000 0.000000 
0.460000 0.060000 0.000000 
0.460000 0.080000 0.000000 
0.460000 0.100000 0.000000 
0.460000 0.120000 0.000000 
0.460000 0.140000 0.000000 
0.460000 0.160000 0.000000 
0.460000 0.180000 0.000000 
0.460000 0.200000 0.000000 
0.460000 0.220000 0.000000 
0.460000 0.240000 0.000000 
0.460000 0.260000 0.000000 
0.460000 0.280000 0.000000 
0.460000 0.300000 0.000000 
0.460000 0.320000 0.000000 
0.460000 0.340000 0.000000 
0.460000 0.360000 0.000000 
0.460000 0.380000 0.000000 
0.460000 0.400000 0.000000 
0.460000 0.420000 0.000000 
0.460000 0.440000 0.000000 
0.460000 0.460000 0.000000 
0.460000 0.480000 0.000000 
0.460000 0.500000 0.000000 
0.460000 0.520000 0.000000 
0.460000 0.540000 0.000000 
0.460000 0.560000 0.000000 
0.460000 0.580000 0.000000 
0.460000 0.600000 0.000000 
0.460000 0.620000 0.000000 
0.460000 0.640000 0.000000 
0.460000 0.660000 0.000000 
0.460000 0.680000 0.000000 
0.460000 0.700000 0.000000 
0.460000 0.720000 0.000000 
0.460000 0.740000 0.000000 
0.460000 0.760000 0.000000 
0.460000 0.780000 0.000000 
0.460000 0.800000 0.000000 
0.460000 0.820000 0.000000 
0.460000 0.840000 0.000000 
0.460000 0.860000 0.000000 
0.460000 0.880000 0.000000 
0.460000 0.900000 0.000000 
0.460000 0.920000 0.000000 
0.460000 0.940000 0.000000 
0.460000 0.960000 0.000000 
0.460000 0.980000 0.000000 
0.460000 1.000000 0.000000 
0.480000 0.000000 0.000157 
0.480000 0.020000 0.000000 
0.480000 0.040000 0.000000 
0.480000 0.060000 0.000000 
0.480000 0.080000 0.000000 
0.480000 0.100000 0.000000 
0.480000 0.120000 0.000000 
0.480000 0.140000 0.000000 
0.480000 0.160000 0.000000 
0.480000 0.180000 0.000000 
0.480000 0.200000 0.000000 
0.480000 0.220000 0.000000 
0.480000 0.240000 0.000000 
0.480000 0.260000 0.000000 
0.480000 0.280000 0.000000 
0.480000 0.300000 0.000000 
0.480000 0.320000 0.000000 
0.480000 0.340000 0.000000 
0.480000 0.360000 0.000000 
0.480000 0.380000 0.000000 
0.480000 0.400000 0.000000 
0.480000 0.420000 0.000000 
0.480000 0.440000 0.000000 
0.480000 0.460000 0.000000 
0.480000 0.480000 0.000000 
0.480000 0.500000 0.000000 
0.480000 0.520000 0.000000 
0.480000 0.540000 0.000000 
0.480000 0.560000 0.000000 
0.480000 0.580000 0.000000 
0.480000 0.600000 0.000000 
0.480000 0.620000 0.000000 
0.480000 0.640000 0.000000 
0.480000 0.660000 0.000000 
0.480000 0.680000 0.000000 
0.480000 0.700000 0.000000 
0.480000 0.720000 0.000000 
0.480000 0.740000 0.000000 
0.480000 0.760000 0.000000 
0.480000 0.780000 0.000000 
0.480000 0.800000 0.000000 
0.480000 0.820000 0.000000 
0.480000 0.840000 0.000000 
0.480000 0.860000 0.000000 
0.480000 0.880000 0.000000 
0.480000 0.900000 0.000000 
0.480000 0.920000 0.000000 
0.480000 0.940000 0.000000 
0.480000 0.960000 0.000000 
0.480000 0.980000 0.000000 
0.480000 1.000000 0.000000 
0.500000 0.000000 0.000031 
0.500000 0.020000 0.000000 
0.500000 0.040000 0.000000 
0.500000 0.060000 0.000000 
0.500000 0.080000 0.000000 
0.500000 0.100000 0.000000 
0.500000 0.120000 0.000000 
0.500000 0.140000 0.000000 
0.500000 0.160000 0.000000 
0.500000 0.180000 0.000000 
0.500000 0.200000 0.000000 
0.500000 0.220000 0.000000 
0.500000 0.240000 0.000000 
0.500000 0.260000 0.000000 
0.500000 0.280000 0.000000 
0.500000 0.300000 0.000000 
0.500000 0.320000 0.000000 
0.500000 0.340000 0.000000 
0.500000 0.360000 0.000000 
0.500000 0.380000 0.000000 
0.500000 0.400000 0.000000 
0.500000 0.420000 0.000000 
0.500000 0.440000 0.000000 
0.500000 0.460000 0.000000 
0.500000 0.480000 0.000000 
0.500000 0.500000 0.000000 
0.500000 0.520000 0.000000 
0.500000 0.540000 0.000000 
0.500000 0.560000 0.000000 
0.500000 0.580000 0.000000 
0.500000 0.600000 0.000000 
0.500000 0.620000 0.000000 
0.500000 0.640000 0.000000 
0.500000 0.660000 0.000000 
0.500000 0.680000 0.000000 
0.500000 0.700000 0.000000 
0.500000 0.720000 0.000000 
0.500000 0.740000 0.000000 
0.500000 0.760000 0.000000 
0.500000 0.780000 0.000000 
0.500000 0.800000 0.000000 
0.500000 0.820000 0.000000 
0.500000 0.840000 0.000000 
0.500000 0.860000 0.000000 
0.500000 0.880000 0.000000 
0.500000 0.900000 0.000000 
0.500000 0.920000 0.000000 
0.500000 0.940000 0.000000 
0.500000 0.960000 0.000000 
0.500000 0.980000 0.000000 
0.500000 1.000000 0.000000 
0.520000 0.000000 0.000259 
0.520000 0.020000 0.000000 
0.520000 0.040000 0.000000 
0.520000 0.060000 0.000000 
0.520000 0.080000 0.000000 
0.520000 0.100000 0.000000 
0.520000 0.120000 0.000000 
0.520000 0.140000 0.000000 
0.520000 0.160000 0.000000 
0.520000 0.180000 0.000000 
0.520000 0.200000 0.000000 
0.520000 0.220000 0.000000 
0.520000 0.240000 0.000000 
0.520000 0.260000 0.000000 
0.520000 0.280000 0.000000 
0.520000 0.300000 0.000000 
0.520000 0.320000 0.000000 
0.520000 0.340000 0.000000 
0.520000 0.360000 0.000000 
0.520000 0.380000 0.000000 
0.520000 0.400000 0.000000 
0.520000 0.420000 0.000000 
0.520000 0.440000 0.000000 
0.520000 0.460000 0.000000 
0.520000 0.480000 0.000000 
0.520000 0.500000 0.000000 
0.520000 0.520000 0.000000 
0.520000 0.540000 0.000000 
0.520000 0.560000 0.000000 
0.520000 0.580000 0.000000 
0.520000 0.600000 0.000000 
0.520000 0.620000 0.000000 
0.520000 0.640000 0.000000 
0.520000 0.660000 0.000000 
0.520000 0.680000 0.000000 
0.520000 0.700000 0.000000 
0.520000 0.720000 0.000000 
0.520000 0.740000 0.000000 
0.520000 0.760000 0.000000 
0.520000 0.780000 0.000000 
0.520000 0.800000 0.000000 
0.520000 0.820000 0.000000 
0.520000 0.840000 0.000000 
0.520000 0.860000 0.000000 
0.520000 0.880000 0.000000 
0.520000 0.900000 0.000000 
0.520000 0.920000 0.000000 
0.520000 0.940000 0.000000 
0.520000 0.960000 0.000000 
0.520000 0.980000 0.000000 
0.520000 1.000000 0.000000 
0.540000 0.000000 0.000122 
0.540000 0.020000 0.000000 
0.540000 0.040000 0.000000 
0.540000 0.060000 0.000000 
0.540000 0.080000 0.000000 
0.540000 0.100000 0.000000 
0.540000 0.120000 0.000000 
0.540000 0.140000 0.000000 
0.540000 0.160000 0.000000 
0.540000 0.180000 0.000000 
0.540000 0.200000 0.000000 
0.540000 0.220000 0.000000 
0.540000 0.240000 0.000000 
0.540000 0.260000 0.000000 
0.540000 0.280000 0.000000 
0.540000 0.300000 0.000000 
0.540000 0.320000 0.000000 
0.540000 0.340000 0.000000 
0.540000 0.360000 0.000000 
0.540000 0.380000 0.000000 
0.540000 0.400000 0.000000 
0.540000 0.420000 0.000000 
0.540000 0.440000 0.000000 
0.540000 0.460000 0.000000 
0.540000 0.480000 0.000000 
0.540000 0.500000 0.000000 
0.540000 0.520000 0.000000 
0.540000 0.540000 0.000000 
0.540000 0.560000 0.000000 
0.540000 0.580000 0.000000 
0.540000 0.600000 0.000000 
0.540000 0.620000 0.000000 
0.540000 0.640000 0.000000 
0.540000 0.660000 0.000000 
0.540000 0.680000 0.000000 
0.540000 0.700000 0.000000 
0.540000 0.720000 0.000000 
0.540000 0.740000 0.000000 
0.540000 0.760000 0.000000 
0.540000 0.780000 0.000000 
0.540000 0.800000 0.000000 
0.540000 0.820000 0.000000 
0.540000 0.840000 0.000000 
0.540000 0.860000 0.000000 
0.540000 0.880000 0.000000 
0.540000 0.900000 0.000000 
0.540000 0.920000 0.000000 
0.540000 0.940000 0.000000 
0.540000 0.960000 0.000000 
0.540000 0.980000 0.000000 
0.540000 1.000000 0.000000 
0.560000 0.000000 0.000062 
0.560000 0.020000 0.000000 
0.560000 0.040000 0.000000 
0.560000 0.060000 0.000000 
0.560000 0.080000 0.000000 
0.560000 0.100000 0.000000 
0.560000 0.120000 0.000000 
0.560000 0.140000 0.000000 
0.560000 0.160000 0.000000 
0.560000 0.180000 0.000000 
0.560000 0.200000 0.000000 
0.560000 0.220000 0.000000 
0.560000 0.240000 0.000000 
0.560000 0.260000 0.000000 
0.560000 0.280000 0.000000 
0.560000 0.300000 0.000000 
0.560000 0.320000 0.000000 
0.560000 0.340000 0.000000 
0.560000 0.360000 0.000000 
0.560000 0.380000 0.000000 
0.560000 0.400000 0.000000 
0.560000 0.420000 0.000000 
0.560000 0.440000 0.000000 
0.560000 0.460000 0.000000 
0.560000 0.480000 0.000000 
0.560000 0.500000 0.000000 
0.560000 0.520000 0.000000 
0.560000 0.540000 0.000000 
0.560000 0.560000 0.000000 
0.560000 0.580000 0.000000 
0.560000 0.600000 0.000000 
0.560000 0.620000 0.000000 
0.560000 0.640000 0.000000 
0.560000 0.660000 0.000000 
0.560000 0.680000 0.000000 
0.560000 0.700000 0.000000 
0.560000 0.720000 0.000000 
0.560000 0.740000 0.000000 
0.560000 0.760000 0.000000 
0.560000 0.780000 0.000000 
0.560000 0.800000 0.000000 
0.560000 0.820000 0.000000 
0.560000 0.840000 0.000000 
0.560000 0.860000 0.000000 
0.560000 0.880000 0.000000 
0.560000 0.900000 0.000000 
0.560000 0.920000 0.000000 
0.560000 0.940000 0.000000 
0.560000 0.960000 0.000000 
0.560000 0.980000 0.000000 
0.560000 1.000000 0.000000 
0.580000 0.000000 0.000033 
0.580000 0.020000 0.000000 
0.580000 0.040000 0.000000 
0.580000 0.060000 0.000000 
0.580000 0.080000 0.000000 
0.580000 0.100000 0.000000 
0.580000 0.120000 0.000000 
0.580000 0.140000 0.000000 
0.580000 0.160000 0.000000 
0.580000 0.180000 0.000000 
0.580000 0.200000 0.000000 
0.580000 0.220000 0.000000 
0.580000 0.240000 0.000000 
0.580000 0.260000 0.000000 
0.580000 0.280000 0.000000 
0.580000 0.300000 0.000000 
0.580000 0.320000 0.000000 
0.580000 0.340000 0.000000 
0.580000 0.360000 0.000000 
0.580000 0.380000 0.000000 
0.580000 0.400000 0.000000 
0.580000 0.420000 0.000000 
0.580000 0.440000 0.000000 
0.580000 0.460000 0.000000 
0.580000 0.480000 0.000000 
0.580000 0.500000 0.000000 
0.580000 0.520000 0.000000 
0.580000 0.540000 0.000000 
0.580000 0.560000 0.000000 
0.580000 0.580000 0.000000 
0.580000 0.600000 0.000000 
0.580000 0.620000 0.000000 
0.580000 0.640000 0.000000 
0.580000 0.660000 0.000000 
0.580000 0.680000 0.000000 
0.580000 0.700000 0.000000 
0.580000 0.720000 0.000000 
0.580000 0.740000 0.000000 
0.580000 0.760000 0.000000 
0.580000 0.780000 0.000000 
0.580000 0.800000 0.000000 
0.580000 0.820000 0.000000 
0.580000 0.840000 0.000000 
0.580000 0.860000 0.000000 
0.580000 0.880000 0.000000 
0.580000 0.900000 0.000000 
0.580000 0.920000 0.000000 
0.580000 0.940000 0.000000 
0.580000 0.960000 0.000000 
0.580000 0.980000 0.000000 
0.580000 1.000000 0.000000 
0.600000 0.000000 0.000018 
0.600000 0.020000 0.000000 
0.600000 0.040000 0.000000 
0.600000 0.060000 0.000000 
0.600000 0.080000 0.000000 
0.600000 0.100000 0.000000 
0.600000 0.120000 0.000000 
0.600000 0.140000 0.000000 
0.600000 0.160000 0.000000 
0.600000 0.180000 0.000000 
0.600000 0.200000 0.000000 
0.600000 0.220000 0.000000 
0.600000 0.240000 0.000000 
0.600000 0.260000 0.000000 
0.600000 0.280000 0.000000 
0.600000 0.300000 0.000000 
0.600000 0.320000 0.000000 
0.600000 0.340000 0.000000 
0.600000 0.360000 0.000000 
0.600000 0.380000 0.000000 
0.600000 0.400000 0.000000 
0.600000 0.420000 0.000000 
0.600000 0.440000 0.000000 
0.600000 0.460000 0.000000 
0.600000 0.480000 0.000000 
0.600000 0.500000 0.000000 
0.600000 0.520000 0.000000 
0.600000 0.540000 0.000000 
0.600000 0.560000 0.000000 
0.600000 0.580000 0.000000 
0.600000 0.600000 0.000000 
0.600000 0.620000 0.000000 
0.600000 0.640000 0.000000 
0.600000 0.660000 0.000000 
0.600000 0.680000 0.000000 
0.600000 0.700000 0.000000 
0.600000 0.720000 0.000000 
0.600000 0.740000 0.000000 
0.600000 0.760000 0.000000 
0.600000 0.780000 0.000000 
0.600000 0.800000 0.000000 
0.600000 0.820000 0.000000 
0.600000 0.840000 0.000000 
0.600000 0.860000 0.000000 
0.600000 0.880000 0.000000 
0.600000 0.900000 0.000000 
0.600000 0.920000 0.000000 
0.600000 0.940000 0.000000 
0.600000 0.960000 0.000000 
0.600000 0.980000 0.000000 
0.600000 1.000000 0.000000 
0.620000 0.000000 0.000010 
0.620000 0.020000 0.000000 
0.620000 0.040000 0.000000 
0.620000 0.060000 0.000000 
0.620000 0.080000 0.000000 
0.620000 0.100000 0.000000 
0.620000 0.120000 0.000000 
0.620000 0.140000 0.000000 
0.620000 0.160000 0.000000 
0.620000 0.180000 0.000000 
0.620000 0.200000 0.000000 
0.620000 0.220000 0.000000 
0.620000 0.240000 0.000000 
0.620000 0.260000 0.000000 
0.620000 0.280000 0.000000 
0.620000 0.300000 0.000000 
0.620000 0.320000 0.000000 
0.620000 0.340000 0.000000 
0.620000 0.360000 0.000000 
0.620000 0.380000 0.000000 
0.620000 0.400000 0.000000 
0.620000 0.420000 0.000000 
0.620000 0.440000 0.000000 
0.620000 0.460000 0.000000 
0.620000 0.480000 0.000000 
0.620000 0.500000 0.000000 
0.620000 0.520000 0.000000 
0.620000 0.540000 0.000000 
0.620000 0.560000 0.000000 
0.620000 0.580000 0.000000 
0.620000 0.600000 0.000000 
0.620000 0.620000 0.000000 
0.620000 0.640000 0.000000 
0.620000 0.660000 0.000000 
0.620000 0.680000 0.000000 
0.620000 0.700000 0.000000 
0.620000 0.720000 0.000000 
0.620000 0.740000 0.000000 
0.620000 0.760000 0.000000 
0.620000 0.780000 0.000000 
0.620000 0.800000 0.000000 
0.620000 0.820000 0.000000 
0.620000 0.840000 0.000000 
0.620000 0.860000 0.000000 
0.620000 0.880000 0.000000 
0.620000 0.900000 0.000000 
0.620000 0.920000 0.000000 
0.620000 0.940000 0.000000 
0.620000 0.960000 0.000000 
0.620000 0.980000 0.000000 
0.620000 1.000000 0.000000 
0.640000 0.000000 0.000005 
0.640000 0.020000 0.000000 
0.640000 0.040000 0.000000 
0.640000 0.060000 0.000000 
0.640000 0.080000 0.000000 
0.640000 0.100000 0.000000 
0.640000 0.120000 0.000000 
0.640000 0.140000 0.000000 
0.640000 0.160000 0.000000 
0.640000 0.180000 0.000000 
0.640000 0.200000 0.000000 
0.640000 0.220000 0.000000 
0.640000 0.240000 0.000000 
0.640000 0.260000 0.000000 
0.640000 0.280000 0.000000 
0.640000 0.300000 0.000000 
0.640000 0.320000 0.000000 
0.640000 0.340000 0.000000 
0.640000 0.360000 0.000000 
0.640000 0.380000 0.000000 
0.640000 0.400000 0.000000 
0.640000 0.420000 0.000000 
0.640000 0.440000 0.000000 
0.640000 0.460000 0.000000 
0.640000 0.480000 0.000000 
0.640000 0.500000 0.000000 
0.640000 0.520000 0.000000 
0.640000 0.540000 0.000000 
0.640000 0.560000 0.000000 
0.640000 0.580000 0.000000 
0.640000 0.600000 0.000000 
0.640000 0.620000 0.000000 
0.640000 0.640000 0.000000 
0.640000 0.660000 0.000000 
0.640000 0.680000 0.000000 
0.640000 0.700000 0.000000 
0.640000 0.720000 0.000000 
0.640000 0.740000 0.000000 
0.640000 0.760000 0.000000 
0.640000 0.780000 0.000000 
0.640000 0.800000 0.000000 
0.640000 0.820000 0.000000 
0.640000 0.840000 0.000000 
0.640000 0.860000 0.000000 
0.640000 0.880000 0.000000 
0.640000 0.900000 0.000000 
0.640000 0.920000 0.000000 
0.640000 0.940000 0.000000 
0.640000 0.960000 0.000000 
0.640000 0.980000 0.000000 
0.640000 1.000000 0.000000 
0.660000 0.000000 0.000003 
0.660000 0.020000 0.000000 
0.660000 0.040000 0.000000 
0.660000 0.060000 0.000000 
0.660000 0.080000 0.000000 
0.660000 0.100000 0.000000 
0.660000 0.120000 0.000000 
0.660000 0.140000 0.000000 
0.660000 0.160000 0.000000 
0.660000 0.180000 0.000000 
0.660000 0.200000 0.000000 
0.660000 0.220000 0.000000 
0.660000 0.240000 0.000000 
0.660000 0.260000 0.000000 
0.660000 0.280000 0.000000 
0.660000 0.300000 0.000000 
0.660000 0.320000 0.000000 
0.660000 0.340000 0.000000 
0.660000 0.360000 0.000000 
0.660000 0.380000 0.000000 
0.660000 0.400000 0.000000 
0.660000 0.420000 0.000000 
0.660000 0.440000 0.000000 
0.660000 0.460000 0.000000 
0.660000 0.480000 0.000000 
0.660000 0.500000 0.000000 
0.660000 0.520000 0.000000 
0.660000 0.540000 0.000000 
0.660000 0.560000 0.000000 
0.660000 0.580000 0.000000 
0.660000 0.600000 0.000000 
0.660000 0.620000 0.000000 
0.660000 0.640000 0.000000 
0.660000 0.660000 0.000000 
0.660000 0.680000 0.000000 
0.660000 0.700000 0.000000 
0.660000 0.720000 0.000000 
0.660000 0.740000 0.000000 
0.660000 0.760000 0.000000 
0.660000 0.780000 0.000000 
0.660000 0.800000 0.000000 
0.660000 0.820000 0.000000 
0.660000 0.840000 0.000000 
0.660000 0.860000 0.000000 
0.660000 0.880000 0.000000 
0.660000 0.900000 0.000000 
0.660000 0.920000 0.000000 
0.660000 0.940000 0.000000 
0.660000 0.960000 0.000000 
0.660000 0.980000 0.000000 
0.660000 1.000000 0.000000 
0.680000 0.000000 0.000002 
0.680000 0.020000 0.000000 
0.680000 0.040000 0.000000 
0.680000 0.060000 0.000000 
0.680000 0.080000 0.000000 
0.680000 0.100000 0.000000 
0.680000 0.120000 0.000000 
0.680000 0.140000 0.000000 
0.680000 0.160000 0.000000 
0.680000 0.180000 0.000000 
0.680000 0.200000 0.000000 
0.680000 0.220000 0.000000 
0.680000 0.240000 0.000000 
0.680000 0.260000 0.000000 
0.680000 0.280000 0.000000 
0.680000 0.300000 0.000000 
0.680000 0.320000 0.000000 
0.680000 0.340000 0.000000 
0.680000 0.360000 0.000000 
0.680000 0.380000 0.000000 
0.680000 0.400000 0.000000 
0.680000 0.420000 0.000000 
0.680000 0.440000 0.000000 
0.680000 0.460000 0.000000 
0.680000 0.480000 0.000000 
0.680000 0.500000 0.000000 
0.680000 0.520000 0.000000 
0.680000 0.540000 0.000000 
0.680000 0.560000 0.000000 
0.680000 0.580000 0.000000 
0.680000 0.600000 0.000000 
0.680000 0.620000 0.000000 
0.680000 0.640000 0.000000 
0.680000 0.660000 0.000000 
0.680000 0.680000 0.000000 
0.680000 0.700000 0.000000 
0.680000 0.720000 0.000000 
0.680000 0.740000 0.000000 
0.680000 0.760000 0.000000 
0.680000 0.780000 0.000000 
0.680000 0.800000 0.000000 
0.680000 0.820000 0.000000 
0.680000 0.840000 0.000000 
0.680000 0.860000 0.000000 
0.680000 0.880000 0.000000 
0.680000 0.900000 0.000000 
0.680000 0.920000 0.000000 
0.680000 0.940000 0.000000 
0.680000 0.960000 0.000000 
0.680000 0.980000 0.000000 
0.680000 1.000000 0.000000 
0.700000 0.000000 0.000001 
0.700000 0.020000 0.000000 
0.700000 0.040000 0.000000 
0.700000 0.060000 0.000000 
0.700000 0.080000 0.000000 
0.700000 0.100000 0.000000 
0.700000 0.120000 0.000000 
0.700000 0.140000 0.000000 
0.700000 0.160000 0.000000 
0.700000 0.180000 0.000000 
0.700000 0.200000 0.000000 
0.700000 0.220000 0.000000 
0.700000 0.240000 0.000000 
0.700000 0.260000 0.000000 
0.700000 0.280000 0.000000 
0.700000 0.300000 0.000000 
0.700000 0.320000 0.000000 
0.700000 0.340000 0.000000 
0.700000 0.360000 0.000000 
0.700000 0.380000 0.000000 
0.700000 0.400000 0.000000 
0.700000 0.420000 0.000000 
0.700000 0.440000 0.000000 
0.700000 0.460000 0.000000 
0.700000 0.480000 0.000000 
0.700000 0.500000 0.000000 
0.700000 0.520000 0.000000 
0.700000 0.540000 0.000000 
0.700000 0.560000 0.000000 
0.700000 0.580000 0.000000 
0.700000 0.600000 0.000000 
0.700000 0.620000 0.000000 
0.700000 0.640000 0.000000 
0.700000 0.660000 0.000000 
0.700000 0.680000 0.000000 
0.700000 0.700000 0.000000 
0.700000 0.720000 0.000000 
0.700000 0.740000 0.000000 
0.700000 0.760000 0.000000 
0.700000 0.780000 0.000000 
0.700000 0.800000 0.000000 
0.700000 0.820000 0.000000 
0.700000 0.840000 0.000000 
0.700000 0.860000 0.000000 
0.700000 0.880000 0.000000 
0.700000 0.900000 0.000000 
0.700000 0.920000 0.000000 
0.700000 0.940000 0.000000 
0.700000 0.960000 0.000000 
0.700000 0.980000 0.000000 
0.700000 1.000000 0.000000 
0.720000 0.000000 0.000000 
0.720000 0.020000 0.000000 
0.720000 0.040000 0.000000 
0.720000 0.060000 0.000000 
0.720000 0.080000 0.000000 
0.720000 0.100000 0.000000 
0.720000 0.120000 0.000000 
0.720000 0.140000 0.000000 
0.720000 0.160000 0.000000 
0.720000 0.180000 0.000000 
0.720000 0.200000 0.000000 
0.720000 0.220000 0.000000 
0.720000 0.240000 0.000000 
0.720000 0.260000 0.000000 
0.720000 0.280000 0.000000 
0.720000 0.300000 0.000000 
0.720000 0.320000 0.000000 
0.720000 0.340000 0.000000 
0.720000 0.360000 0.000000 
0.720000 0.380000 0.000000 
0.720000 0.400000 0.000000 
0.720000 0.420000 0.000000 
0.720000 0.440000 0.000000 
0.720000 0.460000 0.000000 
0.720000 0.480000 0.000000 
0.720000 0.500000 0.000000 
0.720000 0.520000 0.000000 
0.720000 0.540000 0.000000 
0.720000 0.560000 0.000000 
0.720000 0.580000 0.000000 
0.720000 0.600000 0.000000 
0.720000 0.620000 0.000000 
0.720000 0.640000 0.000000 
0.720000 0.660000 0.000000 
0.720000 0.680000 0.000000 
0.720000 0.700000 0.000000 
0.720000 0.720000 0.000000 
0.720000 0.740000 0.000000 
0.720000 0.760000 0.000000 
0.720000 0.780000 0.000000 
0.720000 0.800000 0.000000 
0.720000 0.820000 0.000000 
0.720000 0.840000 0.000000 
0.720000 0.860000 0.000000 
0.720000 0.880000 0.000000 
0.720000 0.900000 0.000000 
0.720000 0.920000 0.000000 
0.720000 0.940000 0.000000 
0.720000 0.960000 0.000000 
0.720000 0.980000 0.000000 
0.720000 1.000000 0.000000 
0.740000 0.000000 0.000000 
0.740000 0.020000 0.000000 
0.740000 0.040000 0.000000 
0.740000 0.060000 0.000000 
0.740000 0.080000 0.000000 
0.740000 0.100000 0.000000 
0.740000 0.120000 0.000000 
0.740000 0.140000 0.000000 
0.740000 0.160000 0.000000 
0.740000 0.180000 0.000000 
0.740000 0.200000 0.000000 
0.740000 0.220000 0.000000 
0.740000 0.240000 0.000000 
0.740000 0.260000 0.000000 
0.740000 0.280000 0.000000 
0.740000 0.300000 0.000000 
0.740000 0.320000 0.000000 
0.740000 0.340000 0.000000 
0.740000 0.360000 0.000000 
0.740000 0.380000 0.000000 
0.740000 0.400000 0.000000 
0.740000 0.420000 0.000000 
0.740000 0.440000 0.000000 
0.740000 0.460000 0.000000 
0.740000 0.480000 0.000000 
0.740000 0.500000 0.000000 
0.740000 0.520000 0.000000 
0.740000 0.540000 0.000000 
0.740000 0.560000 0.000000 
0.740000 0.580000 0.000000 
0.740000 0.600000 0.000000 
0.740000 0.620000 0.000000 
0.740000 0.640000 0.000000 
0.740000 0.660000 0.000000 
0.740000 0.680000 0.000000 
0.740000 0.700000 0.000000 
0.740000 0.720000 0.000000 
0.740000 0.740000 0.000000 
0.740000 0.760000 0.000000 
0.740000 0.780000 0.000000 
0.740000 0.800000 0.000000 
0.740000 0.820000 0.000000 
0.740000 0.840000 0.000000 
0.740000 0.860000 0.000000 
0.740000 0.880000 0.000000 
0.740000 0.900000 0.000000 
0.740000 0.920000 0.000000 
0.740000 0.940000 0.000000 
0.740000 0.960000 0.000000 
0.740000 0.980000 0.000000 
0.740000 1.000000 0.000000 
0.760000 0.000000 0.000000 
0.760000 0.020000 0.000000 
0.760000 0.040000 0.000000 
0.760000 0.060000 0.000000 
0.760000 0.080000 0.000000 
0.760000 0.100000 0.000000 
0.760000 0.120000 0.000000 
0.760000 0.140000 0.000000 
0.760000 0.160000 0.000000 
0.760000 0.180000 0.000000 
0.760000 0.200000 0.000000 
0.760000 0.220000 0.000000 
0.760000 0.240000 0.000000 
0.760000 0.260000 0.000000 
0.760000 0.280000 0.000000 
0.760000 0.300000 0.000000 
0.760000 0.320000 0.000000 
0.760000 0.340000 0.000000 
0.760000 0.360000 0.000000 
0.760000 0.380000 0.000000 
0.760000 0.400000 0.000000 
0.760000 0.420000 0.000000 
0.760000 0.440000 0.000000 
0.760000 0.460000 0.000000 
0.760000 0.480000 0.000000 
0.760000 0.500000 0.000000 
0.760000 0.520000 0.000000 
0.760000 0.540000 0.000000 
0.760000 0.560000 0.000000 
0.760000 0.580000 0.000000 
0.760000 0.600000 0.000000 
0.760000 0.620000 0.000000 
0.760000 0.640000 0.000000 
0.760000 0.660000 0.000000 
0.760000 0.680000 0.000000 
0.760000 0.700000 0.000000 
0.760000 0.720000 0.000000 
0.760000 0.740000 0.000000 
0.760000 0.760000 0.000000 
0.760000 0.780000 0.000000 
0.760000 0.800000 0.000000 
0.760000 0.820000 0.000000 
0.760000 0.840000 0.000000 
0.760000 0.860000 0.000000 
0.760000 0.880000 0.000000 
0.760000 0.900000 0.000000 
0.760000 0.920000 0.000000 
0.760000 0.940000 0.000000 
0.760000 0.960000 0.000000 
0.760000 0.980000 0.000000 
0.760000 1.000000 0.000000 
0.780000 0.000000 0.000000 
0.780000 0.020000 0.000000 
0.780000 0.040000 0.000000 
0.780000 0.060000 0.000000 
0.780000 0.080000 0.000000 
0.780000 0.100000 0.000000 
0.780000 0.120000 0.000000 
0.780000 0.140000 0.000000 
0.780000 0.160000 0.000000 
0.780000 0.180000 0.000000 
0.780000 0.200000 0.000000 
0.780000 0.220000 0.000000 
0.780000 0.240000 0.000000 
0.780000 0.260000 0.000000 
0.780000 0.280000 0.000000 
0.780000 0.300000 0.000000 
0.780000 0.320000 0.000000 
0.780000 0.340000 0.000000 
0.780000 0.360000 0.000000 
0.780000 0.380000 0.000000 
0.780000 0.400000 0.000000 
0.780000 0.420000 0.000000 
0.780000 0.440000 0.000000 
0.780000 0.460000 0.000000 
0.780000 0.480000 0.000000 
0.780000 0.500000 0.000000 
0.780000 0.520000 0.000000 
0.780000 0.540000 0.000000 
0.780000 0.560000 0.000000 
0.780000 0.580000 0.000000 
0.780000 0.600000 0.000000 
0.780000 0.620000 0.000000 
0.780000 0.640000 0.000000 
0.780000 0.660000 0.000000 
0.780000 0.680000 0.000000 
0.780000 0.700000 0.000000 
0.780000 0.720000 0.000000 
0.780000 0.740000 0.000000 
0.780000 0.760000 0.000000 
0.780000 0.780000 0.000000 
0.780000 0.800000 0.000000 
0.780000 0.820000 0.000000 
0.780000 0.840000 0.000000 
0.780000 0.860000 0.000000 
0.780000 0.880000 0.000000 
0.780000 0.900000 0.000000 
0.780000 0.920000 0.000000 
0.780000 0.940000 0.000000 
0.780000 0.960000 0.000000 
0.780000 0.980000 0.000000 
0.780000 1.000000 0.000000 
0.800000 0.000000 0.000000 
0.800000 0.020000 0.000000 
0.800000 0.040000 0.000000 
0.800000 0.060000 0.000000 
0.800000 0.080000 0.000000 
0.800000 0.100000 0.000000 
0.800000 0.120000 0.000000 
0.800000 0.140000 0.000000 
0.800000 0.160000 0.000000 
0.800000 0.180000 0.000000 
0.800000 0.200000 0.000000 
0.800000 0.220000 0.000000 
0.800000 0.240000 0.000000 
0.800000 0.260000 0.000000 
0.800000 0.280000 0.000000 
0.800000 0.300000 0.000000 
0.800000 0.320000 0.000000 
0.800000 0.340000 0.000000 
0.800000 0.360000 0.000000 
0.800000 0.380000 0.000000 
0.800000 0.400000 0.000000 
0.800000 0.420000 0.000000 
0.800000 0.440000 0.000000 
0.800000 0.460000 0.000000 
0.800000 0.480000 0.000000 
0.800000 0.500000 0.000000 
0.800000 0.520000 0.000000 
0.800000 0.540000 0.000000 
0.800000 0.560000 0.000000 
0.800000 0.580000 0.000000 
0.800000 0.600000 0.000000 
0.800000 0.620000 0.000000 
0.800000 0.640000 0.000000 
0.800000 0.660000 0.000000 
0.800000 0.680000 0.000000 
0.800000 0.700000 0.000000 
0.800000 0.720000 0.000000 
0.800000 0.740000 0.000000 
0.800000 0.760000 0.000000 
0.800000 0.780000 0.000000 
0.800000 0.800000 0.000000 
0.800000 0.820000 0.000000 
0.800000 0.840000 0.000000 
0.800000 0.860000 0.000000 
0.800000 0.880000 0.000000 
0.800000 0.900000 0.000000 
0.800000 0.920000 0.000000 
0.800000 0.940000 0.000000 
0.800000 0.960000 0.000000 
0.800000 0.980000 0.000000 
0.800000 1.000000 0.000000 
0.820000 0.000000 0.000000 
0.820000 0.020000 0.000000 
0.820000 0.040000 0.000000 
0.820000 0.060000 0.000000 
0.820000 0.080000 0.000000 
0.820000 0.100000 0.000000 
0.820000 0.120000 0.000000 
0.820000 0.140000 0.000000 
0.820000 0.160000 0.000000 
0.820000 0.180000 0.000000 
0.820000 0.200000 0.000000 
0.820000 0.220000 0.000000 
0.820000 0.240000 0.000000 
0.820000 0.260000 0.000000 
0.820000 0.280000 0.000000 
0.820000 0.300000 0.000000 
0.820000 0.320000 0.000000 
0.820000 0.340000 0.000000 
0.820000 0.360000 0.000000 
0.820000 0.380000 0.000000 
0.820000 0.400000 0.000000 
0.820000 0.420000 0.000000 
0.820000 0.440000 0.000000 
0.820000 0.460000 0.000000 
0.820000 0.480000 0.000000 
0.820000 0.500000 0.000000 
0.820000 0.520000 0.000000 
0.820000 0.540000 0.000000 
0.820000 0.560000 0.000000 
0.820000 0.580000 0.000000 
0.820000 0.600000 0.000000 
0.820000 0.620000 0.000000 
0.820000 0.640000 0.000000 
0.820000 0.660000 0.000000 
0.820000 0.680000 0.000000 
0.820000 0.700000 0.000000 
0.820000 0.720000 0.000000 
0.820000 0.740000 0.000000 
0.820000 0.760000 0.000000 
0.820000 0.780000 0.000000 
0.820000 0.800000 0.000000 
0.820000 0.820000 0.000000 
0.820000 0.840000 0.000000 
0.820000 0.860000 0.000000 
0.820000 0.880000 0.000000 
0.820000 0.900000 0.000000 
0.820000 0.920000 0.000000 
0.820000 0.940000 0.000000 
0.820000 0.960000 0.000000 
0.820000 0.980000 0.000000 
0.820000 1.000000 0.000000 
0.840000 0.000000 0.000000 
0.840000 0.020000 0.000000 
0.840000 0.040000 0.000000 
0.840000 0.060000 0.000000 
0.840000 0.080000 0.000000 
0.840000 0.100000 0.000000 
0.840000 0.120000 0.000000 
0.840000 0.140000 0.000000 
0.840000 0.160000 0.000000 
0.840000 0.180000 0.000000 
0.840000 0.200000 0.000000 
0.840000 0.220000 0.000000 
0.840000 0.240000 0.000000 
0.840000 0.260000 0.000000 
0.840000 0.280000 0.000000 
0.840000 0.300000 0.000000 
0.840000 0.320000 0.000000 
0.840000 0.340000 0.000000 
0.840000 0.360000 0.000000 
0.840000 0.380000 0.000000 
0.840000 0.400000 0.000000 
0.840000 0.420000 0.000000 
0.840000 0.440000 0.000000 
0.840000 0.460000 0.000000 
0.840000 0.480000 0.000000 
0.840000 0.500000 0.000000 
0.840000 0.520000 0.000000 
0.840000 0.540000 0.000000 
0.840000 0.560000 0.000000 
0.840000 0.580000 0.000000 
0.840000 0.600000 0.000000 
0.840000 0.620000 0.000000 
0.840000 0.640000 0.000000 
0.840000 0.660000 0.000000 
0.840000 0.680000 0.000000 
0.840000 0.700000 0.000000 
0.840000 0.720000 0.000000 
0.840000 0.740000 0.000000 
0.840000 0.760000 0.000000 
0.840000 0.780000 0.000000 
0.840000 0.800000 0.000000 
0.840000 0.820000 0.000000 
0.840000 0.840000 0.000000 
0.840000 0.860000 0.000000 
0.840000 0.880000 0.000000 
0.840000 0.900000 0.000000 
0.840000 0.920000 0.000000 
0.840000 0.940000 0.000000 
0.840000 0.960000 0.000000 
0.840000 0.980000 0.000000 
0.840000 1.000000 0.000000 
0.860000 0.000000 0.000000 
0.860000 0.020000 0.000000 
0.860000 0.040000 0.000000 
0.860000 0.060000 0.000000 
0.860000 0.080000 0.000000 
0.860000 0.100000 0.000000 
0.860000 0.120000 0.000000 
0.860000 0.140000 0.000000 
0.860000 0.160000 0.000000 
0.860000 0.180000 0.000000 
0.860000 0.200000 0.000000 
0.860000 0.220000 0.000000 
0.860000 0.240000 0.000000 
0.860000 0.260000 0.000000 
0.860000 0.280000 0.000000 
0.860000 0.300000 0.000000 
0.860000 0.320000 0.000000 
0.860000 0.340000 0.000000 
0.860000 0.360000 0.000000 
0.860000 0.380000 0.000000 
0.860000 0.400000 0.000000 
0.860000 0.420000 0.000000 
0.860000 0.440000 0.000000 
0.860000 0.460000 0.000000 
0.860000 0.480000 0.000000 
0.860000 0.500000 0.000000 
0.860000 0.520000 0.000000 
0.860000 0.540000 0.000000 
0.860000 0.560000 0.000000 
0.860000 0.580000 0.000000 
0.860000 0.600000 0.000000 
0.860000 0.620000 0.000000 
0.860000 0.640000 0.000000 
0.860000 0.660000 0.000000 
0.860000 0.680000 0.000000 
0.860000 0.700000 0.000000 
0.860000 0.720000 0.000000 
0.860000 0.740000 0.000000 
0.860000 0.760000 0.000000 
0.860000 0.780000 0.000000 
0.860000 0.800000 0.000000 
0.860000 0.820000 0.000000 
0.860000 0.840000 0.000000 
0.860000 0.860000 0.000000 
0.860000 0.880000 0.000000 
0.860000 0.900000 0.000000 
0.860000 0.920000 0.000000 
0.860000 0.940000 0.000000 
0.860000 0.960000 0.000000 
0.860000 0.980000 0.000000 
0.860000 1.000000 0.000000 
0.880000 0.000000 0.000000 
0.880000 0.020000 0.000000 
0.880000 0.040000 0.000000 
0.880000 0.060000 0.000000 
0.880000 0.080000 0.000000 
0.880000 0.100000 0.000000 
0.880000 0.120000 0.000000 
0.880000 0.140000 0.000000 
0.880000 0.160000 0.000000 
0.880000 0.180000 0.000000 
0.880000 0.200000 0.000000 
0.880000 0.220000 0.000000 
0.880000 0.240000 0.000000 
0.880000 0.260000 0.000000 
0.880000 0.280000 0.000000 
0.880000 0.300000 0.000000 
0.880000 0.320000 0.000000 
0.880000 0.340000 0.000000 
0.880000 0.360000 0.000000 
0.880000 0.380000 0.000000 
0.880000 0.400000 0.000000 
0.880000 0.420000 0.000000 
0.880000 0.440000 0.000000 
0.880000 0.460000 0.000000 
0.880000 0.480000 0.000000 
0.880000 0.500000 0.000000 
0.880000 0.520000 0.000000 
0.880000 0.540000 0.000000 
0.880000 0.560000 0.000000 
0.880000 0.580000 0.000000 
0.880000 0.600000 0.000000 
0.880000 0.620000 0.000000 
0.880000 0.640000 0.000000 
0.880000 0.660000 0.000000 
0.880000 0.680000 0.000000 
0.880000 0.700000 0.000000 
0.880000 0.720000 0.000000 
0.880000 0.740000 0.000000 
0.880000 0.760000 0.000000 
0.880000 0.780000 0.000000 
0.880000 0.800000 0.000000 
0.880000 0.820000 0.000000 
0.880000 0.840000 0.000000 
0.880000 0.860000 0.000000 
0.880000 0.880000 0.000000 
0.880000 0.900000 0.000000 
0.880000 0.920000 0.000000 
0.880000 0.940000 0.000000 
0.880000 0.960000 0.000000 
0.880000 0.980000 0.000000 
0.880000 1.000000 0.000000 
0.900000 0.000000 0.000000 
0.900000 0.020000 0.000000 
0.900000 0.040000 0.000000 
0.900000 0.060000 0.000000 
0.900000 0.080000 0.000000 
0.900000 0.100000 0.000000 
0.900000 0.120000 0.000000 
0.900000 0.140000 0.000000 
0.900000 0.160000 0.000000 
0.900000 0.180000 0.000000 
0.900000 0.200000 0.000000 
0.900000 0.220000 0.000000 
0.900000 0.240000 0.000000 
0.900000 0.260000 0.000000 
0.900000 0.280000 0.000000 
0.900000 0.300000 0.000000 
0.900000 0.320000 0.000000 
0.900000 0.340000 0.000000 
0.900000 0.360000 0.000000 
0.900000 0.380000 0.000000 
0.900000 0.400000 0.000000 
0.900000 0.420000 0.000000 
0.900000 0.440000 0.000000 
0.900000 0.460000 0.000000 
0.900000 0.480000 0.000000 
0.900000 0.500000 0.000000 
0.900000 0.520000 0.000000 
0.900000 0.540000 0.000000 
0.900000 0.560000 0.000000 
0.900000 0.580000 0.000000 
0.900000 0.600000 0.000000 
0.900000 0.620000 0.000000 
0.900000 0.640000 0.000000 
0.900000 0.660000 0.000000 
0.900000 0.680000 0.000000 
0.900000 0.700000 0.000000 
0.900000 0.720000 0.000000 
0.900000 0.740000 0.000000 
0.900000 0.760000 0.000000 
0.900000 0.780000 0.000000 
0.900000 0.800000 0.000000 
0.900000 0.820000 0.000000 
0.900000 0.840000 0.000000 
0.900000 0.860000 0.000000 
0.900000 0.880000 0.000000 
0.900000 0.900000 0.000000 
0.900000 0.920000 0.000000 
0.900000 0.940000 0.000000 
0.900000 0.960000 0.000000 
0.900000 0.980000 0.000000 
0.900000 1.000000 0.000000 
0.920000 0.000000 0.000000 
0.920000 0.020000 0.000000 
0.920000 0.040000 0.000000 
0.920000 0.060000 0.000000 
0.920000 0.080000 0.000000 
0.920000 0.100000 0.000000 
0.920000 0.120000 0.000000 
0.920000 0.140000 0.000000 
0.920000 0.160000 0.000000 
0.920000 0.180000 0.000000 
0.920000 0.200000 0.000000 
0.920000 0.220000 0.000000 
0.920000 0.240000 0.000000 
0.920000 0.260000 0.000000 
0.920000 0.280000 0.000000 
0.920000 0.300000 0.000000 
0.920000 0.320000 0.000000 
0.920000 0.340000 0.000000 
0.920000 0.360000 0.000000 
0.920000 0.380000 0.000000 
0.920000 0.400000 0.000000 
0.920000 0.420000 0.000000 
0.920000 0.440000 0.000000 
0.920000 0.460000 0.000000 
0.920000 0.480000 0.000000 
0.920000 0.500000 0.000000 
0.920000 0.520000 0.000000 
0.920000 0.540000 0.000000 
0.920000 0.560000 0.000000 
0.920000 0.580000 0.000000 
0.920000 0.600000 0.000000 
0.920000 0.620000 0.000000 
0.920000 0.640000 0.000000 
0.920000 0.660000 0.000000 
0.920000 0.680000 0.000000 
0.920000 0.700000 0.000000 
0.920000 0.720000 0.000000 
0.920000 0.740000 0.000000 
0.920000 0.760000 0.000000 
0.920000 0.780000 0.000000 
0.920000 0.800000 0.000000 
0.920000 0.820000 0.000000 
0.920000 0.840000 0.000000 
0.920000 0.860000 0.000000 
0.920000 0.880000 0.000000 
0.920000 0.900000 0.000000 
0.920000 0.920000 0.000000 
0.920000 0.940000 0.000000 
0.920000 0.960000 0.000000 
0.920000 0.980000 0.000000 
0.920000 1.000000 0.000000 
0.940000 0.000000 0.000000 
0.940000 0.020000 0.000000 
0.940000 0.040000 0.000000 
0.940000 0.060000 0.000000 
0.940000 0.080000 0.000000 
0.940000 0.100000 0.000000 
0.940000 0.120000 0.000000 
0.940000 0.140000 0.000000 
0.940000 0.160000 0.000000 
0.940000 0.180000 0.000000 
0.940000 0.200000 0.000000 
0.940000 0.220000 0.000000 
0.940000 0.240000 0.000000 
0.940000 0.260000 0.000000 
0.940000 0.280000 0.000000 
0.940000 0.300000 0.000000 
0.940000 0.320000 0.000000 
0.940000 0.340000 0.000000 
0.940000 0.360000 0.000000 
0.940000 0.380000 0.000000 
0.940000 0.400000 0.000000 
0.940000 0.420000 0.000000 
0.940000 0.440000 0.000000 
0.940000 0.460000 0.000000 
0.940000 0.480000 0.000000 
0.940000 0.500000 0.000000 
0.940000 0.520000 0.000000 
0.940000 0.540000 0.000000 
0.940000 0.560000 0.000000 
0.940000 0.580000 0.000000 
0.940000 0.600000 0.000000 
0.940000 0.620000 0.000000 
0.940000 0.640000 0.000000 
0.940000 0.660000 0.000000 
0.940000 0.680000 0.000000 
0.940000 0.700000 0.000000 
0.940000 0.720000 0.000000 
0.940000 0.740000 0.000000 
0.940000 0.760000 0.000000 
0.940000 0.780000 0.000000 
0.940000 0.800000 0.000000 
0.940000 0.820000 0.000000 
0.940000 0.840000 0.000000 
0.940000 0.860000 0.000000 
0.940000 0.880000 0.000000 
0.940000 0.900000 0.000000 
0.940000 0.920000 0.000000 
0.940000 0.940000 0.000000 
0.940000 0.960000 0.000000 
0.940000 0.980000 0.000000 
0.940000 1.000000 0.000000 
0.960000 0.000000 0.000000 
0.960000 0.020000 0.000000 
0.960000 0.040000 0.000000 
0.960000 0.060000 0.000000 
0.960000 0.080000 0.000000 
0.960000 0.100000 0.000000 
0.960000 0.120000 0.000000 
0.960000 0.140000 0.000000 
0.960000 0.160000 0.000000 
0.960000 0.180000 0.000000 
0.960000 0.200000 0.000000 
0.960000 0.220000 0.000000 
0.960000 0.240000 0.000000 
0.960000 0.260000 0.000000 
0.960000 0.280000 0.000000 
0.960000 0.300000 0.000000 
0.960000 0.320000 0.000000 
0.960000 0.340000 0.000000 
0.960000 0.360000 0.000000 
0.960000 0.380000 0.000000 
0.960000 0.400000 0.000000 
0.960000 0.420000 0.000000 
0.960000 0.440000 0.000000 
0.960000 0.460000 0.000000 
0.960000 0.480000 0.000000 
0.960000 0.500000 0.000000 
0.960000 0.520000 0.000000 
0.960000 0.540000 0.000000 
0.960000 0.560000 0.000000 
0.960000 0.580000 0.000000 
0.960000 0.600000 0.000000 
0.960000 0.620000 0.000000 
0.960000 0.640000 0.000000 
0.960000 0.660000 0.000000 
0.960000 0.680000 0.000000 
0.960000 0.700000 0.000000 
0.960000 0.720000 0.000000 
0.960000 0.740000 0.000000 
0.960000 0.760000 0.000000 
0.960000 0.780000 0.000000 
0.960000 0.800000 0.000000 
0.960000 0.820000 0.000000 
0.960000 0.840000 0.000000 
0.960000 0.860000 0.000000 
0.960000 0.880000 0.000000 
0.960000 0.900000 0.000000 
0.960000 0.920000 0.000000 
0.960000 0.940000 0.000000 
0.960000 0.960000 0.000000 
0.960000 0.980000 0.000000 
0.960000 1.000000 0.000000 
0.980000 0.000000 0.000000 
0.980000 0.020000 0.000000 
0.980000 0.040000 0.000000 
0.980000 0.060000 0.000000 
0.980000 0.080000 0.000000 
0.980000 0.100000 0.000000 
0.980000 0.120000 0.000000 
0.980000 0.140000 0.000000 
0.980000 0.160000 0.000000 
0.980000 0.180000 0.000000 
0.980000 0.200000 0.000000 
0.980000 0.220000 0.000000 
0.980000 0.240000 0.000000 
0.980000 0.260000 0.000000 
0.980000 0.280000 0.000000 
0.980000 0.300000 0.000000 
0.980000 0.320000 0.000000 
0.980000 0.340000 0.000000 
0.980000 0.360000 0.000000 
0.980000 0.380000 0.000000 
0.980000 0.400000 0.000000 
0.980000 0.420000 0.000000 
0.980000 0.440000 0.000000 
0.980000 0.460000 0.000000 
0.980000 0.480000 0.000000 
0.980000 0.500000 0.000000 
0.980000 0.520000 0.000000 
0.980000 0.540000 0.000000 
0.980000 0.560000 0.000000 
0.980000 0.580000 0.000000 
0.980000 0.600000 0.000000 
0.980000 0.620000 0.000000 
0.980000 0.640000 0.000000 
0.980000 0.660000 0.000000 
0.980000 0.680000 0.000000 
0.980000 0.700000 0.000000 
0.980000 0.720000 0.000000 
0.980000 0.740000 0.000000 
0.980000 0.760000 0.000000 
0.980000 0.780000 0.000000 
0.980000 0.800000 0.000000 
0.980000 0.820000 0.000000 
0.980000 0.840000 0.000000 
0.980000 0.860000 0.000000 
0.980000 0.880000 0.000000 
0.980000 0.900000 0.000000 
0.980000 0.920000 0.000000 
0.980000 0.940000 0.000000 
0.980000 0.960000 0.000000 
0.980000 0.980000 0.000000 
0.980000 1.000000 0.000000 
1.000000 0.000000 0.000000 
1.000000 0.020000 0.000000 
1.000000 0.040000 0.000000 
1.000000 0.060000 0.000000 
1.000000 0.080000 0.000000 
1.000000 0.100000 0.000000 
1.000000 0.120000 0.000000 
1.000000 0.140000 0.000000 
1.000000 0.160000 0.000000 
1.000000 0.180000 0.000000 
1.000000 0.200000 0.000000 
1.000000 0.220000 0.000000 
1.000000 0.240000 0.000000 
1.000000 0.260000 0.000000 
1.000000 0.280000 0.000000 
1.000000 0.300000 0.000000 
1.000000 0.320000 0.000000 
1.000000 0.340000 0.000000 
1.000000 0.360000 0.000000 
1.000000 0.380000 0.000000 
1.000000 0.400000 0.000000 
1.000000 0.420000 0.000000 
1.000000 0.440000 0.000000 
1.000000 0.460000 0.000000 
1.000000 0.480000 0.000000 
1.000000 0.500000 0.000000 
1.000000 0.520000 0.000000 
1.000000 0.540000 0.000000 
1.000000 0.560000 0.000000 
1.000000 0.580000 0.000000 
1.000000 0.600000 0.000000 
1.000000 0.620000 0.000000 
1.000000 0.640000 0.000000 
1.000000 0.660000 0.000000 
1.000000 0.680000 0.000000 
1.000000 0.700000 0.000000 
1.000000 0.720000 0.000000 
1.000000 0.740000 0.000000 
1.000000 0.760000 0.000000 
1.000000 0.780000 0.000000 
1.000000 0.800000 0.000000 
1.000000 0.820000 0.000000 
1.000000 0.840000 0.000000 
1.000000 0.860000 0.000000 
1.000000 0.880000 0.000000 
1.000000 0.900000 0.000000 
1.000000 0.920000 0.000000 
1.000000 0.940000 0.000000 
1.000000 0.960000 0.000000 
1.000000 0.980000 0.000000 
1.000000 1.000000 0.000000 
