0.000000 0.000000 0.000000 
0.000000 0.020000 0.000000 
0.000000 0.040000 0.000000 
0.000000 0.060000 0.000000 
0.000000 0.080000 0.000000 
0.000000 0.100000 0.000000 
0.000000 0.120000 0.000000 
0.000000 0.140000 0.000000 
0.000000 0.160000 0.000000 
0.000000 0.180000 0.000000 
0.000000 0.200000 0.000000 
0.000000 0.220000 0.000000 
0.000000 0.240000 0.000000 
0.000000 0.260000 0.000000 
0.000000 0.280000 0.000000 
0.000000 0.300000 0.000000 
0.000000 0.320000 0.000000 
0.000000 0.340000 0.000000 
0.000000 0.360000 0.000000 
0.000000 0.380000 0.000000 
0.000000 0.400000 0.000000 
0.000000 0.420000 0.000000 
0.000000 0.440000 0.000000 
0.000000 0.460000 0.000000 
0.000000 0.480000 0.000000 
0.000000 0.500000 0.000000 
0.000000 0.520000 0.000000 
0.000000 0.540000 0.000000 
0.000000 0.560000 0.000000 
0.000000 0.580000 0.000000 
0.000000 0.600000 0.000000 
0.000000 0.620000 0.000000 
0.000000 0.640000 0.000000 
0.000000 0.660000 0.000000 
0.000000 0.680000 0.000000 
0.000000 0.700000 0.000000 
0.000000 0.720000 0.000000 
0.000000 0.740000 0.000000 
0.000000 0.760000 0.000000 
0.000000 0.780000 0.000000 
0.000000 0.800000 0.000000 
0.000000 0.820000 0.000000 
0.000000 0.840000 0.000000 
0.000000 0.860000 0.000000 
0.000000 0.880000 0.000000 
0.000000 0.900000 0.000000 
0.000000 0.920000 0.000000 
0.000000 0.940000 0.000000 
0.000000 0.960000 0.000000 
0.000000 0.980000 0.000000 
0.000000 1.000000 0.000000 
0.020000 0.000000 0.000000 
0.020000 0.020000 0.000000 
0.020000 0.040000 0.000000 
0.020000 0.060000 0.000000 
0.020000 0.080000 0.000000 
0.020000 0.100000 0.000000 
0.020000 0.120000 0.000000 
0.020000 0.140000 0.000000 
0.020000 0.160000 0.000000 
0.020000 0.180000 0.000000 
0.020000 0.200000 0.000000 
0.020000 0.220000 0.000000 
0.020000 0.240000 0.000000 
0.020000 0.260000 0.000000 
0.020000 0.280000 0.000000 
0.020000 0.300000 0.000000 
0.020000 0.320000 0.000000 
0.020000 0.340000 0.000000 
0.020000 0.360000 0.000000 
0.020000 0.380000 0.000000 
0.020000 0.400000 0.000000 
0.020000 0.420000 0.000000 
0.020000 0.440000 0.000000 
0.020000 0.460000 0.000000 
0.020000 0.480000 0.000000 
0.020000 0.500000 0.000000 
0.020000 0.520000 0.000000 
0.020000 0.540000 0.000000 
0.020000 0.560000 0.000000 
0.020000 0.580000 0.000000 
0.020000 0.600000 0.000000 
0.020000 0.620000 0.000000 
0.020000 0.640000 0.000000 
0.020000 0.660000 0.000000 
0.020000 0.680000 0.000000 
0.020000 0.700000 0.000000 
0.020000 0.720000 0.000000 
0.020000 0.740000 0.000000 
0.020000 0.760000 0.000000 
0.020000 0.780000 0.000000 
0.020000 0.800000 0.000000 
0.020000 0.820000 0.000000 
0.020000 0.840000 0.000000 
0.020000 0.860000 0.000000 
0.020000 0.880000 0.000000 
0.020000 0.900000 0.000000 
0.020000 0.920000 0.000000 
0.020000 0.940000 0.000000 
0.020000 0.960000 0.000000 
0.020000 0.980000 0.000000 
0.020000 1.000000 0.000000 
0.040000 0.000000 0.000000 
0.040000 0.020000 0.000000 
0.040000 0.040000 0.000000 
0.040000 0.060000 0.000000 
0.040000 0.080000 0.000000 
0.040000 0.100000 0.000000 
0.040000 0.120000 0.000000 
0.040000 0.140000 0.000000 
0.040000 0.160000 0.000000 
0.040000 0.180000 0.000000 
0.040000 0.200000 0.000000 
0.040000 0.220000 0.000000 
0.040000 0.240000 0.000000 
0.040000 0.260000 0.000000 
0.040000 0.280000 0.000000 
0.040000 0.300000 0.000000 
0.040000 0.320000 0.000000 
0.040000 0.340000 0.000000 
0.040000 0.360000 0.000000 
0.040000 0.380000 0.000000 
0.040000 0.400000 0.000000 
0.040000 0.420000 0.000000 
0.040000 0.440000 0.000000 
0.040000 0.460000 0.000000 
0.040000 0.480000 0.000000 
0.040000 0.500000 0.000000 
0.040000 0.520000 0.000000 
0.040000 0.540000 0.000000 
0.040000 0.560000 0.000000 
0.040000 0.580000 0.000000 
0.040000 0.600000 0.000000 
0.040000 0.620000 0.000000 
0.040000 0.640000 0.000000 
0.040000 0.660000 0.000000 
0.040000 0.680000 0.000000 
0.040000 0.700000 0.000000 
0.040000 0.720000 0.000000 
0.040000 0.740000 0.000000 
0.040000 0.760000 0.000000 
0.040000 0.780000 0.000000 
0.040000 0.800000 0.000000 
0.040000 0.820000 0.000000 
0.040000 0.840000 0.000000 
0.040000 0.860000 0.000000 
0.040000 0.880000 0.000000 
0.040000 0.900000 0.000000 
0.040000 0.920000 0.000000 
0.040000 0.940000 0.000000 
0.040000 0.960000 0.000000 
0.040000 0.980000 0.000000 
0.040000 1.000000 0.000000 
0.060000 0.000000 0.000000 
0.060000 0.020000 0.000000 
0.060000 0.040000 0.000000 
0.060000 0.060000 0.000000 
0.060000 0.080000 0.000000 
0.060000 0.100000 0.000000 
0.060000 0.120000 0.000000 
0.060000 0.140000 0.000000 
0.060000 0.160000 0.000000 
0.060000 0.180000 0.000000 
0.060000 0.200000 0.000000 
0.060000 0.220000 0.000000 
0.060000 0.240000 0.000000 
0.060000 0.260000 0.000000 
0.060000 0.280000 0.000000 
0.060000 0.300000 0.000000 
0.060000 0.320000 0.000000 
0.060000 0.340000 0.000000 
0.060000 0.360000 0.000000 
0.060000 0.380000 0.000000 
0.060000 0.400000 0.000000 
0.060000 0.420000 0.000000 
0.060000 0.440000 0.000000 
0.060000 0.460000 0.000000 
0.060000 0.480000 0.000000 
0.060000 0.500000 0.000000 
0.060000 0.520000 0.000000 
0.060000 0.540000 0.000000 
0.060000 0.560000 0.000000 
0.060000 0.580000 0.000000 
0.060000 0.600000 0.000000 
0.060000 0.620000 0.000000 
0.060000 0.640000 0.000000 
0.060000 0.660000 0.000000 
0.060000 0.680000 0.000000 
0.060000 0.700000 0.000000 
0.060000 0.720000 0.000000 
0.060000 0.740000 0.000000 
0.060000 0.760000 0.000000 
0.060000 0.780000 0.000000 
0.060000 0.800000 0.000000 
0.060000 0.820000 0.000000 
0.060000 0.840000 0.000000 
0.060000 0.860000 0.000000 
0.060000 0.880000 0.000000 
0.060000 0.900000 0.000000 
0.060000 0.920000 0.000000 
0.060000 0.940000 0.000000 
0.060000 0.960000 0.000000 
0.060000 0.980000 0.000000 
0.060000 1.000000 0.000000 
0.080000 0.000000 0.000001 
0.080000 0.020000 0.000000 
0.080000 0.040000 0.000000 
0.080000 0.060000 0.000000 
0.080000 0.080000 0.000000 
0.080000 0.100000 0.000000 
0.080000 0.120000 0.000000 
0.080000 0.140000 0.000000 
0.080000 0.160000 0.000000 
0.080000 0.180000 0.000000 
0.080000 0.200000 0.000000 
0.080000 0.220000 0.000000 
0.080000 0.240000 0.000000 
0.080000 0.260000 0.000000 
0.080000 0.280000 0.000000 
0.080000 0.300000 0.000000 
0.080000 0.320000 0.000000 
0.080000 0.340000 0.000000 
0.080000 0.360000 0.000000 
0.080000 0.380000 0.000000 
0.080000 0.400000 0.000000 
0.080000 0.420000 0.000000 
0.080000 0.440000 0.000000 
0.080000 0.460000 0.000000 
0.080000 0.480000 0.000000 
0.080000 0.500000 0.000000 
0.080000 0.520000 0.000000 
0.080000 0.540000 0.000000 
0.080000 0.560000 0.000000 
0.080000 0.580000 0.000000 
0.080000 0.600000 0.000000 
0.080000 0.620000 0.000000 
0.080000 0.640000 0.000000 
0.080000 0.660000 0.000000 
0.080000 0.680000 0.000000 
0.080000 0.700000 0.000000 
0.080000 0.720000 0.000000 
0.080000 0.740000 0.000000 
0.080000 0.760000 0.000000 
0.080000 0.780000 0.000000 
0.080000 0.800000 0.000000 
0.080000 0.820000 0.000000 
0.080000 0.840000 0.000000 
0.080000 0.860000 0.000000 
0.080000 0.880000 0.000000 
0.080000 0.900000 0.000000 
0.080000 0.920000 0.000000 
0.080000 0.940000 0.000000 
0.080000 0.960000 0.000000 
0.080000 0.980000 0.000000 
0.080000 1.000000 0.000000 
0.100000 0.000000 0.000002 
0.100000 0.020000 0.000000 
0.100000 0.040000 0.000000 
0.100000 0.060000 0.000000 
0.100000 0.080000 0.000000 
0.100000 0.100000 0.000000 
0.100000 0.120000 0.000000 
0.100000 0.140000 0.000000 
0.100000 0.160000 0.000000 
0.100000 0.180000 0.000000 
0.100000 0.200000 0.000000 
0.100000 0.220000 0.000000 
0.100000 0.240000 0.000000 
0.100000 0.260000 0.000000 
0.100000 0.280000 0.000000 
0.100000 0.300000 0.000000 
0.100000 0.320000 0.000000 
0.100000 0.340000 0.000000 
0.100000 0.360000 0.000000 
0.100000 0.380000 0.000000 
0.100000 0.400000 0.000000 
0.100000 0.420000 0.000000 
0.100000 0.440000 0.000000 
0.100000 0.460000 0.000000 
0.100000 0.480000 0.000000 
0.100000 0.500000 0.000000 
0.100000 0.520000 0.000000 
0.100000 0.540000 0.000000 
0.100000 0.560000 0.000000 
0.100000 0.580000 0.000000 
0.100000 0.600000 0.000000 
0.100000 0.620000 0.000000 
0.100000 0.640000 0.000000 
0.100000 0.660000 0.000000 
0.100000 0.680000 0.000000 
0.100000 0.700000 0.000000 
0.100000 0.720000 0.000000 
0.100000 0.740000 0.000000 
0.100000 0.760000 0.000000 
0.100000 0.780000 0.000000 
0.100000 0.800000 0.000000 
0.100000 0.820000 0.000000 
0.100000 0.840000 0.000000 
0.100000 0.860000 0.000000 
0.100000 0.880000 0.000000 
0.100000 0.900000 0.000000 
0.100000 0.920000 0.000000 
0.100000 0.940000 0.000000 
0.100000 0.960000 0.000000 
0.100000 0.980000 0.000000 
0.100000 1.000000 0.000000 
0.120000 0.000000 0.000004 
0.120000 0.020000 0.000000 
0.120000 0.040000 0.000000 
0.120000 0.060000 0.000000 
0.120000 0.080000 0.000000 
0.120000 0.100000 0.000000 
0.120000 0.120000 0.000000 
0.120000 0.140000 0.000000 
0.120000 0.160000 0.000000 
0.120000 0.180000 0.000000 
0.120000 0.200000 0.000000 
0.120000 0.220000 0.000000 
0.120000 0.240000 0.000000 
0.120000 0.260000 0.000000 
0.120000 0.280000 0.000000 
0.120000 0.300000 0.000000 
0.120000 0.320000 0.000000 
0.120000 0.340000 0.000000 
0.120000 0.360000 0.000000 
0.120000 0.380000 0.000000 
0.120000 0.400000 0.000000 
0.120000 0.420000 0.000000 
0.120000 0.440000 0.000000 
0.120000 0.460000 0.000000 
0.120000 0.480000 0.000000 
0.120000 0.500000 0.000000 
0.120000 0.520000 0.000000 
0.120000 0.540000 0.000000 
0.120000 0.560000 0.000000 
0.120000 0.580000 0.000000 
0.120000 0.600000 0.000000 
0.120000 0.620000 0.000000 
0.120000 0.640000 0.000000 
0.120000 0.660000 0.000000 
0.120000 0.680000 0.000000 
0.120000 0.700000 0.000000 
0.120000 0.720000 0.000000 
0.120000 0.740000 0.000000 
0.120000 0.760000 0.000000 
0.120000 0.780000 0.000000 
0.120000 0.800000 0.000000 
0.120000 0.820000 0.000000 
0.120000 0.840000 0.000000 
0.120000 0.860000 0.000000 
0.120000 0.880000 0.000000 
0.120000 0.900000 0.000000 
0.120000 0.920000 0.000000 
0.120000 0.940000 0.000000 
0.120000 0.960000 0.000000 
0.120000 0.980000 0.000000 
0.120000 1.000000 0.000000 
0.140000 0.000000 0.000008 
0.140000 0.020000 0.000000 
0.140000 0.040000 0.000000 
0.140000 0.060000 0.000000 
0.140000 0.080000 0.000000 
0.140000 0.100000 0.000000 
0.140000 0.120000 0.000000 
0.140000 0.140000 0.000000 
0.140000 0.160000 0.000000 
0.140000 0.180000 0.000000 
0.140000 0.200000 0.000000 
0.140000 0.220000 0.000000 
0.140000 0.240000 0.000000 
0.140000 0.260000 0.000000 
0.140000 0.280000 0.000000 
0.140000 0.300000 0.000000 
0.140000 0.320000 0.000000 
0.140000 0.340000 0.000000 
0.140000 0.360000 0.000000 
0.140000 0.380000 0.000000 
0.140000 0.400000 0.000000 
0.140000 0.420000 0.000000 
0.140000 0.440000 0.000000 
0.140000 0.460000 0.000000 
0.140000 0.480000 0.000000 
0.140000 0.500000 0.000000 
0.140000 0.520000 0.000000 
0.140000 0.540000 0.000000 
0.140000 0.560000 0.000000 
0.140000 0.580000 0.000000 
0.140000 0.600000 0.000000 
0.140000 0.620000 0.000000 
0.140000 0.640000 0.000000 
0.140000 0.660000 0.000000 
0.140000 0.680000 0.000000 
0.140000 0.700000 0.000000 
0.140000 0.720000 0.000000 
0.140000 0.740000 0.000000 
0.140000 0.760000 0.000000 
0.140000 0.780000 0.000000 
0.140000 0.800000 0.000000 
0.140000 0.820000 0.000000 
0.140000 0.840000 0.000000 
0.140000 0.860000 0.000000 
0.140000 0.880000 0.000000 
0.140000 0.900000 0.000000 
0.140000 0.920000 0.000000 
0.140000 0.940000 0.000000 
0.140000 0.960000 0.000000 
0.140000 0.980000 0.000000 
0.140000 1.000000 0.000000 
0.160000 0.000000 0.000017 
0.160000 0.020000 0.000000 
0.160000 0.040000 0.000000 
0.160000 0.060000 0.000000 
0.160000 0.080000 0.000000 
0.160000 0.100000 0.000000 
0.160000 0.120000 0.000000 
0.160000 0.140000 0.000000 
0.160000 0.160000 0.000000 
0.160000 0.180000 0.000000 
0.160000 0.200000 0.000000 
0.160000 0.220000 0.000000 
0.160000 0.240000 0.000000 
0.160000 0.260000 0.000000 
0.160000 0.280000 0.000000 
0.160000 0.300000 0.000000 
0.160000 0.320000 0.000000 
0.160000 0.340000 0.000000 
0.160000 0.360000 0.000000 
0.160000 0.380000 0.000000 
0.160000 0.400000 0.000000 
0.160000 0.420000 0.000000 
0.160000 0.440000 0.000000 
0.160000 0.460000 0.000000 
0.160000 0.480000 0.000000 
0.160000 0.500000 0.000000 
0.160000 0.520000 0.000000 
0.160000 0.540000 0.000000 
0.160000 0.560000 0.000000 
0.160000 0.580000 0.000000 
0.160000 0.600000 0.000000 
0.160000 0.620000 0.000000 
0.160000 0.640000 0.000000 
0.160000 0.660000 0.000000 
0.160000 0.680000 0.000000 
0.160000 0.700000 0.000000 
0.160000 0.720000 0.000000 
0.160000 0.740000 0.000000 
0.160000 0.760000 0.000000 
0.160000 0.780000 0.000000 
0.160000 0.800000 0.000000 
0.160000 0.820000 0.000000 
0.160000 0.840000 0.000000 
0.160000 0.860000 0.000000 
0.160000 0.880000 0.000000 
0.160000 0.900000 0.000000 
0.160000 0.920000 0.000000 
0.160000 0.940000 0.000000 
0.160000 0.960000 0.000000 
0.160000 0.980000 0.000000 
0.160000 1.000000 0.000000 
0.180000 0.000000 0.000038 
0.180000 0.020000 0.000000 
0.180000 0.040000 0.000000 
0.180000 0.060000 0.000000 
0.180000 0.080000 0.000000 
0.180000 0.100000 0.000000 
0.180000 0.120000 0.000000 
0.180000 0.140000 0.000000 
0.180000 0.160000 0.000000 
0.180000 0.180000 0.000000 
0.180000 0.200000 0.000000 
0.180000 0.220000 0.000000 
0.180000 0.240000 0.000000 
0.180000 0.260000 0.000000 
0.180000 0.280000 0.000000 
0.180000 0.300000 0.000000 
0.180000 0.320000 0.000000 
0.180000 0.340000 0.000000 
0.180000 0.360000 0.000000 
0.180000 0.380000 0.000000 
0.180000 0.400000 0.000000 
0.180000 0.420000 0.000000 
0.180000 0.440000 0.000000 
0.180000 0.460000 0.000000 
0.180000 0.480000 0.000000 
0.180000 0.500000 0.000000 
0.180000 0.520000 0.000000 
0.180000 0.540000 0.000000 
0.180000 0.560000 0.000000 
0.180000 0.580000 0.000000 
0.180000 0.600000 0.000000 
0.180000 0.620000 0.000000 
0.180000 0.640000 0.000000 
0.180000 0.660000 0.000000 
0.180000 0.680000 0.000000 
0.180000 0.700000 0.000000 
0.180000 0.720000 0.000000 
0.180000 0.740000 0.000000 
0.180000 0.760000 0.000000 
0.180000 0.780000 0.000000 
0.180000 0.800000 0.000000 
0.180000 0.820000 0.000000 
0.180000 0.840000 0.000000 
0.180000 0.860000 0.000000 
0.180000 0.880000 0.000000 
0.180000 0.900000 0.000000 
0.180000 0.920000 0.000000 
0.180000 0.940000 0.000000 
0.180000 0.960000 0.000000 
0.180000 0.980000 0.000000 
0.180000 1.000000 0.000000 
0.200000 0.000000 0.000084 
0.200000 0.020000 0.000000 
0.200000 0.040000 0.000000 
0.200000 0.060000 0.000000 
0.200000 0.080000 0.000000 
0.200000 0.100000 0.000000 
0.200000 0.120000 0.000000 
0.200000 0.140000 0.000000 
0.200000 0.160000 0.000000 
0.200000 0.180000 0.000000 
0.200000 0.200000 0.000000 
0.200000 0.220000 0.000000 
0.200000 0.240000 0.000000 
0.200000 0.260000 0.000000 
0.200000 0.280000 0.000000 
0.200000 0.300000 0.000000 
0.200000 0.320000 0.000000 
0.200000 0.340000 0.000000 
0.200000 0.360000 0.000000 
0.200000 0.380000 0.000000 
0.200000 0.400000 0.000000 
0.200000 0.420000 0.000000 
0.200000 0.440000 0.000000 
0.200000 0.460000 0.000000 
0.200000 0.480000 0.000000 
0.200000 0.500000 0.000000 
0.200000 0.520000 0.000000 
0.200000 0.540000 0.000000 
0.200000 0.560000 0.000000 
0.200000 0.580000 0.000000 
0.200000 0.600000 0.000000 
0.200000 0.620000 0.000000 
0.200000 0.640000 0.000000 
0.200000 0.660000 0.000000 
0.200000 0.680000 0.000000 
0.200000 0.700000 0.000000 
0.200000 0.720000 0.000000 
0.200000 0.740000 0.000000 
0.200000 0.760000 0.000000 
0.200000 0.780000 0.000000 
0.200000 0.800000 0.000000 
0.200000 0.820000 0.000000 
0.200000 0.840000 0.000000 
0.200000 0.860000 0.000000 
0.200000 0.880000 0.000000 
0.200000 0.900000 0.000000 
0.200000 0.920000 0.000000 
0.200000 0.940000 0.000000 
0.200000 0.960000 0.000000 
0.200000 0.980000 0.000000 
0.200000 1.000000 0.000000 
0.220000 0.000000 0.000185 
0.220000 0.020000 0.000000 
0.220000 0.040000 0.000000 
0.220000 0.060000 0.000000 
0.220000 0.080000 0.000000 
0.220000 0.100000 0.000000 
0.220000 0.120000 0.000000 
0.220000 0.140000 0.000000 
0.220000 0.160000 0.000000 
0.220000 0.180000 0.000000 
0.220000 0.200000 0.000000 
0.220000 0.220000 0.000000 
0.220000 0.240000 0.000000 
0.220000 0.260000 0.000000 
0.220000 0.280000 0.000000 
0.220000 0.300000 0.000000 
0.220000 0.320000 0.000000 
0.220000 0.340000 0.000000 
0.220000 0.360000 0.000000 
0.220000 0.380000 0.000000 
0.220000 0.400000 0.000000 
0.220000 0.420000 0.000000 
0.220000 0.440000 0.000000 
0.220000 0.460000 0.000000 
0.220000 0.480000 0.000000 
0.220000 0.500000 0.000000 
0.220000 0.520000 0.000000 
0.220000 0.540000 0.000000 
0.220000 0.560000 0.000000 
0.220000 0.580000 0.000000 
0.220000 0.600000 0.000000 
0.220000 0.620000 0.000000 
0.220000 0.640000 0.000000 
0.220000 0.660000 0.000000 
0.220000 0.680000 0.000000 
0.220000 0.700000 0.000000 
0.220000 0.720000 0.000000 
0.220000 0.740000 0.000000 
0.220000 0.760000 0.000000 
0.220000 0.780000 0.000000 
0.220000 0.800000 0.000000 
0.220000 0.820000 0.000000 
0.220000 0.840000 0.000000 
0.220000 0.860000 0.000000 
0.220000 0.880000 0.000000 
0.220000 0.900000 0.000000 
0.220000 0.920000 0.000000 
0.220000 0.940000 0.000000 
0.220000 0.960000 0.000000 
0.220000 0.980000 0.000000 
0.220000 1.000000 0.000000 
0.240000 0.000000 0.000405 
0.240000 0.020000 0.000000 
0.240000 0.040000 0.000000 
0.240000 0.060000 0.000000 
0.240000 0.080000 0.000000 
0.240000 0.100000 0.000000 
0.240000 0.120000 0.000000 
0.240000 0.140000 0.000000 
0.240000 0.160000 0.000000 
0.240000 0.180000 0.000000 
0.240000 0.200000 0.000000 
0.240000 0.220000 0.000000 
0.240000 0.240000 0.000000 
0.240000 0.260000 0.000000 
0.240000 0.280000 0.000000 
0.240000 0.300000 0.000000 
0.240000 0.320000 0.000000 
0.240000 0.340000 0.000000 
0.240000 0.360000 0.000000 
0.240000 0.380000 0.000000 
0.240000 0.400000 0.000000 
0.240000 0.420000 0.000000 
0.240000 0.440000 0.000000 
0.240000 0.460000 0.000000 
0.240000 0.480000 0.000000 
0.240000 0.500000 0.000000 
0.240000 0.520000 0.000000 
0.240000 0.540000 0.000000 
0.240000 0.560000 0.000000 
0.240000 0.580000 0.000000 
0.240000 0.600000 0.000000 
0.240000 0.620000 0.000000 
0.240000 0.640000 0.000000 
0.240000 0.660000 0.000000 
0.240000 0.680000 0.000000 
0.240000 0.700000 0.000000 
0.240000 0.720000 0.000000 
0.240000 0.740000 0.000000 
0.240000 0.760000 0.000000 
0.240000 0.780000 0.000000 
0.240000 0.800000 0.000000 
0.240000 0.820000 0.000000 
0.240000 0.840000 0.000000 
0.240000 0.860000 0.000000 
0.240000 0.880000 0.000000 
0.240000 0.900000 0.000000 
0.240000 0.920000 0.000000 
0.240000 0.940000 0.000000 
0.240000 0.960000 0.000000 
0.240000 0.980000 0.000000 
0.240000 1.000000 0.000000 
0.260000 0.000000 0.000881 
0.260000 0.020000 0.000000 
0.260000 0.040000 0.000000 
0.260000 0.060000 0.000000 
0.260000 0.080000 0.000000 
0.260000 0.100000 0.000000 
0.260000 0.120000 0.000000 
0.260000 0.140000 0.000000 
0.260000 0.160000 0.000000 
0.260000 0.180000 0.000000 
0.260000 0.200000 0.000000 
0.260000 0.220000 0.000000 
0.260000 0.240000 0.000000 
0.260000 0.260000 0.000000 
0.260000 0.280000 0.000000 
0.260000 0.300000 0.000000 
0.260000 0.320000 0.000000 
0.260000 0.340000 0.000000 
0.260000 0.360000 0.000000 
0.260000 0.380000 0.000000 
0.260000 0.400000 0.000000 
0.260000 0.420000 0.000000 
0.260000 0.440000 0.000000 
0.260000 0.460000 0.000000 
0.260000 0.480000 0.000000 
0.260000 0.500000 0.000000 
0.260000 0.520000 0.000000 
0.260000 0.540000 0.000000 
0.260000 0.560000 0.000000 
0.260000 0.580000 0.000000 
0.260000 0.600000 0.000000 
0.260000 0.620000 0.000000 
0.260000 0.640000 0.000000 
0.260000 0.660000 0.000000 
0.260000 0.680000 0.000000 
0.260000 0.700000 0.000000 
0.260000 0.720000 0.000000 
0.260000 0.740000 0.000000 
0.260000 0.760000 0.000000 
0.260000 0.780000 0.000000 
0.260000 0.800000 0.000000 
0.260000 0.820000 0.000000 
0.260000 0.840000 0.000000 
0.260000 0.860000 0.000000 
0.260000 0.880000 0.000000 
0.260000 0.900000 0.000000 
0.260000 0.920000 0.000000 
0.260000 0.940000 0.000000 
0.260000 0.960000 0.000000 
0.260000 0.980000 0.000000 
0.260000 1.000000 0.000000 
0.280000 0.000000 0.001903 
0.280000 0.020000 0.000001 
0.280000 0.040000 0.000000 
0.280000 0.060000 0.000000 
0.280000 0.080000 0.000000 
0.280000 0.100000 0.000000 
0.280000 0.120000 0.000000 
0.280000 0.140000 0.000000 
0.280000 0.160000 0.000000 
0.280000 0.180000 0.000000 
0.280000 0.200000 0.000000 
0.280000 0.220000 0.000000 
0.280000 0.240000 0.000000 
0.280000 0.260000 0.000000 
0.280000 0.280000 0.000000 
0.280000 0.300000 0.000000 
0.280000 0.320000 0.000000 
0.280000 0.340000 0.000000 
0.280000 0.360000 0.000000 
0.280000 0.380000 0.000000 
0.280000 0.400000 0.000000 
0.280000 0.420000 0.000000 
0.280000 0.440000 0.000000 
0.280000 0.460000 0.000000 
0.280000 0.480000 0.000000 
0.280000 0.500000 0.000000 
0.280000 0.520000 0.000000 
0.280000 0.540000 0.000000 
0.280000 0.560000 0.000000 
0.280000 0.580000 0.000000 
0.280000 0.600000 0.000000 
0.280000 0.620000 0.000000 
0.280000 0.640000 0.000000 
0.280000 0.660000 0.000000 
0.280000 0.680000 0.000000 
0.280000 0.700000 0.000000 
0.280000 0.720000 0.000000 
0.280000 0.740000 0.000000 
0.280000 0.760000 0.000000 
0.280000 0.780000 0.000000 
0.280000 0.800000 0.000000 
0.280000 0.820000 0.000000 
0.280000 0.840000 0.000000 
0.280000 0.860000 0.000000 
0.280000 0.880000 0.000000 
0.280000 0.900000 0.000000 
0.280000 0.920000 0.000000 
0.280000 0.940000 0.000000 
0.280000 0.960000 0.000000 
0.280000 0.980000 0.000000 
0.280000 1.000000 0.000000 
0.300000 0.000000 0.004078 
0.300000 0.020000 0.000002 
0.300000 0.040000 0.000001 
0.300000 0.060000 0.000000 
0.300000 0.080000 0.000000 
0.300000 0.100000 0.000000 
0.300000 0.120000 0.000000 
0.300000 0.140000 0.000000 
0.300000 0.160000 0.000000 
0.300000 0.180000 0.000000 
0.300000 0.200000 0.000000 
0.300000 0.220000 0.000000 
0.300000 0.240000 0.000000 
0.300000 0.260000 0.000000 
0.300000 0.280000 0.000000 
0.300000 0.300000 0.000000 
0.300000 0.320000 0.000000 
0.300000 0.340000 0.000000 
0.300000 0.360000 0.000000 
0.300000 0.380000 0.000000 
0.300000 0.400000 0.000000 
0.300000 0.420000 0.000000 
0.300000 0.440000 0.000000 
0.300000 0.460000 0.000000 
0.300000 0.480000 0.000000 
0.300000 0.500000 0.000000 
0.300000 0.520000 0.000000 
0.300000 0.540000 0.000000 
0.300000 0.560000 0.000000 
0.300000 0.580000 0.000000 
0.300000 0.600000 0.000000 
0.300000 0.620000 0.000000 
0.300000 0.640000 0.000000 
0.300000 0.660000 0.000000 
0.300000 0.680000 0.000000 
0.300000 0.700000 0.000000 
0.300000 0.720000 0.000000 
0.300000 0.740000 0.000000 
0.300000 0.760000 0.000000 
0.300000 0.780000 0.000000 
0.300000 0.800000 0.000000 
0.300000 0.820000 0.000000 
0.300000 0.840000 0.000000 
0.300000 0.860000 0.000000 
0.300000 0.880000 0.000000 
0.300000 0.900000 0.000000 
0.300000 0.920000 0.000000 
0.300000 0.940000 0.000000 
0.300000 0.960000 0.000000 
0.300000 0.980000 0.000000 
0.300000 1.000000 0.000000 
0.320000 0.000000 0.008649 
0.320000 0.020000 0.000003 
0.320000 0.040000 0.000001 
0.320000 0.060000 0.000000 
0.320000 0.080000 0.000000 
0.320000 0.100000 0.000000 
0.320000 0.120000 0.000000 
0.320000 0.140000 0.000000 
0.320000 0.160000 0.000000 
0.320000 0.180000 0.000000 
0.320000 0.200000 0.000000 
0.320000 0.220000 0.000000 
0.320000 0.240000 0.000000 
0.320000 0.260000 0.000000 
0.320000 0.280000 0.000000 
0.320000 0.300000 0.000000 
0.320000 0.320000 0.000000 
0.320000 0.340000 0.000000 
0.320000 0.360000 0.000000 
0.320000 0.380000 0.000000 
0.320000 0.400000 0.000000 
0.320000 0.420000 0.000000 
0.320000 0.440000 0.000000 
0.320000 0.460000 0.000000 
0.320000 0.480000 0.000000 
0.320000 0.500000 0.000000 
0.320000 0.520000 0.000000 
0.320000 0.540000 0.000000 
0.320000 0.560000 0.000000 
0.320000 0.580000 0.000000 
0.320000 0.600000 0.000000 
0.320000 0.620000 0.000000 
0.320000 0.640000 0.000000 
0.320000 0.660000 0.000000 
0.320000 0.680000 0.000000 
0.320000 0.700000 0.000000 
0.320000 0.720000 0.000000 
0.320000 0.740000 0.000000 
0.320000 0.760000 0.000000 
0.320000 0.780000 0.000000 
0.320000 0.800000 0.000000 
0.320000 0.820000 0.000000 
0.320000 0.840000 0.000000 
0.320000 0.860000 0.000000 
0.320000 0.880000 0.000000 
0.320000 0.900000 0.000000 
0.320000 0.920000 0.000000 
0.320000 0.940000 0.000000 
0.320000 0.960000 0.000000 
0.320000 0.980000 0.000000 
0.320000 1.000000 0.000000 
0.340000 0.000000 0.018105 
0.340000 0.020000 0.000007 
0.340000 0.040000 0.000002 
0.340000 0.060000 0.000001 
0.340000 0.080000 0.000000 
0.340000 0.100000 0.000000 
0.340000 0.120000 0.000000 
0.340000 0.140000 0.000000 
0.340000 0.160000 0.000000 
0.340000 0.180000 0.000000 
0.340000 0.200000 0.000000 
0.340000 0.220000 0.000000 
0.340000 0.240000 0.000000 
0.340000 0.260000 0.000000 
0.340000 0.280000 0.000000 
0.340000 0.300000 0.000000 
0.340000 0.320000 0.000000 
0.340000 0.340000 0.000000 
0.340000 0.360000 0.000000 
0.340000 0.380000 0.000000 
0.340000 0.400000 0.000000 
0.340000 0.420000 0.000000 
0.340000 0.440000 0.000000 
0.340000 0.460000 0.000000 
0.340000 0.480000 0.000000 
0.340000 0.500000 0.000000 
0.340000 0.520000 0.000000 
0.340000 0.540000 0.000000 
0.340000 0.560000 0.000000 
0.340000 0.580000 0.000000 
0.340000 0.600000 0.000000 
0.340000 0.620000 0.000000 
0.340000 0.640000 0.000000 
0.340000 0.660000 0.000000 
0.340000 0.680000 0.000000 
0.340000 0.700000 0.000000 
0.340000 0.720000 0.000000 
0.340000 0.740000 0.000000 
0.340000 0.760000 0.000000 
0.340000 0.780000 0.000000 
0.340000 0.800000 0.000000 
0.340000 0.820000 0.000000 
0.340000 0.840000 0.000000 
0.340000 0.860000 0.000000 
0.340000 0.880000 0.000000 
0.340000 0.900000 0.000000 
0.340000 0.920000 0.000000 
0.340000 0.940000 0.000000 
0.340000 0.960000 0.000000 
0.340000 0.980000 0.000000 
0.340000 1.000000 0.000000 
0.360000 0.000000 0.037274 
0.360000 0.020000 0.000015 
0.360000 0.040000 0.000005 
0.360000 0.060000 0.000001 
0.360000 0.080000 0.000000 
0.360000 0.100000 0.000000 
0.360000 0.120000 0.000000 
0.360000 0.140000 0.000000 
0.360000 0.160000 0.000000 
0.360000 0.180000 0.000000 
0.360000 0.200000 0.000000 
0.360000 0.220000 0.000000 
0.360000 0.240000 0.000000 
0.360000 0.260000 0.000000 
0.360000 0.280000 0.000000 
0.360000 0.300000 0.000000 
0.360000 0.320000 0.000000 
0.360000 0.340000 0.000000 
0.360000 0.360000 0.000000 
0.360000 0.380000 0.000000 
0.360000 0.400000 0.000000 
0.360000 0.420000 0.000000 
0.360000 0.440000 0.000000 
0.360000 0.460000 0.000000 
0.360000 0.480000 0.000000 
0.360000 0.500000 0.000000 
0.360000 0.520000 0.000000 
0.360000 0.540000 0.000000 
0.360000 0.560000 0.000000 
0.360000 0.580000 0.000000 
0.360000 0.600000 0.000000 
0.360000 0.620000 0.000000 
0.360000 0.640000 0.000000 
0.360000 0.660000 0.000000 
0.360000 0.680000 0.000000 
0.360000 0.700000 0.000000 
0.360000 0.720000 0.000000 
0.360000 0.740000 0.000000 
0.360000 0.760000 0.000000 
0.360000 0.780000 0.000000 
0.360000 0.800000 0.000000 
0.360000 0.820000 0.000000 
0.360000 0.840000 0.000000 
0.360000 0.860000 0.000000 
0.360000 0.880000 0.000000 
0.360000 0.900000 0.000000 
0.360000 0.920000 0.000000 
0.360000 0.940000 0.000000 
0.360000 0.960000 0.000000 
0.360000 0.980000 0.000000 
0.360000 1.000000 0.000000 
0.380000 0.000000 0.075082 
0.380000 0.020000 0.000030 
0.380000 0.040000 0.000009 
0.380000 0.060000 0.000003 
0.380000 0.080000 0.000001 
0.380000 0.100000 0.000000 
0.380000 0.120000 0.000000 
0.380000 0.140000 0.000000 
0.380000 0.160000 0.000000 
0.380000 0.180000 0.000000 
0.380000 0.200000 0.000000 
0.380000 0.220000 0.000000 
0.380000 0.240000 0.000000 
0.380000 0.260000 0.000000 
0.380000 0.280000 0.000000 
0.380000 0.300000 0.000000 
0.380000 0.320000 0.000000 
0.380000 0.340000 0.000000 
0.380000 0.360000 0.000000 
0.380000 0.380000 0.000000 
0.380000 0.400000 0.000000 
0.380000 0.420000 0.000000 
0.380000 0.440000 0.000000 
0.380000 0.460000 0.000000 
0.380000 0.480000 0.000001 
0.380000 0.500000 0.000001 
0.380000 0.520000 0.000001 
0.380000 0.540000 0.000000 
0.380000 0.560000 0.000000 
0.380000 0.580000 0.000000 
0.380000 0.600000 0.000000 
0.380000 0.620000 0.000000 
0.380000 0.640000 0.000000 
0.380000 0.660000 0.000000 
0.380000 0.680000 0.000000 
0.380000 0.700000 0.000000 
0.380000 0.720000 0.000000 
0.380000 0.740000 0.000000 
0.380000 0.760000 0.000000 
0.380000 0.780000 0.000000 
0.380000 0.800000 0.000000 
0.380000 0.820000 0.000000 
0.380000 0.840000 0.000000 
0.380000 0.860000 0.000000 
0.380000 0.880000 0.000000 
0.380000 0.900000 0.000000 
0.380000 0.920000 0.000000 
0.380000 0.940000 0.000000 
0.380000 0.960000 0.000000 
0.380000 0.980000 0.000000 
0.380000 1.000000 0.000000 
0.400000 0.000000 0.146858 
0.400000 0.020000 0.000059 
0.400000 0.040000 0.000018 
0.400000 0.060000 0.000006 
0.400000 0.080000 0.000002 
0.400000 0.100000 0.000001 
0.400000 0.120000 0.000000 
0.400000 0.140000 0.000000 
0.400000 0.160000 0.000000 
0.400000 0.180000 0.000000 
0.400000 0.200000 0.000000 
0.400000 0.220000 0.000000 
0.400000 0.240000 0.000000 
0.400000 0.260000 0.000000 
0.400000 0.280000 0.000000 
0.400000 0.300000 0.000000 
0.400000 0.320000 0.000000 
0.400000 0.340000 0.000000 
0.400000 0.360000 0.000000 
0.400000 0.380000 0.000000 
0.400000 0.400000 0.000000 
0.400000 0.420000 0.000000 
0.400000 0.440000 0.000001 
0.400000 0.460000 0.000001 
0.400000 0.480000 0.000001 
0.400000 0.500000 0.000002 
0.400000 0.520000 0.000001 
0.400000 0.540000 0.000001 
0.400000 0.560000 0.000001 
0.400000 0.580000 0.000000 
0.400000 0.600000 0.000000 
0.400000 0.620000 0.000000 
0.400000 0.640000 0.000000 
0.400000 0.660000 0.000000 
0.400000 0.680000 0.000000 
0.400000 0.700000 0.000000 
0.400000 0.720000 0.000000 
0.400000 0.740000 0.000000 
0.400000 0.760000 0.000000 
0.400000 0.780000 0.000000 
0.400000 0.800000 0.000000 
0.400000 0.820000 0.000000 
0.400000 0.840000 0.000000 
0.400000 0.860000 0.000000 
0.400000 0.880000 0.000000 
0.400000 0.900000 0.000000 
0.400000 0.920000 0.000000 
0.400000 0.940000 0.000000 
0.400000 0.960000 0.000000 
0.400000 0.980000 0.000000 
0.400000 1.000000 0.000000 
0.420000 0.000000 0.275700 
0.420000 0.020000 0.000110 
0.420000 0.040000 0.000035 
0.420000 0.060000 0.000011 
0.420000 0.080000 0.000004 
0.420000 0.100000 0.000001 
0.420000 0.120000 0.000000 
0.420000 0.140000 0.000000 
0.420000 0.160000 0.000000 
0.420000 0.180000 0.000000 
0.420000 0.200000 0.000000 
0.420000 0.220000 0.000000 
0.420000 0.240000 0.000000 
0.420000 0.260000 0.000000 
0.420000 0.280000 0.000000 
0.420000 0.300000 0.000000 
0.420000 0.320000 0.000000 
0.420000 0.340000 0.000000 
0.420000 0.360000 0.000000 
0.420000 0.380000 0.000000 
0.420000 0.400000 0.000001 
0.420000 0.420000 0.000001 
0.420000 0.440000 0.000002 
0.420000 0.460000 0.000003 
0.420000 0.480000 0.000004 
0.420000 0.500000 0.000004 
0.420000 0.520000 0.000004 
0.420000 0.540000 0.000003 
0.420000 0.560000 0.000002 
0.420000 0.580000 0.000001 
0.420000 0.600000 0.000001 
0.420000 0.620000 0.000000 
0.420000 0.640000 0.000000 
0.420000 0.660000 0.000000 
0.420000 0.680000 0.000000 
0.420000 0.700000 0.000000 
0.420000 0.720000 0.000000 
0.420000 0.740000 0.000000 
0.420000 0.760000 0.000000 
0.420000 0.780000 0.000000 
0.420000 0.800000 0.000000 
0.420000 0.820000 0.000000 
0.420000 0.840000 0.000000 
0.420000 0.860000 0.000000 
0.420000 0.880000 0.000000 
0.420000 0.900000 0.000000 
0.420000 0.920000 0.000000 
0.420000 0.940000 0.000000 
0.420000 0.960000 0.000000 
0.420000 0.980000 0.000000 
0.420000 1.000000 0.000000 
0.440000 0.000000 0.487293 
0.440000 0.020000 0.000195 
0.440000 0.040000 0.000062 
0.440000 0.060000 0.000020 
0.440000 0.080000 0.000006 
0.440000 0.100000 0.000002 
0.440000 0.120000 0.000001 
0.440000 0.140000 0.000000 
0.440000 0.160000 0.000000 
0.440000 0.180000 0.000000 
0.440000 0.200000 0.000000 
0.440000 0.220000 0.000000 
0.440000 0.240000 0.000000 
0.440000 0.260000 0.000000 
0.440000 0.280000 0.000000 
0.440000 0.300000 0.000000 
0.440000 0.320000 0.000000 
0.440000 0.340000 0.000000 
0.440000 0.360000 0.000000 
0.440000 0.380000 0.000001 
0.440000 0.400000 0.000001 
0.440000 0.420000 0.000002 
0.440000 0.440000 0.000004 
0.440000 0.460000 0.000007 
0.440000 0.480000 0.000010 
0.440000 0.500000 0.000011 
0.440000 0.520000 0.000010 
0.440000 0.540000 0.000007 
0.440000 0.560000 0.000004 
0.440000 0.580000 0.000002 
0.440000 0.600000 0.000001 
0.440000 0.620000 0.000001 
0.440000 0.640000 0.000000 
0.440000 0.660000 0.000000 
0.440000 0.680000 0.000000 
0.440000 0.700000 0.000000 
0.440000 0.720000 0.000000 
0.440000 0.740000 0.000000 
0.440000 0.760000 0.000000 
0.440000 0.780000 0.000000 
0.440000 0.800000 0.000000 
0.440000 0.820000 0.000000 
0.440000 0.840000 0.000000 
0.440000 0.860000 0.000000 
0.440000 0.880000 0.000000 
0.440000 0.900000 0.000000 
0.440000 0.920000 0.000000 
0.440000 0.940000 0.000000 
0.440000 0.960000 0.000000 
0.440000 0.980000 0.000000 
0.440000 1.000000 0.000000 
0.460000 0.000000 0.783177 
0.460000 0.020000 0.000313 
0.460000 0.040000 0.000102 
0.460000 0.060000 0.000033 
0.460000 0.080000 0.000011 
0.460000 0.100000 0.000003 
0.460000 0.120000 0.000001 
0.460000 0.140000 0.000000 
0.460000 0.160000 0.000000 
0.460000 0.180000 0.000000 
0.460000 0.200000 0.000000 
0.460000 0.220000 0.000000 
0.460000 0.240000 0.000000 
0.460000 0.260000 0.000000 
0.460000 0.280000 0.000000 
0.460000 0.300000 0.000000 
0.460000 0.320000 0.000000 
0.460000 0.340000 0.000000 
0.460000 0.360000 0.000000 
0.460000 0.380000 0.000001 
0.460000 0.400000 0.000002 
0.460000 0.420000 0.000004 
0.460000 0.440000 0.000009 
0.460000 0.460000 0.000016 
0.460000 0.480000 0.000024 
0.460000 0.500000 0.000028 
0.460000 0.520000 0.000024 
0.460000 0.540000 0.000016 
0.460000 0.560000 0.000009 
0.460000 0.580000 0.000004 
0.460000 0.600000 0.000002 
0.460000 0.620000 0.000001 
0.460000 0.640000 0.000000 
0.460000 0.660000 0.000000 
0.460000 0.680000 0.000000 
0.460000 0.700000 0.000000 
0.460000 0.720000 0.000000 
0.460000 0.740000 0.000000 
0.460000 0.760000 0.000000 
0.460000 0.780000 0.000000 
0.460000 0.800000 0.000000 
0.460000 0.820000 0.000000 
0.460000 0.840000 0.000000 
0.460000 0.860000 0.000000 
0.460000 0.880000 0.000000 
0.460000 0.900000 0.000000 
0.460000 0.920000 0.000000 
0.460000 0.940000 0.000000 
0.460000 0.960000 0.000000 
0.460000 0.980000 0.000000 
0.460000 1.000000 0.000000 
0.480000 0.000000 1.067369 
0.480000 0.020000 0.000427 
0.480000 0.040000 0.000144 
0.480000 0.060000 0.000048 
0.480000 0.080000 0.000016 
0.480000 0.100000 0.000005 
0.480000 0.120000 0.000002 
0.480000 0.140000 0.000001 
0.480000 0.160000 0.000000 
0.480000 0.180000 0.000000 
0.480000 0.200000 0.000000 
0.480000 0.220000 0.000000 
0.480000 0.240000 0.000000 
0.480000 0.260000 0.000000 
0.480000 0.280000 0.000000 
0.480000 0.300000 0.000000 
0.480000 0.320000 0.000000 
0.480000 0.340000 0.000000 
0.480000 0.360000 0.000001 
0.480000 0.380000 0.000001 
0.480000 0.400000 0.000003 
0.480000 0.420000 0.000008 
0.480000 0.440000 0.000017 
0.480000 0.460000 0.000033 
0.480000 0.480000 0.000057 
0.480000 0.500000 0.000072 
0.480000 0.520000 0.000057 
0.480000 0.540000 0.000033 
0.480000 0.560000 0.000017 
0.480000 0.580000 0.000008 
0.480000 0.600000 0.000003 
0.480000 0.620000 0.000001 
0.480000 0.640000 0.000001 
0.480000 0.660000 0.000000 
0.480000 0.680000 0.000000 
0.480000 0.700000 0.000000 
0.480000 0.720000 0.000000 
0.480000 0.740000 0.000000 
0.480000 0.760000 0.000000 
0.480000 0.780000 0.000000 
0.480000 0.800000 0.000000 
0.480000 0.820000 0.000000 
0.480000 0.840000 0.000000 
0.480000 0.860000 0.000000 
0.480000 0.880000 0.000000 
0.480000 0.900000 0.000000 
0.480000 0.920000 0.000000 
0.480000 0.940000 0.000000 
0.480000 0.960000 0.000000 
0.480000 0.980000 0.000000 
0.480000 1.000000 0.000000 
0.500000 0.000000 1.050654 
0.500000 0.020000 0.000420 
0.500000 0.040000 0.000155 
0.500000 0.060000 0.000056 
0.500000 0.080000 0.000020 
0.500000 0.100000 0.000007 
0.500000 0.120000 0.000002 
0.500000 0.140000 0.000001 
0.500000 0.160000 0.000000 
0.500000 0.180000 0.000000 
0.500000 0.200000 0.000000 
0.500000 0.220000 0.000000 
0.500000 0.240000 0.000000 
0.500000 0.260000 0.000000 
0.500000 0.280000 0.000000 
0.500000 0.300000 0.000000 
0.500000 0.320000 0.000000 
0.500000 0.340000 0.000000 
0.500000 0.360000 0.000001 
0.500000 0.380000 0.000002 
0.500000 0.400000 0.000005 
0.500000 0.420000 0.000011 
0.500000 0.440000 0.000026 
0.500000 0.460000 0.000055 
0.500000 0.480000 0.000108 
0.500000 0.500000 0.000172 
0.500000 0.520000 0.000108 
0.500000 0.540000 0.000055 
0.500000 0.560000 0.000026 
0.500000 0.580000 0.000011 
0.500000 0.600000 0.000005 
0.500000 0.620000 0.000002 
0.500000 0.640000 0.000001 
0.500000 0.660000 0.000000 
0.500000 0.680000 0.000000 
0.500000 0.700000 0.000000 
0.500000 0.720000 0.000000 
0.500000 0.740000 0.000000 
0.500000 0.760000 0.000000 
0.500000 0.780000 0.000000 
0.500000 0.800000 0.000000 
0.500000 0.820000 0.000000 
0.500000 0.840000 0.000000 
0.500000 0.860000 0.000000 
0.500000 0.880000 0.000000 
0.500000 0.900000 0.000000 
0.500000 0.920000 0.000000 
0.500000 0.940000 0.000000 
0.500000 0.960000 0.000000 
0.500000 0.980000 0.000000 
0.500000 1.000000 0.000000 
0.520000 0.000000 0.853154 
0.520000 0.020000 0.000341 
0.520000 0.040000 0.000137 
0.520000 0.060000 0.000053 
0.520000 0.080000 0.000020 
0.520000 0.100000 0.000007 
0.520000 0.120000 0.000003 
0.520000 0.140000 0.000001 
0.520000 0.160000 0.000000 
0.520000 0.180000 0.000000 
0.520000 0.200000 0.000000 
0.520000 0.220000 0.000000 
0.520000 0.240000 0.000000 
0.520000 0.260000 0.000000 
0.520000 0.280000 0.000000 
0.520000 0.300000 0.000000 
0.520000 0.320000 0.000000 
0.520000 0.340000 0.000000 
0.520000 0.360000 0.000001 
0.520000 0.380000 0.000002 
0.520000 0.400000 0.000006 
0.520000 0.420000 0.000013 
0.520000 0.440000 0.000028 
0.520000 0.460000 0.000056 
0.520000 0.480000 0.000097 
0.520000 0.500000 0.000128 
0.520000 0.520000 0.000097 
0.520000 0.540000 0.000056 
0.520000 0.560000 0.000028 
0.520000 0.580000 0.000013 
0.520000 0.600000 0.000006 
0.520000 0.620000 0.000002 
0.520000 0.640000 0.000001 
0.520000 0.660000 0.000000 
0.520000 0.680000 0.000000 
0.520000 0.700000 0.000000 
0.520000 0.720000 0.000000 
0.520000 0.740000 0.000000 
0.520000 0.760000 0.000000 
0.520000 0.780000 0.000000 
0.520000 0.800000 0.000000 
0.520000 0.820000 0.000000 
0.520000 0.840000 0.000000 
0.520000 0.860000 0.000000 
0.520000 0.880000 0.000000 
0.520000 0.900000 0.000000 
0.520000 0.920000 0.000000 
0.520000 0.940000 0.000000 
0.520000 0.960000 0.000000 
0.520000 0.980000 0.000000 
0.520000 1.000000 0.000000 
0.540000 0.000000 0.617016 
0.540000 0.020000 0.000247 
0.540000 0.040000 0.000107 
0.540000 0.060000 0.000045 
0.540000 0.080000 0.000018 
0.540000 0.100000 0.000007 
0.540000 0.120000 0.000003 
0.540000 0.140000 0.000001 
0.540000 0.160000 0.000000 
0.540000 0.180000 0.000000 
0.540000 0.200000 0.000000 
0.540000 0.220000 0.000000 
0.540000 0.240000 0.000000 
0.540000 0.260000 0.000000 
0.540000 0.280000 0.000000 
0.540000 0.300000 0.000000 
0.540000 0.320000 0.000000 
0.540000 0.340000 0.000000 
0.540000 0.360000 0.000001 
0.540000 0.380000 0.000002 
0.540000 0.400000 0.000005 
0.540000 0.420000 0.000011 
0.540000 0.440000 0.000023 
0.540000 0.460000 0.000042 
0.540000 0.480000 0.000065 
0.540000 0.500000 0.000078 
0.540000 0.520000 0.000065 
0.540000 0.540000 0.000042 
0.540000 0.560000 0.000023 
0.540000 0.580000 0.000011 
0.540000 0.600000 0.000005 
0.540000 0.620000 0.000002 
0.540000 0.640000 0.000001 
0.540000 0.660000 0.000000 
0.540000 0.680000 0.000000 
0.540000 0.700000 0.000000 
0.540000 0.720000 0.000000 
0.540000 0.740000 0.000000 
0.540000 0.760000 0.000000 
0.540000 0.780000 0.000000 
0.540000 0.800000 0.000000 
0.540000 0.820000 0.000000 
0.540000 0.840000 0.000000 
0.540000 0.860000 0.000000 
0.540000 0.880000 0.000000 
0.540000 0.900000 0.000000 
0.540000 0.920000 0.000000 
0.540000 0.940000 0.000000 
0.540000 0.960000 0.000000 
0.540000 0.980000 0.000000 
0.540000 1.000000 0.000000 
0.560000 0.000000 0.414427 
0.560000 0.020000 0.000166 
0.560000 0.040000 0.000077 
0.560000 0.060000 0.000034 
0.560000 0.080000 0.000014 
0.560000 0.100000 0.000006 
0.560000 0.120000 0.000002 
0.560000 0.140000 0.000001 
0.560000 0.160000 0.000000 
0.560000 0.180000 0.000000 
0.560000 0.200000 0.000000 
0.560000 0.220000 0.000000 
0.560000 0.240000 0.000000 
0.560000 0.260000 0.000000 
0.560000 0.280000 0.000000 
0.560000 0.300000 0.000000 
0.560000 0.320000 0.000000 
0.560000 0.340000 0.000000 
0.560000 0.360000 0.000001 
0.560000 0.380000 0.000002 
0.560000 0.400000 0.000004 
0.560000 0.420000 0.000009 
0.560000 0.440000 0.000016 
0.560000 0.460000 0.000027 
0.560000 0.480000 0.000038 
0.560000 0.500000 0.000044 
0.560000 0.520000 0.000038 
0.560000 0.540000 0.000027 
0.560000 0.560000 0.000016 
0.560000 0.580000 0.000009 
0.560000 0.600000 0.000004 
0.560000 0.620000 0.000002 
0.560000 0.640000 0.000001 
0.560000 0.660000 0.000000 
0.560000 0.680000 0.000000 
0.560000 0.700000 0.000000 
0.560000 0.720000 0.000000 
0.560000 0.740000 0.000000 
0.560000 0.760000 0.000000 
0.560000 0.780000 0.000000 
0.560000 0.800000 0.000000 
0.560000 0.820000 0.000000 
0.560000 0.840000 0.000000 
0.560000 0.860000 0.000000 
0.560000 0.880000 0.000000 
0.560000 0.900000 0.000000 
0.560000 0.920000 0.000000 
0.560000 0.940000 0.000000 
0.560000 0.960000 0.000000 
0.560000 0.980000 0.000000 
0.560000 1.000000 0.000000 
0.580000 0.000000 0.264882 
0.580000 0.020000 0.000106 
0.580000 0.040000 0.000052 
0.580000 0.060000 0.000024 
0.580000 0.080000 0.000011 
0.580000 0.100000 0.000005 
0.580000 0.120000 0.000002 
0.580000 0.140000 0.000001 
0.580000 0.160000 0.000000 
0.580000 0.180000 0.000000 
0.580000 0.200000 0.000000 
0.580000 0.220000 0.000000 
0.580000 0.240000 0.000000 
0.580000 0.260000 0.000000 
0.580000 0.280000 0.000000 
0.580000 0.300000 0.000000 
0.580000 0.320000 0.000000 
0.580000 0.340000 0.000000 
0.580000 0.360000 0.000001 
0.580000 0.380000 0.000002 
0.580000 0.400000 0.000003 
0.580000 0.420000 0.000006 
0.580000 0.440000 0.000010 
0.580000 0.460000 0.000016 
0.580000 0.480000 0.000021 
0.580000 0.500000 0.000023 
0.580000 0.520000 0.000021 
0.580000 0.540000 0.000016 
0.580000 0.560000 0.000010 
0.580000 0.580000 0.000006 
0.580000 0.600000 0.000003 
0.580000 0.620000 0.000002 
0.580000 0.640000 0.000001 
0.580000 0.660000 0.000000 
0.580000 0.680000 0.000000 
0.580000 0.700000 0.000000 
0.580000 0.720000 0.000000 
0.580000 0.740000 0.000000 
0.580000 0.760000 0.000000 
0.580000 0.780000 0.000000 
0.580000 0.800000 0.000000 
0.580000 0.820000 0.000000 
0.580000 0.840000 0.000000 
0.580000 0.860000 0.000000 
0.580000 0.880000 0.000000 
0.580000 0.900000 0.000000 
0.580000 0.920000 0.000000 
0.580000 0.940000 0.000000 
0.580000 0.960000 0.000000 
0.580000 0.980000 0.000000 
0.580000 1.000000 0.000000 
0.600000 0.000000 0.163551 
0.600000 0.020000 0.000065 
0.600000 0.040000 0.000033 
0.600000 0.060000 0.000016 
0.600000 0.080000 0.000008 
0.600000 0.100000 0.000003 
0.600000 0.120000 0.000002 
0.600000 0.140000 0.000001 
0.600000 0.160000 0.000000 
0.600000 0.180000 0.000000 
0.600000 0.200000 0.000000 
0.600000 0.220000 0.000000 
0.600000 0.240000 0.000000 
0.600000 0.260000 0.000000 
0.600000 0.280000 0.000000 
0.600000 0.300000 0.000000 
0.600000 0.320000 0.000000 
0.600000 0.340000 0.000000 
0.600000 0.360000 0.000001 
0.600000 0.380000 0.000001 
0.600000 0.400000 0.000002 
0.600000 0.420000 0.000004 
0.600000 0.440000 0.000006 
0.600000 0.460000 0.000009 
0.600000 0.480000 0.000011 
0.600000 0.500000 0.000012 
0.600000 0.520000 0.000011 
0.600000 0.540000 0.000009 
0.600000 0.560000 0.000006 
0.600000 0.580000 0.000004 
0.600000 0.600000 0.000002 
0.600000 0.620000 0.000001 
0.600000 0.640000 0.000001 
0.600000 0.660000 0.000000 
0.600000 0.680000 0.000000 
0.600000 0.700000 0.000000 
0.600000 0.720000 0.000000 
0.600000 0.740000 0.000000 
0.600000 0.760000 0.000000 
0.600000 0.780000 0.000000 
0.600000 0.800000 0.000000 
0.600000 0.820000 0.000000 
0.600000 0.840000 0.000000 
0.600000 0.860000 0.000000 
0.600000 0.880000 0.000000 
0.600000 0.900000 0.000000 
0.600000 0.920000 0.000000 
0.600000 0.940000 0.000000 
0.600000 0.960000 0.000000 
0.600000 0.980000 0.000000 
0.600000 1.000000 0.000000 
0.620000 0.000000 0.098515 
0.620000 0.020000 0.000039 
0.620000 0.040000 0.000021 
0.620000 0.060000 0.000011 
0.620000 0.080000 0.000005 
0.620000 0.100000 0.000002 
0.620000 0.120000 0.000001 
0.620000 0.140000 0.000000 
0.620000 0.160000 0.000000 
0.620000 0.180000 0.000000 
0.620000 0.200000 0.000000 
0.620000 0.220000 0.000000 
0.620000 0.240000 0.000000 
0.620000 0.260000 0.000000 
0.620000 0.280000 0.000000 
0.620000 0.300000 0.000000 
0.620000 0.320000 0.000000 
0.620000 0.340000 0.000000 
0.620000 0.360000 0.000000 
0.620000 0.380000 0.000001 
0.620000 0.400000 0.000001 
0.620000 0.420000 0.000002 
0.620000 0.440000 0.000003 
0.620000 0.460000 0.000005 
0.620000 0.480000 0.000006 
0.620000 0.500000 0.000006 
0.620000 0.520000 0.000006 
0.620000 0.540000 0.000005 
0.620000 0.560000 0.000003 
0.620000 0.580000 0.000002 
0.620000 0.600000 0.000001 
0.620000 0.620000 0.000001 
0.620000 0.640000 0.000000 
0.620000 0.660000 0.000000 
0.620000 0.680000 0.000000 
0.620000 0.700000 0.000000 
0.620000 0.720000 0.000000 
0.620000 0.740000 0.000000 
0.620000 0.760000 0.000000 
0.620000 0.780000 0.000000 
0.620000 0.800000 0.000000 
0.620000 0.820000 0.000000 
0.620000 0.840000 0.000000 
0.620000 0.860000 0.000000 
0.620000 0.880000 0.000000 
0.620000 0.900000 0.000000 
0.620000 0.920000 0.000000 
0.620000 0.940000 0.000000 
0.620000 0.960000 0.000000 
0.620000 0.980000 0.000000 
0.620000 1.000000 0.000000 
0.640000 0.000000 0.058274 
0.640000 0.020000 0.000023 
0.640000 0.040000 0.000013 
0.640000 0.060000 0.000007 
0.640000 0.080000 0.000003 
0.640000 0.100000 0.000002 
0.640000 0.120000 0.000001 
0.640000 0.140000 0.000000 
0.640000 0.160000 0.000000 
0.640000 0.180000 0.000000 
0.640000 0.200000 0.000000 
0.640000 0.220000 0.000000 
0.640000 0.240000 0.000000 
0.640000 0.260000 0.000000 
0.640000 0.280000 0.000000 
0.640000 0.300000 0.000000 
0.640000 0.320000 0.000000 
0.640000 0.340000 0.000000 
0.640000 0.360000 0.000000 
0.640000 0.380000 0.000000 
0.640000 0.400000 0.000001 
0.640000 0.420000 0.000001 
0.640000 0.440000 0.000002 
0.640000 0.460000 0.000002 
0.640000 0.480000 0.000003 
0.640000 0.500000 0.000003 
0.640000 0.520000 0.000003 
0.640000 0.540000 0.000002 
0.640000 0.560000 0.000002 
0.640000 0.580000 0.000001 
0.640000 0.600000 0.000001 
0.640000 0.620000 0.000000 
0.640000 0.640000 0.000000 
0.640000 0.660000 0.000000 
0.640000 0.680000 0.000000 
0.640000 0.700000 0.000000 
0.640000 0.720000 0.000000 
0.640000 0.740000 0.000000 
0.640000 0.760000 0.000000 
0.640000 0.780000 0.000000 
0.640000 0.800000 0.000000 
0.640000 0.820000 0.000000 
0.640000 0.840000 0.000000 
0.640000 0.860000 0.000000 
0.640000 0.880000 0.000000 
0.640000 0.900000 0.000000 
0.640000 0.920000 0.000000 
0.640000 0.940000 0.000000 
0.640000 0.960000 0.000000 
0.640000 0.980000 0.000000 
0.640000 1.000000 0.000000 
0.660000 0.000000 0.034009 
0.660000 0.020000 0.000014 
0.660000 0.040000 0.000008 
0.660000 0.060000 0.000004 
0.660000 0.080000 0.000002 
0.660000 0.100000 0.000001 
0.660000 0.120000 0.000001 
0.660000 0.140000 0.000000 
0.660000 0.160000 0.000000 
0.660000 0.180000 0.000000 
0.660000 0.200000 0.000000 
0.660000 0.220000 0.000000 
0.660000 0.240000 0.000000 
0.660000 0.260000 0.000000 
0.660000 0.280000 0.000000 
0.660000 0.300000 0.000000 
0.660000 0.320000 0.000000 
0.660000 0.340000 0.000000 
0.660000 0.360000 0.000000 
0.660000 0.380000 0.000000 
0.660000 0.400000 0.000000 
0.660000 0.420000 0.000001 
0.660000 0.440000 0.000001 
0.660000 0.460000 0.000001 
0.660000 0.480000 0.000001 
0.660000 0.500000 0.000001 
0.660000 0.520000 0.000001 
0.660000 0.540000 0.000001 
0.660000 0.560000 0.000001 
0.660000 0.580000 0.000001 
0.660000 0.600000 0.000000 
0.660000 0.620000 0.000000 
0.660000 0.640000 0.000000 
0.660000 0.660000 0.000000 
0.660000 0.680000 0.000000 
0.660000 0.700000 0.000000 
0.660000 0.720000 0.000000 
0.660000 0.740000 0.000000 
0.660000 0.760000 0.000000 
0.660000 0.780000 0.000000 
0.660000 0.800000 0.000000 
0.660000 0.820000 0.000000 
0.660000 0.840000 0.000000 
0.660000 0.860000 0.000000 
0.660000 0.880000 0.000000 
0.660000 0.900000 0.000000 
0.660000 0.920000 0.000000 
0.660000 0.940000 0.000000 
0.660000 0.960000 0.000000 
0.660000 0.980000 0.000000 
0.660000 1.000000 0.000000 
0.680000 0.000000 0.019645 
0.680000 0.020000 0.000008 
0.680000 0.040000 0.000004 
0.680000 0.060000 0.000002 
0.680000 0.080000 0.000001 
0.680000 0.100000 0.000001 
0.680000 0.120000 0.000000 
0.680000 0.140000 0.000000 
0.680000 0.160000 0.000000 
0.680000 0.180000 0.000000 
0.680000 0.200000 0.000000 
0.680000 0.220000 0.000000 
0.680000 0.240000 0.000000 
0.680000 0.260000 0.000000 
0.680000 0.280000 0.000000 
0.680000 0.300000 0.000000 
0.680000 0.320000 0.000000 
0.680000 0.340000 0.000000 
0.680000 0.360000 0.000000 
0.680000 0.380000 0.000000 
0.680000 0.400000 0.000000 
0.680000 0.420000 0.000000 
0.680000 0.440000 0.000000 
0.680000 0.460000 0.000001 
0.680000 0.480000 0.000001 
0.680000 0.500000 0.000001 
0.680000 0.520000 0.000001 
0.680000 0.540000 0.000001 
0.680000 0.560000 0.000000 
0.680000 0.580000 0.000000 
0.680000 0.600000 0.000000 
0.680000 0.620000 0.000000 
0.680000 0.640000 0.000000 
0.680000 0.660000 0.000000 
0.680000 0.680000 0.000000 
0.680000 0.700000 0.000000 
0.680000 0.720000 0.000000 
0.680000 0.740000 0.000000 
0.680000 0.760000 0.000000 
0.680000 0.780000 0.000000 
0.680000 0.800000 0.000000 
0.680000 0.820000 0.000000 
0.680000 0.840000 0.000000 
0.680000 0.860000 0.000000 
0.680000 0.880000 0.000000 
0.680000 0.900000 0.000000 
0.680000 0.920000 0.000000 
0.680000 0.940000 0.000000 
0.680000 0.960000 0.000000 
0.680000 0.980000 0.000000 
0.680000 1.000000 0.000000 
0.700000 0.000000 0.011260 
0.700000 0.020000 0.000005 
0.700000 0.040000 0.000003 
0.700000 0.060000 0.000001 
0.700000 0.080000 0.000001 
0.700000 0.100000 0.000000 
0.700000 0.120000 0.000000 
0.700000 0.140000 0.000000 
0.700000 0.160000 0.000000 
0.700000 0.180000 0.000000 
0.700000 0.200000 0.000000 
0.700000 0.220000 0.000000 
0.700000 0.240000 0.000000 
0.700000 0.260000 0.000000 
0.700000 0.280000 0.000000 
0.700000 0.300000 0.000000 
0.700000 0.320000 0.000000 
0.700000 0.340000 0.000000 
0.700000 0.360000 0.000000 
0.700000 0.380000 0.000000 
0.700000 0.400000 0.000000 
0.700000 0.420000 0.000000 
0.700000 0.440000 0.000000 
0.700000 0.460000 0.000000 
0.700000 0.480000 0.000000 
0.700000 0.500000 0.000000 
0.700000 0.520000 0.000000 
0.700000 0.540000 0.000000 
0.700000 0.560000 0.000000 
0.700000 0.580000 0.000000 
0.700000 0.600000 0.000000 
0.700000 0.620000 0.000000 
0.700000 0.640000 0.000000 
0.700000 0.660000 0.000000 
0.700000 0.680000 0.000000 
0.700000 0.700000 0.000000 
0.700000 0.720000 0.000000 
0.700000 0.740000 0.000000 
0.700000 0.760000 0.000000 
0.700000 0.780000 0.000000 
0.700000 0.800000 0.000000 
0.700000 0.820000 0.000000 
0.700000 0.840000 0.000000 
0.700000 0.860000 0.000000 
0.700000 0.880000 0.000000 
0.700000 0.900000 0.000000 
0.700000 0.920000 0.000000 
0.700000 0.940000 0.000000 
0.700000 0.960000 0.000000 
0.700000 0.980000 0.000000 
0.700000 1.000000 0.000000 
0.720000 0.000000 0.006415 
0.720000 0.020000 0.000003 
0.720000 0.040000 0.000002 
0.720000 0.060000 0.000001 
0.720000 0.080000 0.000000 
0.720000 0.100000 0.000000 
0.720000 0.120000 0.000000 
0.720000 0.140000 0.000000 
0.720000 0.160000 0.000000 
0.720000 0.180000 0.000000 
0.720000 0.200000 0.000000 
0.720000 0.220000 0.000000 
0.720000 0.240000 0.000000 
0.720000 0.260000 0.000000 
0.720000 0.280000 0.000000 
0.720000 0.300000 0.000000 
0.720000 0.320000 0.000000 
0.720000 0.340000 0.000000 
0.720000 0.360000 0.000000 
0.720000 0.380000 0.000000 
0.720000 0.400000 0.000000 
0.720000 0.420000 0.000000 
0.720000 0.440000 0.000000 
0.720000 0.460000 0.000000 
0.720000 0.480000 0.000000 
0.720000 0.500000 0.000000 
0.720000 0.520000 0.000000 
0.720000 0.540000 0.000000 
0.720000 0.560000 0.000000 
0.720000 0.580000 0.000000 
0.720000 0.600000 0.000000 
0.720000 0.620000 0.000000 
0.720000 0.640000 0.000000 
0.720000 0.660000 0.000000 
0.720000 0.680000 0.000000 
0.720000 0.700000 0.000000 
0.720000 0.720000 0.000000 
0.720000 0.740000 0.000000 
0.720000 0.760000 0.000000 
0.720000 0.780000 0.000000 
0.720000 0.800000 0.000000 
0.720000 0.820000 0.000000 
0.720000 0.840000 0.000000 
0.720000 0.860000 0.000000 
0.720000 0.880000 0.000000 
0.720000 0.900000 0.000000 
0.720000 0.920000 0.000000 
0.720000 0.940000 0.000000 
0.720000 0.960000 0.000000 
0.720000 0.980000 0.000000 
0.720000 1.000000 0.000000 
0.740000 0.000000 0.003637 
0.740000 0.020000 0.000001 
0.740000 0.040000 0.000001 
0.740000 0.060000 0.000001 
0.740000 0.080000 0.000000 
0.740000 0.100000 0.000000 
0.740000 0.120000 0.000000 
0.740000 0.140000 0.000000 
0.740000 0.160000 0.000000 
0.740000 0.180000 0.000000 
0.740000 0.200000 0.000000 
0.740000 0.220000 0.000000 
0.740000 0.240000 0.000000 
0.740000 0.260000 0.000000 
0.740000 0.280000 0.000000 
0.740000 0.300000 0.000000 
0.740000 0.320000 0.000000 
0.740000 0.340000 0.000000 
0.740000 0.360000 0.000000 
0.740000 0.380000 0.000000 
0.740000 0.400000 0.000000 
0.740000 0.420000 0.000000 
0.740000 0.440000 0.000000 
0.740000 0.460000 0.000000 
0.740000 0.480000 0.000000 
0.740000 0.500000 0.000000 
0.740000 0.520000 0.000000 
0.740000 0.540000 0.000000 
0.740000 0.560000 0.000000 
0.740000 0.580000 0.000000 
0.740000 0.600000 0.000000 
0.740000 0.620000 0.000000 
0.740000 0.640000 0.000000 
0.740000 0.660000 0.000000 
0.740000 0.680000 0.000000 
0.740000 0.700000 0.000000 
0.740000 0.720000 0.000000 
0.740000 0.740000 0.000000 
0.740000 0.760000 0.000000 
0.740000 0.780000 0.000000 
0.740000 0.800000 0.000000 
0.740000 0.820000 0.000000 
0.740000 0.840000 0.000000 
0.740000 0.860000 0.000000 
0.740000 0.880000 0.000000 
0.740000 0.900000 0.000000 
0.740000 0.920000 0.000000 
0.740000 0.940000 0.000000 
0.740000 0.960000 0.000000 
0.740000 0.980000 0.000000 
0.740000 1.000000 0.000000 
0.760000 0.000000 0.002055 
0.760000 0.020000 0.000001 
0.760000 0.040000 0.000000 
0.760000 0.060000 0.000000 
0.760000 0.080000 0.000000 
0.760000 0.100000 0.000000 
0.760000 0.120000 0.000000 
0.760000 0.140000 0.000000 
0.760000 0.160000 0.000000 
0.760000 0.180000 0.000000 
0.760000 0.200000 0.000000 
0.760000 0.220000 0.000000 
0.760000 0.240000 0.000000 
0.760000 0.260000 0.000000 
0.760000 0.280000 0.000000 
0.760000 0.300000 0.000000 
0.760000 0.320000 0.000000 
0.760000 0.340000 0.000000 
0.760000 0.360000 0.000000 
0.760000 0.380000 0.000000 
0.760000 0.400000 0.000000 
0.760000 0.420000 0.000000 
0.760000 0.440000 0.000000 
0.760000 0.460000 0.000000 
0.760000 0.480000 0.000000 
0.760000 0.500000 0.000000 
0.760000 0.520000 0.000000 
0.760000 0.540000 0.000000 
0.760000 0.560000 0.000000 
0.760000 0.580000 0.000000 
0.760000 0.600000 0.000000 
0.760000 0.620000 0.000000 
0.760000 0.640000 0.000000 
0.760000 0.660000 0.000000 
0.760000 0.680000 0.000000 
0.760000 0.700000 0.000000 
0.760000 0.720000 0.000000 
0.760000 0.740000 0.000000 
0.760000 0.760000 0.000000 
0.760000 0.780000 0.000000 
0.760000 0.800000 0.000000 
0.760000 0.820000 0.000000 
0.760000 0.840000 0.000000 
0.760000 0.860000 0.000000 
0.760000 0.880000 0.000000 
0.760000 0.900000 0.000000 
0.760000 0.920000 0.000000 
0.760000 0.940000 0.000000 
0.760000 0.960000 0.000000 
0.760000 0.980000 0.000000 
0.760000 1.000000 0.000000 
0.780000 0.000000 0.001157 
0.780000 0.020000 0.000000 
0.780000 0.040000 0.000000 
0.780000 0.060000 0.000000 
0.780000 0.080000 0.000000 
0.780000 0.100000 0.000000 
0.780000 0.120000 0.000000 
0.780000 0.140000 0.000000 
0.780000 0.160000 0.000000 
0.780000 0.180000 0.000000 
0.780000 0.200000 0.000000 
0.780000 0.220000 0.000000 
0.780000 0.240000 0.000000 
0.780000 0.260000 0.000000 
0.780000 0.280000 0.000000 
0.780000 0.300000 0.000000 
0.780000 0.320000 0.000000 
0.780000 0.340000 0.000000 
0.780000 0.360000 0.000000 
0.780000 0.380000 0.000000 
0.780000 0.400000 0.000000 
0.780000 0.420000 0.000000 
0.780000 0.440000 0.000000 
0.780000 0.460000 0.000000 
0.780000 0.480000 0.000000 
0.780000 0.500000 0.000000 
0.780000 0.520000 0.000000 
0.780000 0.540000 0.000000 
0.780000 0.560000 0.000000 
0.780000 0.580000 0.000000 
0.780000 0.600000 0.000000 
0.780000 0.620000 0.000000 
0.780000 0.640000 0.000000 
0.780000 0.660000 0.000000 
0.780000 0.680000 0.000000 
0.780000 0.700000 0.000000 
0.780000 0.720000 0.000000 
0.780000 0.740000 0.000000 
0.780000 0.760000 0.000000 
0.780000 0.780000 0.000000 
0.780000 0.800000 0.000000 
0.780000 0.820000 0.000000 
0.780000 0.840000 0.000000 
0.780000 0.860000 0.000000 
0.780000 0.880000 0.000000 
0.780000 0.900000 0.000000 
0.780000 0.920000 0.000000 
0.780000 0.940000 0.000000 
0.780000 0.960000 0.000000 
0.780000 0.980000 0.000000 
0.780000 1.000000 0.000000 
0.800000 0.000000 0.000650 
0.800000 0.020000 0.000000 
0.800000 0.040000 0.000000 
0.800000 0.060000 0.000000 
0.800000 0.080000 0.000000 
0.800000 0.100000 0.000000 
0.800000 0.120000 0.000000 
0.800000 0.140000 0.000000 
0.800000 0.160000 0.000000 
0.800000 0.180000 0.000000 
0.800000 0.200000 0.000000 
0.800000 0.220000 0.000000 
0.800000 0.240000 0.000000 
0.800000 0.260000 0.000000 
0.800000 0.280000 0.000000 
0.800000 0.300000 0.000000 
0.800000 0.320000 0.000000 
0.800000 0.340000 0.000000 
0.800000 0.360000 0.000000 
0.800000 0.380000 0.000000 
0.800000 0.400000 0.000000 
0.800000 0.420000 0.000000 
0.800000 0.440000 0.000000 
0.800000 0.460000 0.000000 
0.800000 0.480000 0.000000 
0.800000 0.500000 0.000000 
0.800000 0.520000 0.000000 
0.800000 0.540000 0.000000 
0.800000 0.560000 0.000000 
0.800000 0.580000 0.000000 
0.800000 0.600000 0.000000 
0.800000 0.620000 0.000000 
0.800000 0.640000 0.000000 
0.800000 0.660000 0.000000 
0.800000 0.680000 0.000000 
0.800000 0.700000 0.000000 
0.800000 0.720000 0.000000 
0.800000 0.740000 0.000000 
0.800000 0.760000 0.000000 
0.800000 0.780000 0.000000 
0.800000 0.800000 0.000000 
0.800000 0.820000 0.000000 
0.800000 0.840000 0.000000 
0.800000 0.860000 0.000000 
0.800000 0.880000 0.000000 
0.800000 0.900000 0.000000 
0.800000 0.920000 0.000000 
0.800000 0.940000 0.000000 
0.800000 0.960000 0.000000 
0.800000 0.980000 0.000000 
0.800000 1.000000 0.000000 
0.820000 0.000000 0.000365 
0.820000 0.020000 0.000000 
0.820000 0.040000 0.000000 
0.820000 0.060000 0.000000 
0.820000 0.080000 0.000000 
0.820000 0.100000 0.000000 
0.820000 0.120000 0.000000 
0.820000 0.140000 0.000000 
0.820000 0.160000 0.000000 
0.820000 0.180000 0.000000 
0.820000 0.200000 0.000000 
0.820000 0.220000 0.000000 
0.820000 0.240000 0.000000 
0.820000 0.260000 0.000000 
0.820000 0.280000 0.000000 
0.820000 0.300000 0.000000 
0.820000 0.320000 0.000000 
0.820000 0.340000 0.000000 
0.820000 0.360000 0.000000 
0.820000 0.380000 0.000000 
0.820000 0.400000 0.000000 
0.820000 0.420000 0.000000 
0.820000 0.440000 0.000000 
0.820000 0.460000 0.000000 
0.820000 0.480000 0.000000 
0.820000 0.500000 0.000000 
0.820000 0.520000 0.000000 
0.820000 0.540000 0.000000 
0.820000 0.560000 0.000000 
0.820000 0.580000 0.000000 
0.820000 0.600000 0.000000 
0.820000 0.620000 0.000000 
0.820000 0.640000 0.000000 
0.820000 0.660000 0.000000 
0.820000 0.680000 0.000000 
0.820000 0.700000 0.000000 
0.820000 0.720000 0.000000 
0.820000 0.740000 0.000000 
0.820000 0.760000 0.000000 
0.820000 0.780000 0.000000 
0.820000 0.800000 0.000000 
0.820000 0.820000 0.000000 
0.820000 0.840000 0.000000 
0.820000 0.860000 0.000000 
0.820000 0.880000 0.000000 
0.820000 0.900000 0.000000 
0.820000 0.920000 0.000000 
0.820000 0.940000 0.000000 
0.820000 0.960000 0.000000 
0.820000 0.980000 0.000000 
0.820000 1.000000 0.000000 
0.840000 0.000000 0.000204 
0.840000 0.020000 0.000000 
0.840000 0.040000 0.000000 
0.840000 0.060000 0.000000 
0.840000 0.080000 0.000000 
0.840000 0.100000 0.000000 
0.840000 0.120000 0.000000 
0.840000 0.140000 0.000000 
0.840000 0.160000 0.000000 
0.840000 0.180000 0.000000 
0.840000 0.200000 0.000000 
0.840000 0.220000 0.000000 
0.840000 0.240000 0.000000 
0.840000 0.260000 0.000000 
0.840000 0.280000 0.000000 
0.840000 0.300000 0.000000 
0.840000 0.320000 0.000000 
0.840000 0.340000 0.000000 
0.840000 0.360000 0.000000 
0.840000 0.380000 0.000000 
0.840000 0.400000 0.000000 
0.840000 0.420000 0.000000 
0.840000 0.440000 0.000000 
0.840000 0.460000 0.000000 
0.840000 0.480000 0.000000 
0.840000 0.500000 0.000000 
0.840000 0.520000 0.000000 
0.840000 0.540000 0.000000 
0.840000 0.560000 0.000000 
0.840000 0.580000 0.000000 
0.840000 0.600000 0.000000 
0.840000 0.620000 0.000000 
0.840000 0.640000 0.000000 
0.840000 0.660000 0.000000 
0.840000 0.680000 0.000000 
0.840000 0.700000 0.000000 
0.840000 0.720000 0.000000 
0.840000 0.740000 0.000000 
0.840000 0.760000 0.000000 
0.840000 0.780000 0.000000 
0.840000 0.800000 0.000000 
0.840000 0.820000 0.000000 
0.840000 0.840000 0.000000 
0.840000 0.860000 0.000000 
0.840000 0.880000 0.000000 
0.840000 0.900000 0.000000 
0.840000 0.920000 0.000000 
0.840000 0.940000 0.000000 
0.840000 0.960000 0.000000 
0.840000 0.980000 0.000000 
0.840000 1.000000 0.000000 
0.860000 0.000000 0.000114 
0.860000 0.020000 0.000000 
0.860000 0.040000 0.000000 
0.860000 0.060000 0.000000 
0.860000 0.080000 0.000000 
0.860000 0.100000 0.000000 
0.860000 0.120000 0.000000 
0.860000 0.140000 0.000000 
0.860000 0.160000 0.000000 
0.860000 0.180000 0.000000 
0.860000 0.200000 0.000000 
0.860000 0.220000 0.000000 
0.860000 0.240000 0.000000 
0.860000 0.260000 0.000000 
0.860000 0.280000 0.000000 
0.860000 0.300000 0.000000 
0.860000 0.320000 0.000000 
0.860000 0.340000 0.000000 
0.860000 0.360000 0.000000 
0.860000 0.380000 0.000000 
0.860000 0.400000 0.000000 
0.860000 0.420000 0.000000 
0.860000 0.440000 0.000000 
0.860000 0.460000 0.000000 
0.860000 0.480000 0.000000 
0.860000 0.500000 0.000000 
0.860000 0.520000 0.000000 
0.860000 0.540000 0.000000 
0.860000 0.560000 0.000000 
0.860000 0.580000 0.000000 
0.860000 0.600000 0.000000 
0.860000 0.620000 0.000000 
0.860000 0.640000 0.000000 
0.860000 0.660000 0.000000 
0.860000 0.680000 0.000000 
0.860000 0.700000 0.000000 
0.860000 0.720000 0.000000 
0.860000 0.740000 0.000000 
0.860000 0.760000 0.000000 
0.860000 0.780000 0.000000 
0.860000 0.800000 0.000000 
0.860000 0.820000 0.000000 
0.860000 0.840000 0.000000 
0.860000 0.860000 0.000000 
0.860000 0.880000 0.000000 
0.860000 0.900000 0.000000 
0.860000 0.920000 0.000000 
0.860000 0.940000 0.000000 
0.860000 0.960000 0.000000 
0.860000 0.980000 0.000000 
0.860000 1.000000 0.000000 
0.880000 0.000000 0.000064 
0.880000 0.020000 0.000000 
0.880000 0.040000 0.000000 
0.880000 0.060000 0.000000 
0.880000 0.080000 0.000000 
0.880000 0.100000 0.000000 
0.880000 0.120000 0.000000 
0.880000 0.140000 0.000000 
0.880000 0.160000 0.000000 
0.880000 0.180000 0.000000 
0.880000 0.200000 0.000000 
0.880000 0.220000 0.000000 
0.880000 0.240000 0.000000 
0.880000 0.260000 0.000000 
0.880000 0.280000 0.000000 
0.880000 0.300000 0.000000 
0.880000 0.320000 0.000000 
0.880000 0.340000 0.000000 
0.880000 0.360000 0.000000 
0.880000 0.380000 0.000000 
0.880000 0.400000 0.000000 
0.880000 0.420000 0.000000 
0.880000 0.440000 0.000000 
0.880000 0.460000 0.000000 
0.880000 0.480000 0.000000 
0.880000 0.500000 0.000000 
0.880000 0.520000 0.000000 
0.880000 0.540000 0.000000 
0.880000 0.560000 0.000000 
0.880000 0.580000 0.000000 
0.880000 0.600000 0.000000 
0.880000 0.620000 0.000000 
0.880000 0.640000 0.000000 
0.880000 0.660000 0.000000 
0.880000 0.680000 0.000000 
0.880000 0.700000 0.000000 
0.880000 0.720000 0.000000 
0.880000 0.740000 0.000000 
0.880000 0.760000 0.000000 
0.880000 0.780000 0.000000 
0.880000 0.800000 0.000000 
0.880000 0.820000 0.000000 
0.880000 0.840000 0.000000 
0.880000 0.860000 0.000000 
0.880000 0.880000 0.000000 
0.880000 0.900000 0.000000 
0.880000 0.920000 0.000000 
0.880000 0.940000 0.000000 
0.880000 0.960000 0.000000 
0.880000 0.980000 0.000000 
0.880000 1.000000 0.000000 
0.900000 0.000000 0.000036 
0.900000 0.020000 0.000000 
0.900000 0.040000 0.000000 
0.900000 0.060000 0.000000 
0.900000 0.080000 0.000000 
0.900000 0.100000 0.000000 
0.900000 0.120000 0.000000 
0.900000 0.140000 0.000000 
0.900000 0.160000 0.000000 
0.900000 0.180000 0.000000 
0.900000 0.200000 0.000000 
0.900000 0.220000 0.000000 
0.900000 0.240000 0.000000 
0.900000 0.260000 0.000000 
0.900000 0.280000 0.000000 
0.900000 0.300000 0.000000 
0.900000 0.320000 0.000000 
0.900000 0.340000 0.000000 
0.900000 0.360000 0.000000 
0.900000 0.380000 0.000000 
0.900000 0.400000 0.000000 
0.900000 0.420000 0.000000 
0.900000 0.440000 0.000000 
0.900000 0.460000 0.000000 
0.900000 0.480000 0.000000 
0.900000 0.500000 0.000000 
0.900000 0.520000 0.000000 
0.900000 0.540000 0.000000 
0.900000 0.560000 0.000000 
0.900000 0.580000 0.000000 
0.900000 0.600000 0.000000 
0.900000 0.620000 0.000000 
0.900000 0.640000 0.000000 
0.900000 0.660000 0.000000 
0.900000 0.680000 0.000000 
0.900000 0.700000 0.000000 
0.900000 0.720000 0.000000 
0.900000 0.740000 0.000000 
0.900000 0.760000 0.000000 
0.900000 0.780000 0.000000 
0.900000 0.800000 0.000000 
0.900000 0.820000 0.000000 
0.900000 0.840000 0.000000 
0.900000 0.860000 0.000000 
0.900000 0.880000 0.000000 
0.900000 0.900000 0.000000 
0.900000 0.920000 0.000000 
0.900000 0.940000 0.000000 
0.900000 0.960000 0.000000 
0.900000 0.980000 0.000000 
0.900000 1.000000 0.000000 
0.920000 0.000000 0.000020 
0.920000 0.020000 0.000000 
0.920000 0.040000 0.000000 
0.920000 0.060000 0.000000 
0.920000 0.080000 0.000000 
0.920000 0.100000 0.000000 
0.920000 0.120000 0.000000 
0.920000 0.140000 0.000000 
0.920000 0.160000 0.000000 
0.920000 0.180000 0.000000 
0.920000 0.200000 0.000000 
0.920000 0.220000 0.000000 
0.920000 0.240000 0.000000 
0.920000 0.260000 0.000000 
0.920000 0.280000 0.000000 
0.920000 0.300000 0.000000 
0.920000 0.320000 0.000000 
0.920000 0.340000 0.000000 
0.920000 0.360000 0.000000 
0.920000 0.380000 0.000000 
0.920000 0.400000 0.000000 
0.920000 0.420000 0.000000 
0.920000 0.440000 0.000000 
0.920000 0.460000 0.000000 
0.920000 0.480000 0.000000 
0.920000 0.500000 0.000000 
0.920000 0.520000 0.000000 
0.920000 0.540000 0.000000 
0.920000 0.560000 0.000000 
0.920000 0.580000 0.000000 
0.920000 0.600000 0.000000 
0.920000 0.620000 0.000000 
0.920000 0.640000 0.000000 
0.920000 0.660000 0.000000 
0.920000 0.680000 0.000000 
0.920000 0.700000 0.000000 
0.920000 0.720000 0.000000 
0.920000 0.740000 0.000000 
0.920000 0.760000 0.000000 
0.920000 0.780000 0.000000 
0.920000 0.800000 0.000000 
0.920000 0.820000 0.000000 
0.920000 0.840000 0.000000 
0.920000 0.860000 0.000000 
0.920000 0.880000 0.000000 
0.920000 0.900000 0.000000 
0.920000 0.920000 0.000000 
0.920000 0.940000 0.000000 
0.920000 0.960000 0.000000 
0.920000 0.980000 0.000000 
0.920000 1.000000 0.000000 
0.940000 0.000000 0.000011 
0.940000 0.020000 0.000000 
0.940000 0.040000 0.000000 
0.940000 0.060000 0.000000 
0.940000 0.080000 0.000000 
0.940000 0.100000 0.000000 
0.940000 0.120000 0.000000 
0.940000 0.140000 0.000000 
0.940000 0.160000 0.000000 
0.940000 0.180000 0.000000 
0.940000 0.200000 0.000000 
0.940000 0.220000 0.000000 
0.940000 0.240000 0.000000 
0.940000 0.260000 0.000000 
0.940000 0.280000 0.000000 
0.940000 0.300000 0.000000 
0.940000 0.320000 0.000000 
0.940000 0.340000 0.000000 
0.940000 0.360000 0.000000 
0.940000 0.380000 0.000000 
0.940000 0.400000 0.000000 
0.940000 0.420000 0.000000 
0.940000 0.440000 0.000000 
0.940000 0.460000 0.000000 
0.940000 0.480000 0.000000 
0.940000 0.500000 0.000000 
0.940000 0.520000 0.000000 
0.940000 0.540000 0.000000 
0.940000 0.560000 0.000000 
0.940000 0.580000 0.000000 
0.940000 0.600000 0.000000 
0.940000 0.620000 0.000000 
0.940000 0.640000 0.000000 
0.940000 0.660000 0.000000 
0.940000 0.680000 0.000000 
0.940000 0.700000 0.000000 
0.940000 0.720000 0.000000 
0.940000 0.740000 0.000000 
0.940000 0.760000 0.000000 
0.940000 0.780000 0.000000 
0.940000 0.800000 0.000000 
0.940000 0.820000 0.000000 
0.940000 0.840000 0.000000 
0.940000 0.860000 0.000000 
0.940000 0.880000 0.000000 
0.940000 0.900000 0.000000 
0.940000 0.920000 0.000000 
0.940000 0.940000 0.000000 
0.940000 0.960000 0.000000 
0.940000 0.980000 0.000000 
0.940000 1.000000 0.000000 
0.960000 0.000000 0.000005 
0.960000 0.020000 0.000000 
0.960000 0.040000 0.000000 
0.960000 0.060000 0.000000 
0.960000 0.080000 0.000000 
0.960000 0.100000 0.000000 
0.960000 0.120000 0.000000 
0.960000 0.140000 0.000000 
0.960000 0.160000 0.000000 
0.960000 0.180000 0.000000 
0.960000 0.200000 0.000000 
0.960000 0.220000 0.000000 
0.960000 0.240000 0.000000 
0.960000 0.260000 0.000000 
0.960000 0.280000 0.000000 
0.960000 0.300000 0.000000 
0.960000 0.320000 0.000000 
0.960000 0.340000 0.000000 
0.960000 0.360000 0.000000 
0.960000 0.380000 0.000000 
0.960000 0.400000 0.000000 
0.960000 0.420000 0.000000 
0.960000 0.440000 0.000000 
0.960000 0.460000 0.000000 
0.960000 0.480000 0.000000 
0.960000 0.500000 0.000000 
0.960000 0.520000 0.000000 
0.960000 0.540000 0.000000 
0.960000 0.560000 0.000000 
0.960000 0.580000 0.000000 
0.960000 0.600000 0.000000 
0.960000 0.620000 0.000000 
0.960000 0.640000 0.000000 
0.960000 0.660000 0.000000 
0.960000 0.680000 0.000000 
0.960000 0.700000 0.000000 
0.960000 0.720000 0.000000 
0.960000 0.740000 0.000000 
0.960000 0.760000 0.000000 
0.960000 0.780000 0.000000 
0.960000 0.800000 0.000000 
0.960000 0.820000 0.000000 
0.960000 0.840000 0.000000 
0.960000 0.860000 0.000000 
0.960000 0.880000 0.000000 
0.960000 0.900000 0.000000 
0.960000 0.920000 0.000000 
0.960000 0.940000 0.000000 
0.960000 0.960000 0.000000 
0.960000 0.980000 0.000000 
0.960000 1.000000 0.000000 
0.980000 0.000000 0.000002 
0.980000 0.020000 0.000000 
0.980000 0.040000 0.000000 
0.980000 0.060000 0.000000 
0.980000 0.080000 0.000000 
0.980000 0.100000 0.000000 
0.980000 0.120000 0.000000 
0.980000 0.140000 0.000000 
0.980000 0.160000 0.000000 
0.980000 0.180000 0.000000 
0.980000 0.200000 0.000000 
0.980000 0.220000 0.000000 
0.980000 0.240000 0.000000 
0.980000 0.260000 0.000000 
0.980000 0.280000 0.000000 
0.980000 0.300000 0.000000 
0.980000 0.320000 0.000000 
0.980000 0.340000 0.000000 
0.980000 0.360000 0.000000 
0.980000 0.380000 0.000000 
0.980000 0.400000 0.000000 
0.980000 0.420000 0.000000 
0.980000 0.440000 0.000000 
0.980000 0.460000 0.000000 
0.980000 0.480000 0.000000 
0.980000 0.500000 0.000000 
0.980000 0.520000 0.000000 
0.980000 0.540000 0.000000 
0.980000 0.560000 0.000000 
0.980000 0.580000 0.000000 
0.980000 0.600000 0.000000 
0.980000 0.620000 0.000000 
0.980000 0.640000 0.000000 
0.980000 0.660000 0.000000 
0.980000 0.680000 0.000000 
0.980000 0.700000 0.000000 
0.980000 0.720000 0.000000 
0.980000 0.740000 0.000000 
0.980000 0.760000 0.000000 
0.980000 0.780000 0.000000 
0.980000 0.800000 0.000000 
0.980000 0.820000 0.000000 
0.980000 0.840000 0.000000 
0.980000 0.860000 0.000000 
0.980000 0.880000 0.000000 
0.980000 0.900000 0.000000 
0.980000 0.920000 0.000000 
0.980000 0.940000 0.000000 
0.980000 0.960000 0.000000 
0.980000 0.980000 0.000000 
0.980000 1.000000 0.000000 
1.000000 0.000000 0.000000 
1.000000 0.020000 0.000002 
1.000000 0.040000 0.000002 
1.000000 0.060000 0.000001 
1.000000 0.080000 0.000001 
1.000000 0.100000 0.000001 
1.000000 0.120000 0.000000 
1.000000 0.140000 0.000000 
1.000000 0.160000 0.000000 
1.000000 0.180000 0.000000 
1.000000 0.200000 0.000000 
1.000000 0.220000 0.000000 
1.000000 0.240000 0.000000 
1.000000 0.260000 0.000000 
1.000000 0.280000 0.000000 
1.000000 0.300000 0.000000 
1.000000 0.320000 0.000000 
1.000000 0.340000 0.000000 
1.000000 0.360000 0.000000 
1.000000 0.380000 0.000000 
1.000000 0.400000 0.000000 
1.000000 0.420000 0.000000 
1.000000 0.440000 0.000000 
1.000000 0.460000 0.000000 
1.000000 0.480000 0.000000 
1.000000 0.500000 0.000000 
1.000000 0.520000 0.000000 
1.000000 0.540000 0.000000 
1.000000 0.560000 0.000000 
1.000000 0.580000 0.000000 
1.000000 0.600000 0.000000 
1.000000 0.620000 0.000000 
1.000000 0.640000 0.000000 
1.000000 0.660000 0.000000 
1.000000 0.680000 0.000000 
1.000000 0.700000 0.000000 
1.000000 0.720000 0.000000 
1.000000 0.740000 0.000000 
1.000000 0.760000 0.000000 
1.000000 0.780000 0.000000 
1.000000 0.800000 0.000000 
1.000000 0.820000 0.000000 
1.000000 0.840000 0.000000 
1.000000 0.860000 0.000000 
1.000000 0.880000 0.000000 
1.000000 0.900000 0.000000 
1.000000 0.920000 0.000000 
1.000000 0.940000 0.000000 
1.000000 0.960000 0.000000 
1.000000 0.980000 0.000000 
1.000000 1.000000 0.000000 
